Time - Plot 0	Pulses/s - Plot 0	Time - Plot 1	Pulses/s - Plot 1	
0	0	0	0	
1	0	1	0	
2	0	2	0	
3	0	3	0	
4	0	4	0	
5	0	5	0	
6	0	6	0	
7	0	7	0	
8	0	8	0	
9	0	9	0	
10	0	10	0	
11	0	11	0	
12	0	12	0	
13	0	13	0	
14	0	14	0	
15	0	15	0	
16	0	16	0	
17	0	17	0	
18	0	18	0	
19	0	19	0	
20	0	20	0	
21	0	21	0	
22	0	22	0	
23	0	23	0	
24	0	24	0	
25	0	25	0	
26	0	26	0	
27	0	27	0	
28	0	28	0	
29	0	29	0	
30	0	30	0	
31	0	31	0	
32	0	32	0	
33	0	33	0	
34	0	34	0	
35	0	35	0	
36	0	36	0	
37	0	37	0	
38	0	38	0	
39	0	39	0	
40	0	40	0	
41	0	41	0	
42	0	42	0	
43	0	43	0	
44	0	44	0	
45	1	45	0	
46	0	46	0	
47	1	47	0	
48	1	48	0	
49	2	49	0	
50	2	50	0	
51	3	51	0	
52	2	52	0	
53	3	53	0	
54	4	54	0	
55	3	55	0	
56	4	56	0	
57	4	57	0	
58	5	58	0	
59	4	59	0	
60	5	60	0	
61	6	61	0	
62	6	62	0	
63	6	63	0	
64	7	64	0	
65	7	65	0	
66	8	66	0	
67	8	67	0	
68	8	68	0	
69	9	69	0	
70	10	70	0	
71	9	71	0	
72	10	72	0	
73	10	73	0	
74	10	74	0	
75	9	75	0	
76	10	76	0	
77	10	77	0	
78	9	78	0	
79	10	79	0	
80	10	80	0	
81	10	81	0	
82	9	82	0	
83	10	83	0	
84	10	84	0	
85	10	85	0	
86	9	86	1	
87	10	87	4	
88	10	88	6	
89	9	89	5	
90	10	90	6	
91	10	91	7	
92	10	92	6	
93	9	93	7	
94	10	94	6	
95	10	95	7	
96	10	96	7	
97	9	97	7	
98	10	98	7	
99	10	99	7	
100	10	100	8	
101	10	101	7	
102	10	102	8	
103	9	103	8	
104	10	104	9	
105	10	105	10	
106	10	106	10	
107	10	107	10	
108	10	108	10	
109	9	109	9	
110	10	110	10	
111	10	111	10	
112	10	112	10	
113	10	113	10	
114	10	114	9	
115	10	115	10	
116	10	116	10	
117	9	117	10	
118	10	118	10	
119	10	119	10	
120	10	120	9	
121	10	121	10	
122	10	122	10	
123	10	123	10	
124	10	124	10	
125	9	125	9	
126	10	126	10	
127	10	127	10	
128	10	128	10	
129	10	129	10	
130	10	130	10	
131	10	131	9	
132	10	132	10	
133	10	133	10	
134	9	134	10	
135	10	135	9	
136	10	136	10	
137	10	137	10	
138	10	138	10	
139	10	139	10	
140	10	140	9	
141	10	141	10	
142	10	142	10	
143	10	143	10	
144	10	144	10	
145	10	145	9	
146	10	146	10	
147	10	147	10	
148	10	148	10	
149	10	149	9	
150	11	150	10	
151	10	151	10	
152	10	152	10	
153	10	153	10	
154	10	154	9	
155	10	155	10	
156	10	156	10	
157	10	157	10	
158	10	158	9	
159	10	159	10	
160	10	160	10	
161	10	161	10	
162	10	162	9	
163	10	163	10	
164	11	164	10	
165	10	165	10	
166	10	166	9	
167	10	167	10	
168	10	168	10	
169	10	169	10	
170	10	170	9	
171	10	171	10	
172	10	172	10	
173	10	173	10	
174	10	174	9	
175	10	175	10	
176	11	176	10	
177	10	177	10	
178	10	178	9	
179	10	179	10	
180	10	180	10	
181	10	181	10	
182	10	182	9	
183	10	183	10	
184	10	184	10	
185	10	185	10	
186	11	186	9	
187	10	187	10	
188	10	188	10	
189	10	189	10	
190	10	190	9	
191	10	191	10	
192	10	192	10	
193	10	193	10	
194	10	194	9	
195	10	195	10	
196	11	196	10	
197	10	197	10	
198	10	198	9	
199	10	199	10	
200	10	200	10	
201	10	201	10	
202	10	202	9	
203	10	203	10	
204	10	204	10	
205	10	205	10	
206	10	206	9	
207	10	207	10	
208	10	208	10	
209	11	209	10	
210	10	210	10	
211	10	211	9	
212	10	212	10	
213	10	213	10	
214	10	214	10	
215	10	215	10	
216	10	216	9	
217	10	217	10	
218	10	218	10	
219	10	219	9	
220	10	220	10	
221	10	221	10	
222	10	222	10	
223	10	223	10	
224	11	224	9	
225	10	225	10	
226	10	226	10	
227	10	227	10	
228	10	228	9	
229	10	229	10	
230	10	230	10	
231	10	231	10	
232	10	232	9	
233	10	233	10	
234	10	234	10	
235	11	235	10	
236	10	236	9	
237	10	237	10	
238	10	238	10	
239	10	239	10	
240	10	240	10	
241	10	241	10	
242	11	242	10	
243	10	243	11	
244	10	244	10	
245	10	245	10	
246	10	246	10	
247	10	247	10	
248	10	248	11	
249	10	249	10	
250	10	250	10	
251	11	251	11	
252	10	252	10	
253	10	253	11	
254	10	254	10	
255	10	255	10	
256	10	256	11	
257	10	257	10	
258	10	258	10	
259	11	259	11	
260	10	260	10	
261	10	261	10	
262	10	262	11	
263	10	263	10	
264	10	264	10	
265	10	265	11	
266	10	266	10	
267	10	267	10	
268	10	268	11	
269	10	269	10	
270	11	270	10	
271	10	271	10	
272	10	272	11	
273	10	273	10	
274	10	274	10	
275	10	275	11	
276	10	276	10	
277	10	277	10	
278	10	278	11	
279	10	279	10	
280	11	280	10	
281	10	281	11	
282	10	282	10	
283	10	283	10	
284	10	284	10	
285	10	285	11	
286	10	286	10	
287	10	287	10	
288	10	288	11	
289	11	289	10	
290	10	290	10	
291	9	291	10	
292	11	292	11	
293	10	293	10	
294	10	294	10	
295	10	295	11	
296	10	296	10	
297	10	297	10	
298	10	298	11	
299	10	299	10	
300	10	300	10	
301	10	301	11	
302	10	302	10	
303	10	303	10	
304	10	304	10	
305	10	305	11	
306	10	306	10	
307	11	307	10	
308	10	308	11	
309	10	309	10	
310	10	310	10	
311	10	311	11	
312	10	312	10	
313	10	313	10	
314	10	314	10	
315	10	315	11	
316	10	316	10	
317	10	317	11	
318	10	318	10	
319	10	319	10	
320	10	320	10	
321	10	321	11	
322	11	322	10	
323	10	323	10	
324	10	324	11	
325	10	325	10	
326	10	326	10	
327	10	327	10	
328	10	328	11	
329	10	329	10	
330	10	330	10	
331	10	331	11	
332	10	332	10	
333	10	333	10	
334	10	334	11	
335	11	335	10	
336	10	336	10	
337	10	337	10	
338	10	338	11	
339	10	339	10	
340	10	340	10	
341	10	341	11	
342	10	342	10	
343	10	343	10	
344	10	344	11	
345	10	345	10	
346	10	346	10	
347	10	347	10	
348	10	348	11	
349	10	349	10	
350	10	350	10	
351	11	351	11	
352	10	352	10	
353	10	353	10	
354	10	354	10	
355	10	355	11	
356	10	356	10	
357	10	357	10	
358	10	358	11	
359	10	359	10	
360	10	360	10	
361	10	361	11	
362	10	362	10	
363	10	363	10	
364	10	364	11	
365	10	365	10	
366	10	366	10	
367	10	367	11	
368	10	368	10	
369	11	369	10	
370	10	370	10	
371	10	371	11	
372	10	372	10	
373	10	373	10	
374	10	374	11	
375	10	375	10	
376	10	376	10	
377	10	377	11	
378	10	378	10	
379	10	379	10	
380	10	380	10	
381	10	381	11	
382	10	382	10	
383	10	383	10	
384	10	384	11	
385	10	385	10	
386	10	386	10	
387	10	387	11	
388	10	388	10	
389	10	389	10	
390	10	390	10	
391	10	391	11	
392	10	392	10	
393	10	393	10	
394	10	394	11	
395	10	395	10	
396	10	396	10	
397	11	397	10	
398	10	398	11	
399	9	399	10	
400	10	400	10	
401	10	401	11	
402	10	402	10	
403	10	403	10	
404	10	404	10	
405	10	405	11	
406	10	406	10	
407	10	407	10	
408	10	408	11	
409	11	409	10	
410	10	410	10	
411	10	411	11	
412	10	412	10	
413	10	413	10	
414	10	414	11	
415	10	415	10	
416	10	416	10	
417	10	417	10	
418	10	418	11	
419	9	419	10	
420	11	420	10	
421	9	421	11	
422	10	422	10	
423	10	423	10	
424	10	424	10	
425	10	425	11	
426	10	426	10	
427	10	427	10	
428	10	428	11	
429	10	429	10	
430	10	430	10	
431	10	431	10	
432	10	432	11	
433	10	433	10	
434	10	434	10	
435	10	435	11	
436	10	436	10	
437	10	437	10	
438	10	438	10	
439	10	439	11	
440	10	440	10	
441	10	441	10	
442	10	442	11	
443	10	443	10	
444	11	444	10	
445	9	445	11	
446	11	446	10	
447	10	447	10	
448	10	448	11	
449	9	449	10	
450	11	450	10	
451	9	451	10	
452	10	452	11	
453	10	453	10	
454	10	454	10	
455	10	455	10	
456	10	456	11	
457	10	457	10	
458	10	458	10	
459	10	459	11	
460	10	460	10	
461	10	461	10	
462	10	462	11	
463	10	463	10	
464	10	464	11	
465	10	465	10	
466	10	466	11	
467	10	467	10	
468	10	468	10	
469	10	469	11	
470	10	470	10	
471	10	471	11	
472	10	472	10	
473	10	473	11	
474	10	474	11	
475	10	475	10	
476	10	476	11	
477	10	477	11	
478	10	478	10	
479	10	479	11	
480	10	480	11	
481	10	481	10	
482	10	482	11	
483	10	483	10	
484	10	484	11	
485	10	485	11	
486	10	486	10	
487	10	487	11	
488	10	488	11	
489	10	489	10	
490	10	490	11	
491	10	491	11	
492	10	492	10	
493	10	493	11	
494	10	494	11	
495	10	495	10	
496	10	496	11	
497	10	497	11	
498	10	498	10	
499	10	499	11	
500	9	500	11	
501	10	501	11	
502	10	502	10	
503	10	503	11	
504	10	504	11	
505	10	505	11	
506	10	506	10	
507	10	507	11	
508	10	508	11	
509	10	509	11	
510	10	510	10	
511	10	511	11	
512	10	512	11	
513	10	513	11	
514	10	514	10	
515	10	515	11	
516	10	516	11	
517	10	517	10	
518	10	518	11	
519	10	519	10	
520	10	520	11	
521	10	521	11	
522	10	522	10	
523	10	523	11	
524	10	524	11	
525	10	525	10	
526	10	526	11	
527	10	527	11	
528	10	528	10	
529	10	529	11	
530	10	530	11	
531	10	531	10	
532	10	532	11	
533	10	533	11	
534	10	534	10	
535	10	535	11	
536	9	536	11	
537	10	537	10	
538	10	538	11	
539	10	539	11	
540	10	540	10	
541	10	541	11	
542	10	542	11	
543	10	543	10	
544	10	544	11	
545	10	545	11	
546	10	546	10	
547	10	547	11	
548	10	548	10	
549	10	549	11	
550	10	550	11	
551	10	551	11	
552	9	552	10	
553	10	553	11	
554	10	554	11	
555	10	555	11	
556	10	556	10	
557	10	557	11	
558	10	558	11	
559	10	559	11	
560	10	560	10	
561	10	561	11	
562	10	562	11	
563	10	563	11	
564	10	564	10	
565	10	565	11	
566	10	566	11	
567	10	567	11	
568	9	568	10	
569	10	569	11	
570	10	570	11	
571	10	571	11	
572	10	572	10	
573	10	573	11	
574	10	574	11	
575	10	575	10	
576	10	576	11	
577	10	577	11	
578	10	578	11	
579	10	579	10	
580	10	580	11	
581	10	581	11	
582	10	582	11	
583	10	583	10	
584	10	584	11	
585	9	585	11	
586	10	586	10	
587	10	587	11	
588	10	588	11	
589	10	589	11	
590	10	590	10	
591	10	591	11	
592	10	592	11	
593	10	593	11	
594	10	594	10	
595	10	595	11	
596	10	596	11	
597	10	597	11	
598	10	598	10	
599	10	599	11	
600	10	600	11	
601	10	601	10	
602	10	602	11	
603	9	603	11	
604	10	604	11	
605	10	605	10	
606	10	606	11	
607	10	607	11	
608	10	608	11	
609	10	609	10	
610	10	610	11	
611	10	611	11	
612	10	612	11	
613	10	613	10	
614	10	614	11	
615	10	615	11	
616	10	616	11	
617	10	617	10	
618	10	618	11	
619	9	619	11	
620	10	620	11	
621	10	621	10	
622	10	622	11	
623	10	623	11	
624	10	624	11	
625	10	625	10	
626	10	626	11	
627	10	627	11	
628	10	628	11	
629	9	629	10	
630	10	630	11	
631	10	631	11	
632	10	632	11	
633	10	633	10	
634	10	634	11	
635	10	635	11	
636	10	636	11	
637	10	637	11	
638	10	638	10	
639	10	639	11	
640	10	640	11	
641	9	641	11	
642	10	642	11	
643	10	643	11	
644	10	644	11	
645	10	645	11	
646	10	646	11	
647	10	647	11	
648	10	648	11	
649	10	649	11	
650	9	650	11	
651	10	651	10	
652	10	652	11	
653	10	653	11	
654	10	654	11	
655	10	655	11	
656	10	656	11	
657	10	657	11	
658	10	658	11	
659	10	659	11	
660	9	660	11	
661	10	661	11	
662	10	662	11	
663	10	663	11	
664	10	664	11	
665	10	665	11	
666	10	666	11	
667	10	667	11	
668	10	668	11	
669	9	669	10	
670	10	670	11	
671	10	671	11	
672	10	672	11	
673	10	673	11	
674	10	674	11	
675	10	675	11	
676	10	676	11	
677	9	677	11	
678	10	678	11	
679	10	679	11	
680	10	680	11	
681	10	681	11	
682	10	682	11	
683	10	683	11	
684	10	684	11	
685	10	685	11	
686	10	686	11	
687	10	687	11	
688	9	688	10	
689	10	689	11	
690	10	690	11	
691	10	691	11	
692	10	692	11	
693	10	693	11	
694	10	694	11	
695	9	695	11	
696	10	696	11	
697	10	697	11	
698	10	698	11	
699	10	699	11	
700	10	700	11	
701	10	701	11	
702	10	702	11	
703	9	703	11	
704	10	704	11	
705	10	705	11	
706	10	706	11	
707	10	707	11	
708	10	708	11	
709	10	709	11	
710	9	710	11	
711	10	711	11	
712	10	712	11	
713	10	713	10	
714	10	714	11	
715	10	715	11	
716	10	716	11	
717	9	717	11	
718	10	718	11	
719	10	719	11	
720	10	720	11	
721	10	721	11	
722	10	722	11	
723	10	723	11	
724	10	724	11	
725	9	725	11	
726	10	726	11	
727	10	727	11	
728	10	728	11	
729	10	729	11	
730	10	730	11	
731	10	731	11	
732	9	732	11	
733	10	733	10	
734	10	734	11	
735	10	735	11	
736	10	736	11	
737	10	737	11	
738	9	738	11	
739	10	739	11	
740	10	740	11	
741	10	741	11	
742	10	742	11	
743	10	743	11	
744	10	744	11	
745	9	745	11	
746	10	746	11	
747	10	747	11	
748	10	748	11	
749	10	749	11	
750	10	750	10	
751	9	751	11	
752	10	752	11	
753	10	753	11	
754	10	754	11	
755	10	755	11	
756	10	756	11	
757	9	757	11	
758	10	758	11	
759	10	759	11	
760	10	760	11	
761	10	761	11	
762	10	762	11	
763	10	763	11	
764	9	764	11	
765	10	765	11	
766	10	766	11	
767	10	767	11	
768	10	768	10	
769	10	769	11	
770	9	770	11	
771	10	771	11	
772	10	772	11	
773	10	773	11	
774	10	774	11	
775	10	775	11	
776	9	776	11	
777	10	777	11	
778	10	778	11	
779	10	779	11	
780	10	780	11	
781	9	781	11	
782	10	782	11	
783	10	783	11	
784	10	784	10	
785	10	785	11	
786	10	786	11	
787	10	787	11	
788	9	788	11	
789	10	789	11	
790	10	790	11	
791	10	791	11	
792	9	792	11	
793	10	793	11	
794	10	794	11	
795	10	795	11	
796	10	796	11	
797	10	797	11	
798	9	798	11	
799	10	799	11	
800	10	800	11	
801	10	801	11	
802	10	802	11	
803	10	803	11	
804	9	804	11	
805	10	805	11	
806	10	806	11	
807	10	807	11	
808	10	808	10	
809	10	809	11	
810	10	810	11	
811	9	811	11	
812	10	812	11	
813	10	813	11	
814	10	814	11	
815	10	815	11	
816	10	816	11	
817	9	817	11	
818	10	818	11	
819	10	819	11	
820	10	820	11	
821	10	821	11	
822	10	822	11	
823	9	823	11	
824	10	824	11	
825	10	825	10	
826	10	826	11	
827	10	827	11	
828	10	828	11	
829	9	829	11	
830	10	830	11	
831	10	831	11	
832	10	832	11	
833	10	833	11	
834	9	834	11	
835	10	835	11	
836	10	836	11	
837	10	837	11	
838	10	838	11	
839	10	839	11	
840	9	840	11	
841	10	841	11	
842	10	842	11	
843	10	843	10	
844	10	844	11	
845	9	845	11	
846	10	846	11	
847	10	847	11	
848	10	848	11	
849	10	849	11	
850	10	850	11	
851	9	851	11	
852	10	852	11	
853	10	853	11	
854	10	854	11	
855	10	855	11	
856	10	856	11	
857	9	857	11	
858	10	858	10	
859	10	859	11	
860	10	860	11	
861	10	861	11	
862	10	862	11	
863	9	863	11	
864	10	864	11	
865	10	865	11	
866	10	866	11	
867	10	867	11	
868	9	868	11	
869	10	869	11	
870	10	870	11	
871	10	871	11	
872	10	872	11	
873	10	873	11	
874	9	874	11	
875	10	875	11	
876	10	876	11	
877	10	877	10	
878	10	878	11	
879	9	879	11	
880	10	880	11	
881	10	881	11	
882	10	882	11	
883	10	883	11	
884	9	884	11	
885	10	885	11	
886	10	886	11	
887	10	887	11	
888	10	888	10	
889	9	889	11	
890	10	890	11	
891	10	891	11	
892	10	892	11	
893	10	893	11	
894	9	894	11	
895	10	895	11	
896	10	896	11	
897	10	897	10	
898	10	898	11	
899	10	899	11	
900	9	900	11	
901	10	901	11	
902	10	902	11	
903	10	903	11	
904	9	904	10	
905	10	905	11	
906	10	906	11	
907	10	907	11	
908	10	908	11	
909	9	909	11	
910	10	910	11	
911	10	911	11	
912	10	912	11	
913	10	913	10	
914	9	914	11	
915	10	915	11	
916	10	916	11	
917	10	917	11	
918	10	918	11	
919	9	919	11	
920	10	920	11	
921	10	921	10	
922	10	922	11	
923	10	923	11	
924	9	924	11	
925	10	925	11	
926	10	926	11	
927	10	927	11	
928	10	928	10	
929	9	929	11	
930	10	930	11	
931	10	931	11	
932	10	932	11	
933	9	933	11	
934	10	934	11	
935	10	935	11	
936	10	936	10	
937	10	937	11	
938	9	938	11	
939	10	939	11	
940	10	940	11	
941	10	941	11	
942	10	942	11	
943	9	943	11	
944	10	944	10	
945	10	945	11	
946	10	946	11	
947	10	947	11	
948	9	948	11	
949	10	949	11	
950	10	950	11	
951	10	951	10	
952	9	952	11	
953	10	953	11	
954	10	954	11	
955	10	955	11	
956	10	956	11	
957	9	957	11	
958	10	958	10	
959	10	959	11	
960	10	960	11	
961	10	961	11	
962	9	962	11	
963	10	963	11	
964	10	964	11	
965	10	965	11	
966	10	966	11	
967	9	967	11	
968	10	968	10	
969	10	969	11	
970	10	970	11	
971	9	971	11	
972	10	972	11	
973	10	973	11	
974	10	974	10	
975	10	975	11	
976	9	976	11	
977	10	977	11	
978	10	978	11	
979	10	979	11	
980	9	980	10	
981	10	981	11	
982	10	982	11	
983	10	983	11	
984	9	984	11	
985	10	985	11	
986	10	986	10	
987	10	987	11	
988	10	988	11	
989	9	989	11	
990	10	990	11	
991	10	991	11	
992	10	992	11	
993	9	993	10	
994	10	994	11	
995	10	995	11	
996	10	996	11	
997	10	997	11	
998	9	998	10	
999	10	999	11	
1000	10	1000	11	
1001	10	1001	11	
1002	9	1002	11	
1003	10	1003	11	
1004	10	1004	10	
1005	10	1005	11	
1006	10	1006	11	
1007	9	1007	11	
1008	10	1008	11	
1009	10	1009	11	
1010	10	1010	11	
1011	10	1011	10	
1012	9	1012	11	
1013	10	1013	11	
1014	10	1014	11	
1015	10	1015	11	
1016	9	1016	11	
1017	10	1017	11	
1018	10	1018	10	
1019	10	1019	11	
1020	9	1020	11	
1021	10	1021	11	
1022	10	1022	11	
1023	10	1023	11	
1024	10	1024	10	
1025	9	1025	11	
1026	10	1026	11	
1027	10	1027	11	
1028	10	1028	11	
1029	9	1029	11	
1030	10	1030	11	
1031	10	1031	11	
1032	10	1032	10	
1033	9	1033	11	
1034	10	1034	11	
1035	10	1035	11	
1036	10	1036	11	
1037	9	1037	11	
1038	10	1038	11	
1039	10	1039	10	
1040	10	1040	11	
1041	9	1041	11	
1042	10	1042	11	
1043	10	1043	11	
1044	10	1044	11	
1045	9	1045	10	
1046	10	1046	11	
1047	10	1047	11	
1048	10	1048	11	
1049	9	1049	11	
1050	10	1050	11	
1051	10	1051	11	
1052	10	1052	10	
1053	9	1053	11	
1054	10	1054	11	
1055	10	1055	11	
1056	10	1056	11	
1057	9	1057	11	
1058	10	1058	11	
1059	10	1059	10	
1060	10	1060	11	
1061	9	1061	11	
1062	10	1062	11	
1063	10	1063	11	
1064	10	1064	11	
1065	9	1065	11	
1066	10	1066	10	
1067	10	1067	11	
1068	10	1068	11	
1069	10	1069	11	
1070	9	1070	11	
1071	10	1071	11	
1072	10	1072	11	
1073	10	1073	10	
1074	9	1074	11	
1075	10	1075	11	
1076	10	1076	11	
1077	10	1077	11	
1078	9	1078	11	
1079	10	1079	11	
1080	10	1080	11	
1081	10	1081	10	
1082	10	1082	11	
1083	9	1083	11	
1084	10	1084	11	
1085	10	1085	11	
1086	10	1086	11	
1087	9	1087	10	
1088	10	1088	11	
1089	10	1089	11	
1090	10	1090	11	
1091	9	1091	11	
1092	10	1092	11	
1093	10	1093	11	
1094	10	1094	10	
1095	9	1095	11	
1096	10	1096	11	
1097	10	1097	11	
1098	10	1098	11	
1099	9	1099	11	
1100	10	1100	11	
1101	10	1101	10	
1102	10	1102	11	
1103	9	1103	11	
1104	10	1104	11	
1105	10	1105	11	
1106	10	1106	11	
1107	9	1107	11	
1108	10	1108	10	
1109	10	1109	11	
1110	10	1110	11	
1111	9	1111	11	
1112	10	1112	11	
1113	10	1113	11	
1114	10	1114	10	
1115	9	1115	11	
1116	10	1116	11	
1117	10	1117	11	
1118	10	1118	11	
1119	9	1119	11	
1120	10	1120	11	
1121	10	1121	11	
1122	10	1122	10	
1123	9	1123	11	
1124	10	1124	11	
1125	10	1125	11	
1126	9	1126	11	
1127	10	1127	11	
1128	10	1128	10	
1129	10	1129	11	
1130	9	1130	11	
1131	10	1131	11	
1132	10	1132	11	
1133	10	1133	11	
1134	9	1134	11	
1135	10	1135	11	
1136	10	1136	10	
1137	9	1137	11	
1138	10	1138	11	
1139	10	1139	11	
1140	10	1140	11	
1141	9	1141	11	
1142	10	1142	10	
1143	10	1143	11	
1144	9	1144	11	
1145	10	1145	11	
1146	10	1146	11	
1147	10	1147	11	
1148	10	1148	11	
1149	9	1149	10	
1150	10	1150	11	
1151	10	1151	11	
1152	10	1152	11	
1153	9	1153	11	
1154	10	1154	11	
1155	10	1155	10	
1156	10	1156	11	
1157	9	1157	11	
1158	10	1158	11	
1159	10	1159	11	
1160	10	1160	11	
1161	9	1161	11	
1162	10	1162	10	
1163	10	1163	11	
1164	9	1164	11	
1165	10	1165	11	
1166	10	1166	11	
1167	10	1167	11	
1168	9	1168	10	
1169	10	1169	11	
1170	10	1170	11	
1171	9	1171	11	
1172	10	1172	11	
1173	10	1173	11	
1174	10	1174	11	
1175	9	1175	10	
1176	10	1176	11	
1177	10	1177	11	
1178	10	1178	11	
1179	9	1179	11	
1180	10	1180	11	
1181	10	1181	11	
1182	10	1182	11	
1183	9	1183	10	
1184	10	1184	11	
1185	10	1185	11	
1186	10	1186	11	
1187	9	1187	11	
1188	10	1188	11	
1189	10	1189	11	
1190	10	1190	10	
1191	9	1191	11	
1192	10	1192	11	
1193	10	1193	11	
1194	9	1194	11	
1195	10	1195	11	
1196	10	1196	11	
1197	10	1197	10	
1198	9	1198	11	
1199	10	1199	11	
1200	10	1200	11	
1201	9	1201	11	
