Time - Plot 0	Amplitude - Plot 0	Time - Plot 1	Amplitude - Plot 1	
0	0	0	0	
1	0	1	0	
2	0	2	0	
3	0	3	0	
4	0	4	0	
5	4,6854	5	0	
6	9,71212	6	0	
7	12,9701	7	0	
8	11,7574	8	0	
9	20,4557	9	0	
10	23,5854	10	0	
11	41,093	11	0	
12	52,1051	12	0	
13	53,0582	13	0	
14	59,2733	14	0	
15	53,0571	15	0	
16	45,1544	16	0	
17	45,4001	17	4,40962	
18	35,4311	18	19,1357	
19	28,8428	19	29,6353	
20	27,7029	20	57,3057	
21	18,3295	21	62,9853	
22	18,0629	22	67,284	
23	21,0296	23	62,7693	
24	23,1294	24	59,4539	
25	27,3934	25	55,4603	
26	36,6911	26	57,6177	
27	38,0965	27	66,3274	
28	47,0274	28	78,5501	
29	56,6969	29	74,1799	
30	61,413	30	77,5781	
31	75,2893	31	85,7845	
32	100,318	32	78,2003	
33	97,9093	33	79,5816	
34	102,016	34	80,7059	
35	121,357	35	83,593	
36	117,379	36	85,8828	
37	138,319	37	89,3465	
38	139,763	38	94,1935	
39	148,653	39	96,9484	
40	159,602	40	102,205	
41	149,086	41	106,013	
42	153,416	42	110,329	
43	173,703	43	115,572	
44	155,88	44	117,511	
45	171,896	45	121,078	
46	177,052	46	128,69	
47	200,48	47	133,185	
48	188,463	48	138,366	
49	214,198	49	141,953	
50	198,141	50	145,424	
51	211,512	51	151,29	
52	217,904	52	154,936	
53	222,263	53	144,13	
54	224,367	54	166,916	
55	246,008	55	170,483	
56	219,613	56	178,366	
57	215,81	57	183,038	
58	214,993	58	186,505	
59	217,668	59	194,511	
60	240,65	60	195,859	
61	224,039	61	198,904	
62	225,91	62	202,095	
63	229,623	63	203,756	
64	228,498	64	209,448	
65	247,22	65	190,415	
66	223,905	66	214,168	
67	223,185	67	218,675	
68	228,84	68	220,501	
69	250,348	69	222,498	
70	229,082	70	225,112	
71	232,41	71	225,872	
72	233,282	72	228,42	
73	259,233	73	230,474	
74	235,051	74	231,942	
75	235,597	75	234,839	
76	237,006	76	235,034	
77	233,995	77	236,903	
78	257,557	78	239,572	
79	237,601	79	216,436	
80	242,425	80	243,198	
81	266,576	81	244,827	
82	245,358	82	243,825	
83	245,632	83	247,838	
84	247,012	84	249,436	
85	268,79	85	249,561	
86	246,782	86	253,219	
87	243,113	87	254,868	
88	244,603	88	255,573	
89	267,812	89	256,878	
90	245,796	90	258,515	
91	244,695	91	259,163	
92	242,158	92	233,42	
93	265,703	93	261,74	
94	242,021	94	262,257	
95	241,492	95	262,464	
96	266,063	96	261,283	
97	240,269	97	263,547	
98	216,513	98	263,695	
99	217,76	99	263,785	
100	217,498	100	261,373	
101	243,132	101	260,472	
102	223,406	102	257,518	
103	224,271	103	255,546	
104	227,394	104	253,608	
105	228,21	105	227,664	
106	228,229	106	252,794	
107	253,283	107	253,195	
108	228,701	108	252,397	
109	226,232	109	253,632	
110	227,012	110	253,952	
111	251,052	111	253,915	
112	225,209	112	254,639	
113	249,917	113	254,916	
114	223,515	114	257,227	
115	245,287	115	257,469	
116	240,325	116	256,986	
117	217,037	117	257,783	
118	240,118	118	231,094	
119	214,253	119	256,33	
120	215,702	120	255,077	
121	240,272	121	254,784	
122	215,727	122	254,571	
123	240,668	123	253,296	
124	239,016	124	253,107	
125	215,045	125	252,079	
126	238,481	126	252,53	
127	237,687	127	251,982	
128	215,059	128	251,548	
129	238,415	129	250,871	
130	215,223	130	251,318	
131	239,05	131	250,841	
132	215,705	132	225,602	
133	238,925	133	250,627	
134	214,916	134	250,021	
135	215,717	135	250,367	
136	239,001	136	250,078	
137	215,117	137	249,728	
138	237,948	138	250,142	
139	211,75	139	249,485	
140	236,599	140	249,042	
141	213,146	141	248,887	
142	235,354	142	248,833	
143	212,352	143	248,603	
144	210,688	144	223,549	
145	234,513	145	248,4	
146	209,339	146	247,862	
147	232,631	147	247,796	
148	206,65	148	247,367	
149	208,447	149	246,804	
150	231,565	150	246,267	
151	206,85	151	246,194	
152	231,097	152	245,725	
153	207,516	153	244,945	
154	230,693	154	244,63	
155	208,369	155	244,285	
156	230,379	156	243,613	
157	208,042	157	219,323	
158	208,738	158	243,333	
159	230,146	159	243,712	
160	209,548	160	243	
161	231,853	161	243,046	
162	208,559	162	242,879	
163	208,06	163	242,21	
164	231,577	164	241,717	
165	206,817	165	242,008	
166	229,632	166	242,863	
167	208,054	167	242,889	
168	228,045	168	242,683	
169	206,31	169	242,124	
170	229,274	170	241,741	
171	205,07	171	242,483	
172	204,741	172	216,808	
173	226,323	173	241,323	
174	203,273	174	240,721	
175	205,344	175	241,041	
176	226,287	176	240,822	
177	204,49	177	239,579	
178	203,749	178	239,384	
179	229,398	179	239,052	
180	206,157	180	238,397	
181	229,073	181	237,416	
182	206,266	182	236,51	
183	205,441	183	236,407	
184	204,55	184	236,092	
185	227,531	185	236,003	
186	205,807	186	213,006	
187	204,591	187	235,682	
188	227,525	188	234,921	
189	204,14	189	235,319	
190	225,181	190	234,486	
191	203,615	191	234,945	
192	204,215	192	233,915	
193	202,715	193	233,909	
194	201,95	194	234,531	
195	203,741	195	233,459	
196	222,579	196	233,558	
197	201,765	197	233,168	
198	200,869	198	233,052	
199	200,804	199	232,362	
200	222,272	200	209,46	
201	199,798	201	232,689	
202	199,724	202	232,856	
203	199,508	203	232,057	
204	221,537	204	231,513	
205	198,584	205	232,382	
206	199,173	206	231,245	
207	220,486	207	231,447	
208	199,538	208	231,978	
209	200,258	209	231,039	
210	221,669	210	230,286	
211	220,335	211	231,412	
212	218,855	212	230,651	
213	193,491	213	233,595	
214	214,409	214	233,273	
215	213,099	215	234,748	
216	211,822	216	235,427	
217	211,233	217	235,396	
218	232,213	218	235,634	
219	210,773	219	236,37	
220	208,716	220	238,092	
221	208,312	221	239,063	
222	230,218	222	214,715	
223	206,983	223	238,573	
224	208,508	224	239,099	
225	227,44	225	238,549	
226	208,109	226	238,932	
227	208,301	227	239,515	
228	207,089	228	239,413	
229	228,098	229	240,096	
230	207,929	230	239,767	
231	208,072	231	239,588	
232	206,773	232	238,352	
233	225,541	233	239,029	
234	206,458	234	239,793	
235	205,391	235	239,382	
236	205,511	236	238,899	
237	226,03	237	215,351	
238	206,19	238	238,583	
239	206,82	239	239,073	
240	206,331	240	239,344	
241	227,032	241	239,493	
242	204,54	242	238,268	
243	205,23	243	239,048	
244	205,729	244	238,838	
245	224,676	245	238,559	
246	203,126	246	237,924	
247	202,54	247	237,463	
248	203,188	248	236,812	
249	223,66	249	236,266	
250	202,028	250	236,149	
251	202,647	251	236,992	
252	201,629	252	236,656	
253	221,538	253	212,298	
254	203,509	254	236,586	
255	201,485	255	236,933	
256	200,791	256	235,647	
257	221,449	257	236,193	
258	201,519	258	235,731	
259	201,162	259	235,884	
260	200,338	260	234,899	
261	200,316	261	234,252	
262	219,891	262	234,165	
263	200,561	263	233,82	
264	199,544	264	233,829	
265	200,883	265	233,768	
266	221,039	266	231,696	
267	201,33	267	231,437	
268	201,248	268	231,002	
269	199,596	269	231,076	
270	220,567	270	207,597	
271	200,865	271	230,269	
272	200,63	272	229,404	
273	200,084	273	229,881	
274	201,712	274	229,355	
275	220,876	275	228,715	
276	201,865	276	228,795	
277	200,693	277	228,645	
278	199,922	278	227,809	
279	200,156	279	228,416	
280	219,947	280	227,562	
281	198,544	281	228,065	
282	198,498	282	226,788	
283	197,66	283	226,624	
284	196,654	284	226,255	
285	196,931	285	226,64	
286	215,752	286	226,481	
287	197,051	287	226,079	
288	194,14	288	202,329	
289	195,623	289	223,979	
290	195,678	290	223,715	
291	196,418	291	223,067	
292	196,055	292	222,754	
293	196,345	293	222,948	
294	196,034	294	221,778	
295	195,235	295	222,108	
296	195,336	296	221,302	
297	195,024	297	221,237	
298	194,544	298	222,06	
299	195,187	299	221,336	
300	194,917	300	220,769	
301	212,455	301	221,282	
302	193,668	302	220,415	
303	192,569	303	220,815	
304	192,308	304	219,492	
305	191,912	305	219,287	
306	193,537	306	218,653	
307	192,047	307	217,986	
308	193,164	308	217,759	
309	193,817	309	196,132	
310	192,118	310	218,205	
311	192,779	311	218,591	
312	192,419	312	217,281	
313	210,812	313	217,492	
314	192,45	314	216,929	
315	192,009	315	216,796	
316	192,521	316	216,81	
317	191,679	317	216,583	
318	190,76	318	215,418	
319	191,761	319	216,547	
320	190,791	320	216,722	
321	190,362	321	215,401	
322	190,698	322	215,725	
323	190	323	216,042	
324	189,739	324	215,7	
325	189,005	325	214,651	
326	189,572	326	214,153	
327	187,425	327	192,788	
328	189,275	328	213,668	
329	189,196	329	213,391	
330	207,207	330	213,671	
331	189,685	331	212,549	
332	189,374	332	213,278	
333	190,796	333	212,312	
334	189,646	334	212,393	
335	189,556	335	212,183	
336	189,768	336	211,965	
337	189,714	337	212,244	
338	189,927	338	212,771	
339	187,975	339	212,167	
340	187,762	340	212,553	
341	187,493	341	191,052	
342	185,729	342	211,685	
343	187,875	343	211,88	
344	206,204	344	210,415	
345	187,12	345	210,789	
346	187,641	346	210,232	
347	185,997	347	210,247	
348	186,419	348	209,411	
349	185,697	349	209,51	
350	185,995	350	210,378	
351	185,531	351	209,729	
352	184,616	352	208,703	
353	185,354	353	209,042	
354	185,379	354	208,982	
355	184,36	355	208,932	
356	184,674	356	208,616	
357	184,817	357	207,965	
358	184,787	358	187,764	
359	184,676	359	207,955	
360	184,008	360	207,923	
361	185,153	361	207,255	
362	183,981	362	206,597	
363	184,391	363	206,427	
364	182,12	364	207,443	
365	201,384	365	206,522	
366	183,056	366	206,17	
367	182,306	367	206,554	
368	183,381	368	205,417	
369	183,448	369	205,843	
370	182,92	370	184,197	
371	182,402	371	205,749	
372	181,524	372	205,334	
373	181,437	373	204,398	
374	180,966	374	204,779	
375	180,101	375	203,941	
376	180,731	376	203,424	
377	180,487	377	203,092	
378	179,107	378	203,491	
379	179,192	379	203,111	
380	179,865	380	202,652	
381	180,105	381	202,386	
382	179,874	382	201,986	
383	180,143	383	181,394	
384	180,876	384	200,972	
385	180,738	385	201,089	
386	179,905	386	200,963	
387	179,741	387	200,731	
388	178,586	388	200,45	
389	179,263	389	200,907	
390	179,166	390	201,114	
391	177,879	391	200,3	
392	195,207	392	200,29	
393	177,268	393	200,091	
394	178,518	394	199,526	
395	177,678	395	199,427	
396	176,813	396	198,246	
397	178,747	397	178,526	
398	178,248	398	198,432	
399	176,095	399	197,958	
400	175,531	400	197,926	
401	176,602	401	197,91	
402	176,169	402	197,663	
403	176,835	403	198,211	
404	177,293	404	198,1	
405	176,688	405	197,476	
406	176,153	406	196,782	
407	174,413	407	196,456	
408	173,375	408	196,171	
409	173,422	409	195,648	
410	174,76	410	196,339	
411	174,148	411	196,881	
412	174,125	412	195,98	
413	174,978	413	195,234	
414	174,357	414	194,813	
415	173,053	415	194,124	
416	174,036	416	175,318	
417	174,191	417	194,219	
418	173,003	418	193,742	
419	172,235	419	194,093	
420	171,869	420	194,37	
421	171,091	421	194,097	
422	172,165	422	193,44	
423	170,773	423	192,541	
424	171,266	424	192,359	
425	171,936	425	192,965	
426	171,382	426	192,487	
427	171,28	427	192,416	
428	170,839	428	191,137	
429	170,571	429	191,558	
430	170,642	430	171,573	
431	170,616	431	191,417	
432	170,226	432	191,347	
433	170,799	433	191,193	
434	171,17	434	190,515	
435	169,573	435	190,489	
436	170,158	436	190,604	
437	170,718	437	190,46	
438	168,724	438	189,987	
439	169,133	439	189,91	
440	168,165	440	189,427	
441	167,578	441	169,961	
442	166,345	442	188,863	
443	166,393	443	188,584	
444	165,891	444	188,555	
445	165,309	445	188,212	
446	164,948	446	187,809	
447	165,747	447	187,881	
448	166,973	448	187,524	
449	166,958	449	186,511	
450	164,811	450	186,614	
451	165,485	451	186,094	
452	165,581	452	186,392	
453	165,767	453	185,559	
454	166,522	454	185,077	
455	165,592	455	166,84	
456	164,303	456	185,513	
457	163,752	457	185,43	
458	164,846	458	185,165	
459	164,713	459	184,717	
460	165,335	460	184,182	
461	164,68	461	184,034	
462	165,101	462	183,472	
463	164,278	463	184,055	
464	164,288	464	183,106	
465	165,754	465	183,135	
466	165,402	466	183,625	
467	164,877	467	183,904	
468	164,025	468	183,277	
469	163,432	469	183,862	
470	162,771	470	182,924	
471	162,399	471	183,156	
472	160,539	472	164,584	
473	160,794	473	182,806	
474	161,348	474	181,938	
475	161,041	475	181,383	
476	160,456	476	181,366	
477	161,202	477	181,172	
478	159,455	478	180,422	
479	159,114	479	180,427	
480	161,166	480	179,555	
481	159,006	481	179,762	
482	159,924	482	179,247	
483	159,567	483	179,57	
484	159,936	484	179,082	
485	158,99	485	178,655	
486	143,172	486	177,949	
487	159,198	487	178,278	
488	158,587	488	177,692	
489	159,482	489	177,861	
490	157,968	490	159,51	
491	143,815	491	176,871	
492	159,865	492	176,683	
493	159,335	493	177,213	
494	158,266	494	176,898	
495	157,455	495	176,195	
496	156,959	496	176,609	
497	156,818	497	176,494	
498	142,2	498	175,246	
499	156,843	499	175,624	
500	156,968	500	175,226	
501	156,836	501	174,473	
502	157,988	502	174,963	
503	157,224	503	174,579	
504	140,43	504	174,131	
505	155,451	505	174,069	
506	156,874	506	174,576	
507	156,476	507	156,187	
508	155,595	508	173,655	
509	155,846	509	173,348	
510	140,18	510	172,769	
511	156,007	511	173,392	
512	154,235	512	173,634	
513	154,464	513	173,328	
514	156,064	514	172,979	
515	155,694	515	171,945	
516	139,436	516	172,581	
517	154,849	517	172,111	
518	154,837	518	171,598	
519	154,267	519	171,443	
520	154,452	520	171,666	
521	154,365	521	154,885	
522	136,68	522	171,331	
523	153,251	523	171,373	
524	153,513	524	171,317	
525	153,054	525	170,717	
526	152,696	526	170,204	
527	151,216	527	170,497	
528	137,001	528	169,706	
529	151,329	529	169,393	
530	151,463	530	169,916	
531	151,168	531	169,345	
532	150,659	532	169,836	
533	151,362	533	168,707	
534	135,328	534	168,565	
535	150,967	535	168,272	
536	151,841	536	167,72	
537	151,033	537	167,901	
538	149,563	538	167,21	
539	150,711	539	150,918	
540	150,641	540	167,116	
541	136,039	541	167,286	
542	149,971	542	167,259	
543	150,42	543	166,832	
544	150,709	544	166,824	
545	150,156	545	166,143	
546	149,24	546	166,31	
547	134,421	547	166,13	
548	150,463	548	166,206	
549	150,043	549	165,925	
550	148,451	550	166,136	
551	148,227	551	165,94	
552	148,221	552	165,298	
553	134,356	553	165,002	
554	147,759	554	165,093	
555	148,811	555	165,371	
556	146,805	556	165,673	
557	147,349	557	165,172	
558	132,806	558	164,842	
559	146,436	559	148,629	
560	146,026	560	164,254	
561	145,371	561	164,448	
562	145,339	562	163,129	
563	145,35	563	163,396	
564	145,628	564	163,6	
565	132,926	565	163,514	
566	146,775	566	162,356	
567	146,302	567	163,233	
568	147,109	568	162,324	
569	146,733	569	162,478	
570	131,853	570	162,095	
571	146,187	571	162,37	
572	146,181	572	161,93	
573	145,344	573	161,829	
574	145,369	574	145,748	
575	144,496	575	161,766	
576	130,233	576	161,653	
577	144,752	577	160,677	
578	144,336	578	161,111	
579	143,72	579	160,521	
580	144,422	580	160,348	
581	143,514	581	160,245	
582	144,208	582	160,898	
583	128,967	583	160,738	
584	143,01	584	160,527	
585	142,315	585	160,565	
586	143,327	586	159,861	
587	142,274	587	159,806	
588	141,767	588	159,158	
589	128,176	589	159,801	
590	141,615	590	159,694	
591	141,279	591	160,014	
592	141,808	592	158,939	
593	141,745	593	142,745	
594	141,65	594	158,495	
595	128,285	595	158,843	
596	141,575	596	158,591	
597	141,087	597	158,084	
598	141,225	598	157,967	
599	141,704	599	157,82	
600	127,746	600	157,647	
601	140,592	601	158,086	
602	140,218	602	156,873	
603	140,005	603	157,761	
604	140,274	604	157,5	
605	139,332	605	156,931	
606	126,076	606	156,952	
607	138,328	607	157,086	
608	139,031	608	156,707	
609	138,763	609	140,291	
610	139,446	610	155,991	
611	139,021	611	155,8	
612	125,871	612	154,818	
613	140,001	613	155,697	
614	139,371	614	155,324	
615	140,613	615	154,774	
616	139,723	616	155,754	
617	139,079	617	155,207	
618	123,76	618	155,01	
619	137,17	619	155,02	
620	137,171	620	155,075	
621	137,062	621	154,098	
622	137,743	622	155,176	
623	124,037	623	139,075	
624	137,185	624	153,48	
625	137,054	625	153,69	
626	137,979	626	153,732	
627	136,424	627	153,394	
628	122,446	628	153,154	
629	136,356	629	153,127	
630	136,152	630	152,173	
631	135,751	631	152,075	
632	136,994	632	152,097	
633	135,131	633	152,662	
634	134,917	634	151,714	
635	123,244	635	152,331	
636	137,47	636	151,991	
637	137,446	637	151,814	
638	135,693	638	151,245	
639	136,305	639	151,478	
640	122,397	640	136,377	
641	136,178	641	151,26	
642	136,428	642	151,683	
643	136,805	643	150,577	
644	122,638	644	150,762	
645	136,478	645	150,921	
646	136,606	646	150,384	
647	135,93	647	150,977	
648	135,719	648	150,802	
649	120,863	649	151,08	
650	135,515	650	150,354	
651	134,09	651	150,526	
652	132,841	652	150,87	
653	120,141	653	150,396	
654	133,246	654	149,783	
655	133,259	655	150,188	
656	131,899	656	150,047	
657	133,378	657	134,029	
658	119,589	658	148,742	
659	131,305	659	148,819	
660	132,646	660	148,459	
661	132,986	661	148,8	
662	132,652	662	148	
663	118,935	663	148,086	
664	131,574	664	147,779	
665	132,208	665	147,849	
666	131,367	666	147,991	
667	117,876	667	147,5	
668	132,068	668	146,9	
669	132,049	669	146,82	
670	132,899	670	147,856	
671	134,114	671	146,988	
672	119,151	672	146,522	
673	131,972	673	132,15	
674	131,937	674	147,196	
675	132,642	675	147,344	
676	118,073	676	146,594	
677	130,766	677	146,935	
678	131,169	678	146,261	
679	129,885	679	146,857	
680	130,555	680	145,743	
681	117,778	681	146,635	
682	131,393	682	146,074	
683	129,513	683	146,282	
684	129,933	684	146,512	
685	130,549	685	146,443	
686	129,65	686	146,201	
687	116,396	687	145,733	
688	129,737	688	145,204	
689	130,604	689	144,134	
690	130,905	690	130,405	
691	129,114	691	144,596	
692	128,374	692	144,412	
693	116,597	693	144,514	
694	130,169	694	144,642	
695	130,358	695	144,808	
696	130,241	696	144,898	
697	116,909	697	144,107	
698	130,104	698	144,827	
699	129,734	699	143,758	
700	130,38	700	144,349	
701	130,097	701	143,796	
702	129,904	702	143,541	
703	115,96	703	144,49	
704	128,075	704	143,972	
705	127,975	705	144,431	
706	128,13	706	143,402	
707	127,079	707	144,123	
708	113,609	708	128,946	
709	126,728	709	142,994	
710	126,903	710	142,815	
711	127,607	711	142,597	
712	126,806	712	142,138	
713	114,012	713	142,68	
714	127,498	714	142,198	
715	127,106	715	141,533	
716	126,488	716	141,907	
717	126,42	717	141,71	
718	113,306	718	141,96	
719	125,682	719	141,815	
720	126,255	720	141,984	
721	125,01	721	140,532	
722	126,488	722	141,285	
723	126,174	723	127,035	
724	112,595	724	140,778	
725	123,755	725	140,751	
726	124,245	726	139,987	
727	124,283	727	140,365	
728	112,717	728	139,504	
729	125,078	729	139,465	
730	125,295	730	139,663	
731	124,709	731	139,782	
732	124,901	732	139,214	
733	111,929	733	139,197	
734	124,843	734	138,779	
735	124,536	735	139,422	
736	124,217	736	138,779	
737	125,052	737	125,071	
738	124,591	738	138,808	
739	111,991	739	138,938	
740	123,93	740	139,056	
741	125,053	741	139,012	
742	126,529	742	138,567	
743	112,4	743	138,489	
744	124,142	744	138,544	
745	124,108	745	138,497	
746	124,091	746	138,205	
747	122,353	747	137,987	
748	122,749	748	137,671	
749	110,605	749	137,027	
750	122,87	750	137,362	
751	123,266	751	137,466	
752	123,317	752	123,672	
753	123,128	753	136,942	
754	110,355	754	137,184	
755	122,644	755	137,455	
756	122,559	756	136,635	
757	122,192	757	136,545	
758	123,012	758	136,343	
759	109,461	759	136,129	
760	121,215	760	136,377	
761	122,571	761	136,456	
762	121,595	762	135,87	
763	121,859	763	135,331	
764	109,768	764	135,816	
765	120,332	765	135,006	
766	121,023	766	135,687	
767	121,107	767	135,689	
768	121,383	768	135,634	
769	109,602	769	135,051	
770	121,038	770	135,41	
771	120,092	771	121,287	
772	121,01	772	134,436	
773	120,643	773	135,034	
774	108,311	774	134,51	
775	120,326	775	134,52	
776	120,744	776	135,176	
777	120,85	777	133,91	
778	120,059	778	133,846	
779	108,805	779	134,322	
780	119,419	780	134,395	
781	119,942	781	133,601	
782	121,108	782	133,697	
783	119,992	783	132,551	
784	107,435	784	133,196	
785	120,343	785	133,658	
786	120,326	786	120,043	
787	119,819	787	133,548	
788	107,274	788	132,963	
789	119,123	789	133,256	
790	118,537	790	133,244	
791	119,072	791	133,037	
792	118,991	792	133,04	
793	106,897	793	132,492	
794	118,691	794	132,741	
795	118,266	795	133,107	
796	118,137	796	132,393	
797	118,74	797	131,965	
798	106,74	798	131,966	
799	118,719	799	131,488	
800	118,05	800	131,617	
801	119,458	801	132,347	
802	118,102	802	130,976	
803	117,993	803	131,27	
804	106,392	804	131,759	
805	118,059	805	131,309	
806	118,119	806	118,675	
807	118,516	807	131,243	
808	118,921	808	131,78	
809	105,885	809	130,706	
810	117,84	810	131,078	
811	117,5	811	130,209	
812	117,397	812	130,613	
813	116,821	813	130,658	
814	104,848	814	130,715	
815	115,721	815	130,374	
816	116,393	816	130,296	
817	116,038	817	130,829	
818	115,191	818	129,747	
819	103,984	819	129,967	
820	114,908	820	129,553	
821	115,301	821	129,767	
822	115,709	822	129,427	
823	115,06	823	128,982	
824	104,584	824	116,819	
825	115,219	825	129,022	
826	116,455	826	128,807	
827	116,28	827	128,252	
828	116,031	828	128,326	
829	102,766	829	128,492	
830	114,95	830	128,026	
831	114,528	831	128,499	
832	113,491	832	127,951	
833	102,565	833	128,191	
834	115,161	834	127,924	
835	114,907	835	128,385	
836	114,813	836	127,661	
837	103,181	837	115,245	
838	114,743	838	128,026	
839	114,356	839	127,146	
840	114,336	840	126,701	
841	113,468	841	127,009	
842	113,623	842	127,196	
843	102,273	843	126,949	
844	113	844	126,884	
845	112,519	845	126,33	
846	112,832	846	126,872	
847	112,635	847	126,578	
848	101,426	848	125,952	
849	112,42	849	126,046	
850	111,618	850	113,233	
851	112,746	851	125,99	
852	112,556	852	126,099	
853	101,247	853	125,921	
854	112,797	854	125,252	
855	112,475	855	124,904	
856	111,899	856	125,318	
857	111,64	857	124,946	
858	101,047	858	125,157	
859	111,897	859	125,02	
860	111,567	860	125,105	
861	111,511	861	124,715	
862	100,957	862	124,381	
863	111,23	863	124,359	
864	112,282	864	124,462	
865	111,878	865	123,794	
866	100,108	866	124,033	
867	112,113	867	111,789	
868	111,78	868	123,922	
869	111,031	869	124,297	
870	100,455	870	124,178	
871	111,642	871	123,248	
872	110,898	872	123,335	
873	110,523	873	123,411	
874	111,087	874	123,242	
875	99,7794	875	123,551	
876	110,056	876	123,251	
877	109,998	877	122,864	
878	109,877	878	123,321	
879	98,251	879	122,91	
880	109,145	880	122,992	
881	109,194	881	110,255	
882	109,335	882	122,847	
883	109,182	883	122,713	
884	98,6263	884	122,396	
885	109,993	885	122,071	
886	109,47	886	122,541	
887	109,551	887	122	
888	109,218	888	122,708	
889	97,3744	889	121,422	
890	109,198	890	121,923	
891	109,268	891	121,471	
892	109,317	892	121,04	
893	98,3223	893	121,2	
894	108,988	894	121,344	
895	108,802	895	121,051	
896	108,47	896	120,581	
897	107,646	897	120,612	
898	108,083	898	121,123	
899	96,4681	899	108,873	
900	107,77	900	120,971	
901	107,295	901	120,679	
902	107,639	902	120,295	
903	107,533	903	120,853	
904	106,475	904	120,012	
905	96,2942	905	120,29	
906	105,854	906	119,836	
907	105,7	907	119,95	
908	106,129	908	119,879	
909	95,3509	909	119,419	
910	106,222	910	118,957	
911	106,823	911	118,799	
912	106,596	912	119,085	
913	106,423	913	118,831	
914	96,0474	914	119,07	
915	106,301	915	106,955	
916	106,599	916	118,712	
917	105,984	917	118,156	
918	106,135	918	118,455	
919	95,1609	919	118,012	
920	105,743	920	117,989	
921	106,353	921	118,419	
922	105,555	922	118,198	
923	94,9791	923	118,03	
924	106,348	924	117,801	
925	106,354	925	117,88	
926	105,82	926	117,763	
927	105,911	927	117,68	
928	95,2819	928	117,732	
929	106,21	929	117,261	
930	106,252	930	116,342	
931	105,682	931	116,929	
932	105,787	932	127,925	
933	95,6535	933	116,177	
934	105,587	934	115,929	
935	105,501	935	116,36	
936	105,165	936	116,686	
937	104,042	937	115,684	
938	94,0974	938	115,828	
939	104,879	939	115,462	
940	103,797	940	127,099	
941	103,773	941	114,812	
942	104,172	942	115,05	
943	93,43	943	115,504	
944	104,205	944	114,699	
945	103,876	945	114,255	
946	103,691	946	114,503	
947	93,2173	947	125,982	
948	104,349	948	113,932	
949	103,675	949	113,969	
950	104,05	950	113,136	
951	104,222	951	113,287	
952	93,9112	952	113,312	
953	103,782	953	113,267	
954	104,052	954	113,337	
955	93,5499	955	114,048	
956	104,141	956	113,745	
957	103,759	957	124,41	
958	103,658	958	113,227	
959	92,567	959	112,471	
960	103,471	960	113,084	
961	103,235	961	113,099	
962	103,627	962	113,212	
963	93,2182	963	112,719	
964	103,944	964	112,92	
965	102,599	965	123,662	
966	102,791	966	112,761	
967	103,123	967	112,999	
968	92,0593	968	112,713	
969	101,705	969	112,824	
970	101,013	970	112,555	
971	101,653	971	112,278	
972	90,7605	972	112,419	
973	101,797	973	123,242	
974	102,315	974	112,089	
975	101,972	975	111,537	
976	91,1877	976	111,158	
977	101,267	977	110,958	
978	100,699	978	111,303	
979	100,757	979	111,064	
980	99,8261	980	111,242	
981	90,5265	981	110,564	
982	101,236	982	111,225	
983	101,039	983	110,304	
984	101,577	984	121,552	
985	91,6045	985	110,136	
986	100,326	986	110,049	
987	100,717	987	109,563	
988	99,6876	988	110,12	
989	90,7609	989	110,186	
990	100,678	990	121,287	
991	99,9981	991	110,072	
992	100,334	992	109,661	
993	100,276	993	109,015	
994	89,4547	994	109,486	
995	100,171	995	109,914	
996	99,9659	996	109,032	
997	99,3445	997	109,607	
998	99,0104	998	120,521	
999	89,5863	999	110,097	
1000	98,0437	1000	109,06	
1001	98,4292	1001	109,223	
1002	98,2503	1002	109,146	
1003	89,4165	1003	108,995	
1004	98,8133	1004	108,964	
1005	98,8965	1005	108,536	
1006	99,2361	1006	108,995	
1007	98,7935	1007	119,257	
1008	87,3842	1008	108,417	
1009	97,2275	1009	107,915	
1010	98,1899	1010	108,758	
1011	97,6603	1011	108,194	
1012	87,3061	1012	107,796	
1013	97,2384	1013	107,406	
1014	96,3196	1014	107,018	
1015	97,5475	1015	118,544	
1016	87,6669	1016	107,282	
1017	97,4294	1017	106,685	
1018	96,6705	1018	106,556	
1019	87,6595	1019	106,246	
1020	98,0132	1020	106,409	
1021	98,5475	1021	106,415	
1022	98,4358	1022	106,679	
1023	88,6082	1023	117,399	
1024	97,3806	1024	106,283	
1025	97,4967	1025	106,17	
1026	97,9216	1026	105,981	
1027	96,9852	1027	106,463	
1028	87,1324	1028	106,639	
1029	96,4608	1029	106,281	
1030	96,272	1030	106,479	
1031	96,2539	1031	105,954	
1032	86,3469	1032	105,82	
1033	94,9471	1033	115,599	
1034	94,8154	1034	105,678	
1035	95,3284	1035	104,755	
1036	95,1101	1036	105,344	
1037	85,9835	1037	105,457	
1038	95,0355	1038	104,511	
1039	94,7009	1039	104,86	
1040	94,8296	1040	104,351	
1041	94,634	1041	115,06	
1042	85,3189	1042	104,097	
1043	95,084	1043	103,891	
1044	95,047	1044	104,25	
1045	95,4279	1045	104,431	
1046	84,9047	1046	104,178	
1047	94,5057	1047	103,352	
1048	94,6533	1048	104,065	
1049	94,6974	1049	103,646	
1050	94,8268	1050	103,134	
1051	85,0716	1051	113,52	
1052	94,0091	1052	103,265	
1053	94,049	1053	102,849	
1054	94,0908	1054	103,233	
1055	84,9394	1055	102,725	
1056	94,3616	1056	103,186	
1057	94,468	1057	102,606	
1058	93,7979	1058	101,981	
1059	94,5469	1059	112,55	
1060	84,2771	1060	101,913	
1061	94,38	1061	102,191	
1062	93,9635	1062	102,232	
1063	94,0146	1063	102,668	
1064	94,1149	1064	101,454	
1065	84,4276	1065	101,558	
1066	93,3828	1066	102,295	
1067	92,0221	1067	111,767	
1068	92,1883	1068	101,095	
1069	92,5141	1069	101,42	
1070	82,9847	1070	101,813	
1071	93,2691	1071	101,375	
1072	92,5872	1072	101,129	
1073	83,0545	1073	100,574	
1074	92,2744	1074	111,031	
1075	91,9756	1075	101,138	
1076	91,4867	1076	101,058	
1077	91,9534	1077	100,142	
1078	82,8598	1078	100,724	
1079	91,1802	1079	100,082	
1080	92,6323	1080	100,231	
1081	82,122	1081	99,6033	
1082	91,69	1082	99,9046	
1083	92,3273	1083	109,687	
1084	92,3106	1084	99,7871	
1085	82,8593	1085	99,2557	
1086	92,3564	1086	99,4302	
1087	92,0242	1087	99,041	
1088	92,107	1088	99,4941	
1089	92,3028	1089	99,0557	
1090	82,7322	1090	108,908	
1091	92,1669	1091	99,1246	
1092	91,7189	1092	99,2069	
1093	91,6399	1093	99,2636	
1094	82,4078	1094	99,095	
1095	91,2326	1095	99,3758	
1096	90,5746	1096	99,1196	
1097	90,6082	1097	98,1982	
1098	82,0852	1098	108,746	
1099	90,5499	1099	98,9811	
1100	90,7466	1100	98,4779	
1101	90,4627	1101	98,8139	
1102	82,0769	1102	98,2874	
1103	90,4868	1103	98,9798	
1104	90,541	1104	98,3824	
1105	90,797	1105	98,3276	
1106	81,1283	1106	108,135	
1107	90,2367	1107	97,8185	
1108	90,024	1108	97,6129	
1109	89,6295	1109	97,4444	
1110	80,3116	1110	97,6348	
1111	89,1494	1111	97,3506	
1112	89,6567	1112	97,7174	
1113	88,6903	1113	97,5652	
1114	80,3519	1114	106,525	
1115	88,5574	1115	97,214	
1116	88,5044	1116	96,9602	
1117	89,6467	1117	97,584	
1118	89,3775	1118	97,1126	
1119	80,2618	1119	96,9686	
1120	88,7271	1120	96,3741	
1121	88,9373	1121	96,3827	
1122	88,8419	1122	106,633	
1123	79,6594	1123	96,3823	
1124	89,3504	1124	96,6921	
1125	89,1307	1125	96,2787	
1126	89,2338	1126	96,1677	
1127	80,2766	1127	95,4306	
1128	88,9026	1128	95,7549	
1129	88,2361	1129	105,382	
1130	89,051	1130	95,921	
1131	87,892	1131	96,4082	
1132	79,9154	1132	96,1547	
1133	87,5666	1133	95,8822	
1134	87,8319	1134	95,9882	
1135	87,4994	1135	96,3314	
1136	78,7917	1136	105,92	
1137	87,4445	1137	95,3755	
1138	88,4441	1138	95,1291	
1139	79,3005	1139	95,2884	
1140	87,8672	1140	95,2334	
1141	87,7511	1141	94,7085	
1142	86,8809	1142	95,2419	
1143	78,3095	1143	104,759	
1144	87,2474	1144	94,4532	
1145	86,9945	1145	94,8298	
1146	86,2115	1146	94,6307	
1147	87,6232	1147	94,4883	
1148	78,6197	1148	94,8142	
1149	86,287	1149	94,8161	
1150	87,2353	1150	94,6083	
1151	86,882	1151	94,387	
1152	87,1201	1152	103,929	
1153	78,0859	1153	94,608	
1154	86,3838	1154	94,3479	
1155	86,3942	1155	93,5518	
1156	86,2668	1156	94,0777	
1157	78,0977	1157	93,8952	
1158	85,5714	1158	94,0396	
1159	77,4949	1159	103,549	
1160	86,5876	1160	93,4033	
1161	86,4054	1161	93,7041	
1162	86,9385	1162	93,2364	
1163	77,2311	1163	93,6739	
1164	87,058	1164	93,2124	
1165	87,0091	1165	93,1726	
1166	86,9918	1166	102,858	
1167	77,6824	1167	93,3259	
1168	86,9947	1168	93,3071	
1169	86,2439	1169	92,8954	
1170	85,5415	1170	93,4534	
1171	77,449	1171	93,0374	
1172	85,5797	1172	92,8151	
1173	85,6531	1173	93,4449	
1174	76,3992	1174	93,1761	
1175	85,506	1175	102,048	
1176	84,7489	1176	92,6362	
1177	84,281	1177	93,0163	
1178	84,4809	1178	92,8912	
1179	75,2065	1179	92,4771	
1180	84,8231	1180	92,2465	
1181	84,5848	1181	92,2142	
1182	84,2258	1182	92,0018	
1183	76,2157	1183	91,8492	
1184	84,0902	1184	101,061	
1185	84,2814	1185	92,1282	
1186	76,1674	1186	92,2334	
1187	83,9756	1187	91,4375	
1188	84,9566	1188	90,832	
1189	84,6791	1189	91,4217	
1190	84,2429	1190	101,333	
1191	76,0635	1191	90,9144	
1192	84,6097	1192	90,7461	
1193	84,0721	1193	90,8582	
1194	75,9597	1194	90,7642	
1195	84,0965	1195	91,127	
1196	83,8391	1196	90,9626	
1197	84,2532	1197	90,7488	
1198	74,6911	1198	99,9615	
1199	83,1051	1199	90,9949	
1200	82,9228	1200	90,5644	
1201	83,2395	1201	91,0351	
