Time - Plot 0	Amplitude - Plot 0	Time - Plot 1	Amplitude - Plot 1	
0	0	0	0	
1	0	1	0	
2	0	2	0	
3	0	3	0	
4	0	4	0	
5	0	5	0	
6	0	6	0	
7	0	7	0	
8	0	8	0	
9	0	9	0	
10	0	10	0	
11	0	11	0	
12	0	12	0	
13	0	13	0	
14	0	14	0	
15	0	15	0	
16	0	16	0	
17	0	17	0	
18	0	18	0	
19	0	19	0	
20	0	20	0	
21	0	21	0	
22	0	22	0	
23	0	23	0	
24	0	24	0	
25	0	25	0	
26	0	26	0	
27	0	27	0	
28	0	28	0	
29	0	29	0	
30	0	30	0	
31	0	31	0	
32	0	32	0	
33	0	33	0	
34	0	34	0	
35	0	35	0	
36	0	36	0	
37	0	37	0	
38	0	38	0	
39	0	39	0	
40	0	40	0	
41	0	41	0	
42	0	42	0	
43	0	43	0	
44	0	44	0	
45	0,0460007	45	0	
46	0	46	0	
47	0,187966	47	0	
48	0,218104	48	0	
49	0,304557	49	0	
50	0,371188	50	0	
51	0,977926	51	0	
52	2,26462	52	0	
53	7,50735	53	0	
54	15,66	54	0	
55	13,4925	55	0	
56	20,8888	56	0	
57	21,8669	57	0	
58	27,4204	58	0	
59	21,0184	59	0	
60	25,5757	60	0	
61	29,4289	61	0	
62	26,6495	62	0	
63	23,7871	63	0	
64	24,6622	64	0	
65	19,8814	65	0	
66	19,2346	66	0	
67	14,9249	67	0	
68	13,2457	68	0	
69	12,3132	69	0	
70	12,7698	70	0	
71	10,53	71	0	
72	12,0952	72	0	
73	14,0015	73	0	
74	15,8989	74	0	
75	16,3652	75	0	
76	19,899	76	0	
77	20,1656	77	0	
78	20,4171	78	0	
79	24,6119	79	0	
80	27,4861	80	0	
81	29,1651	81	0	
82	27,8301	82	0	
83	36,6101	83	0	
84	42,1737	84	0	
85	49,0217	85	0	
86	57,7391	86	0,126132	
87	76,4266	87	9,61203	
88	86,8893	88	19,1403	
89	88,1388	89	29,8659	
90	110,026	90	42,7274	
91	121,72	91	53,6057	
92	129,127	92	46,8572	
93	121,274	93	59,0514	
94	145,792	94	56,1104	
95	153,023	95	68,9439	
96	158,327	96	73,4295	
97	148,187	97	87,4412	
98	167,945	98	96,0606	
99	176,721	99	108,783	
100	181,878	100	135,287	
101	187,624	101	125,588	
102	201,023	102	155,19	
103	186,694	103	159,203	
104	214,283	104	187,966	
105	223,071	105	217,98	
106	231,125	106	221,044	
107	240,774	107	226,342	
108	243,626	108	229,348	
109	223,995	109	208,939	
110	254,458	110	236,013	
111	256,885	111	239,997	
112	261,669	112	242,73	
113	265,878	113	247,11	
114	271,385	114	225,598	
115	275,034	115	255,676	
116	278,271	116	259,266	
117	252,801	117	262,472	
118	284,333	118	267,385	
119	284,901	119	270,855	
120	285,076	120	245,627	
121	288,719	121	277,632	
122	291,118	122	280,064	
123	293,202	123	284,953	
124	294,582	124	287,259	
125	267,305	125	260,774	
126	297,169	126	293,171	
127	297,628	127	296,05	
128	298,172	128	297,218	
129	297,412	129	300,931	
130	300,259	130	303,282	
131	300,542	131	274,017	
132	300,744	132	308,362	
133	300,953	133	309,743	
134	270,766	134	311,323	
135	301,32	135	281,447	
136	299,93	136	314,406	
137	300,928	137	316,078	
138	300,151	138	316,754	
139	300,994	139	318,69	
140	300,92	140	286,544	
141	302,622	141	319,528	
142	301,806	142	319,753	
143	301,533	143	320,302	
144	301,852	144	321,15	
145	302,357	145	289,716	
146	301,038	146	323,703	
147	300,325	147	323,279	
148	300,608	148	324,128	
149	299,09	149	292,635	
150	329,887	150	325,237	
151	297,906	151	325,817	
152	297,612	152	325,648	
153	298,331	153	325,499	
154	297,942	154	293,343	
155	299,871	155	326,839	
156	300,123	156	327,244	
157	298,292	157	327,472	
158	298,587	158	294,765	
159	297,524	159	326,986	
160	298,01	160	326,633	
161	297,2	161	327,502	
162	296,508	162	294,051	
163	297,744	163	325,961	
164	326,865	164	326,975	
165	296,371	165	327,069	
166	295,546	166	295,435	
167	295,152	167	327,987	
168	295,963	168	327,205	
169	293,816	169	326,77	
170	294,627	170	294,58	
171	294,73	171	327,844	
172	295,29	172	327,452	
173	294,271	173	327,531	
174	293,358	174	294,07	
175	292,454	175	326,48	
176	322,022	176	326,58	
177	290,828	177	326,629	
178	291,858	178	293,42	
179	291,898	179	326,027	
180	290,549	180	325,751	
181	290,494	181	325,6	
182	289,461	182	293,07	
183	289,901	183	325,064	
184	288,639	184	324,68	
185	290,767	185	325,091	
186	318,689	186	292,311	
187	290,471	187	324,6	
188	290,795	188	324,669	
189	289,657	189	323,972	
190	289,289	190	291,638	
191	288,491	191	323,762	
192	286,702	192	323,697	
193	288,277	193	322,996	
194	286,957	194	290,511	
195	287,216	195	322,699	
196	315,375	196	323,028	
197	285,775	197	322,561	
198	284,991	198	290,069	
199	284,605	199	321,854	
200	285,558	200	321,946	
201	284,587	201	321,28	
202	284,826	202	288,478	
203	284,429	203	319,802	
204	284,229	204	320,248	
205	283,999	205	320,561	
206	282,616	206	287,918	
207	281,744	207	319,758	
208	281,624	208	318,537	
209	310,624	209	318,266	
210	282,938	210	319,042	
211	282,458	211	286,092	
212	281,871	212	317,185	
213	280,629	213	316,986	
214	279,319	214	317,841	
215	278,801	215	317,517	
216	277,54	216	285,328	
217	279,59	217	315,549	
218	277,67	218	315,618	
219	277,415	219	283,32	
220	278,418	220	314,265	
221	277,999	221	314,311	
222	278,576	222	314,796	
223	276,93	223	313,273	
224	303,999	224	282,208	
225	276,78	225	313,485	
226	277,531	226	313,217	
227	276,641	227	312,488	
228	275,769	228	280,715	
229	274,942	229	311,698	
230	274,444	230	312,17	
231	274,134	231	312,061	
232	274,395	232	279,35	
233	274,599	233	310,563	
234	274,221	234	311,221	
235	300,742	235	310,428	
236	272,881	236	279,101	
237	272,007	237	309,991	
238	270,803	238	309,938	
239	271,358	239	310,388	
240	270,314	240	310,089	
241	270,38	241	308,032	
242	297,444	242	306,442	
243	271,722	243	333,419	
244	272,816	244	302,847	
245	272,928	245	301,448	
246	271,974	246	300,309	
247	273,84	247	300,847	
248	271,739	248	329,246	
249	271,777	249	298,551	
250	270,211	250	299,056	
251	297,803	251	327,682	
252	271,911	252	296,979	
253	271,476	253	326,548	
254	269,271	254	296,503	
255	269,518	255	296,507	
256	268,722	256	325,693	
257	269,071	257	295,803	
258	267,587	258	295,6	
259	294,577	259	324,496	
260	267,794	260	294,081	
261	267,06	261	294,1	
262	267,157	262	322,986	
263	267,232	263	294,219	
264	266,483	264	293,007	
265	265,544	265	323,238	
266	264,773	266	292,731	
267	263,693	267	292,408	
268	263,355	268	321,38	
269	263,189	269	291,363	
270	290,319	270	291,021	
271	264,129	271	289,716	
272	263,44	272	318,019	
273	261,566	273	289,808	
274	261,376	274	289,57	
275	261,84	275	317,548	
276	261,632	276	288,573	
277	261,568	277	288,199	
278	261,195	278	316,895	
279	260,73	279	287,432	
280	285,851	280	286,93	
281	260,247	281	316,108	
282	260,651	282	286,851	
283	259,196	283	285,373	
284	259,793	284	285,921	
285	259,092	285	313,761	
286	258,764	286	285,525	
287	258,558	287	286,07	
288	259,582	288	313,426	
289	286,15	289	284,323	
290	259,507	290	284,3	
291	233,505	291	283,867	
292	286,504	292	311,853	
293	258,328	293	283,363	
294	258,354	294	283,598	
295	257,09	295	311,2	
296	258,052	296	282,306	
297	255,408	297	282,384	
298	252,967	298	309,746	
299	252,247	299	281,08	
300	252,177	300	281,187	
301	251,552	301	308,403	
302	251,414	302	279,604	
303	252,702	303	279,137	
304	250,624	304	278,523	
305	250,598	305	306,218	
306	250,324	306	277,291	
307	275,987	307	277,349	
308	250,05	308	304,893	
309	249,455	309	275,313	
310	249,896	310	276,188	
311	250,294	311	303,379	
312	247,954	312	275,887	
313	248,807	313	275,572	
314	247,179	314	274,262	
315	246,74	315	300,929	
316	248,172	316	272,957	
317	245,23	317	300,413	
318	245,532	318	272,727	
319	245,429	319	271,768	
320	244,292	320	271,43	
321	243,931	321	298,419	
322	269,789	322	270,747	
323	245,121	323	270,165	
324	245,268	324	296,175	
325	244,225	325	268,972	
326	245,392	326	268,715	
327	244,243	327	268,874	
328	243,036	328	295,652	
329	244,594	329	268,782	
330	243,543	330	268,117	
331	243,709	331	295,2	
332	242,495	332	267,471	
333	242,406	333	267,334	
334	241,477	334	293,637	
335	265,8	335	266,632	
336	239,714	336	266,625	
337	239,495	337	266,283	
338	238,306	338	292,028	
339	238,693	339	264,858	
340	237,699	340	265,269	
341	235,724	341	290,914	
342	235,772	342	263,781	
343	235,957	343	263,32	
344	235,409	344	288,685	
345	235,998	345	262,048	
346	236,089	346	262,125	
347	235,958	347	261,14	
348	233,855	348	287,811	
349	236,59	349	261,051	
350	234,964	350	260,153	
351	259,441	351	285,851	
352	235,074	352	259,577	
353	235,012	353	259,915	
354	235,491	354	259,517	
355	235,506	355	285,161	
356	234,549	356	258,848	
357	233,733	357	258,867	
358	232,114	358	284,109	
359	231,891	359	257,681	
360	231,534	360	258,1	
361	232,144	361	282,96	
362	231,315	362	256,451	
363	231,967	363	256,965	
364	231	364	282,079	
365	230,824	365	256,246	
366	230,096	366	256,194	
367	230,518	367	280,512	
368	229,723	368	254,476	
369	252,434	369	254,898	
370	229,234	370	255,248	
371	229,21	371	278,929	
372	229,147	372	253,375	
373	228,225	373	253,759	
374	228,655	374	278,907	
375	228,861	375	252,89	
376	229,573	376	252,586	
377	229,515	377	277,549	
378	229,129	378	252,109	
379	227,486	379	251,926	
380	227,271	380	251,43	
381	226,838	381	276,602	
382	226,841	382	251,132	
383	226,02	383	250,003	
384	225,652	384	275,151	
385	225,876	385	249,977	
386	224,256	386	249,992	
387	223,663	387	274,199	
388	222,985	388	248,707	
389	223,739	389	248,681	
390	222,493	390	248,231	
391	222,884	391	272,967	
392	223,254	392	247,728	
393	222,091	393	247,496	
394	221,955	394	271,749	
395	222,361	395	246,603	
396	220,944	396	246,365	
397	244,274	397	246,122	
398	221,624	398	270,385	
399	198,918	399	245,454	
400	219,439	400	245,44	
401	220,359	401	269,558	
402	218,013	402	244,772	
403	217,902	403	244,371	
404	217,729	404	243,627	
405	217,957	405	267,482	
406	218,252	406	242,627	
407	218,732	407	242,952	
408	217,841	408	266,436	
409	240,704	409	242,062	
410	218,263	410	240,883	
411	217,717	411	264,879	
412	216,826	412	240,524	
413	216,278	413	240,425	
414	215,677	414	263,757	
415	216,258	415	239,954	
416	217,353	416	240,006	
417	217,356	417	239,165	
418	216,208	418	263,166	
419	195,023	419	239,012	
420	237,241	420	238,364	
421	193,489	421	262,585	
422	214,804	422	237,862	
423	214,72	423	237,956	
424	214,507	424	238,259	
425	214,447	425	261,738	
426	214,163	426	236,951	
427	215,298	427	236,651	
428	214,569	428	260,334	
429	213,952	429	236,389	
430	213,263	430	235,701	
431	214,01	431	235,318	
432	213,735	432	258,485	
433	213,501	433	235,106	
434	213,315	434	235,104	
435	213,609	435	258,694	
436	212,74	436	234,064	
437	213,085	437	233,978	
438	210,968	438	234,544	
439	211,374	439	257,625	
440	210,895	440	233,871	
441	208,647	441	232,966	
442	209,555	442	256,867	
443	209,255	443	232,676	
444	229,866	444	232,33	
445	189,18	445	255,767	
446	229,518	446	231,62	
447	207,362	447	231,588	
448	208,774	448	253,357	
449	186,868	449	231,2	
450	229,22	450	230,275	
451	186,965	451	230,354	
452	207,472	452	252,289	
453	207,738	453	229,615	
454	207,599	454	229,199	
455	206,472	455	228,59	
456	204,768	456	251,583	
457	205,108	457	227,849	
458	206,456	458	228,089	
459	207,455	459	249,928	
460	206,695	460	227,22	
461	206,225	461	226,677	
462	205,46	462	249,218	
463	204,256	463	226,432	
464	202,97	464	247,843	
465	203,538	465	224,795	
466	204,762	466	246,523	
467	203,383	467	223,418	
468	203,008	468	222,996	
469	202,03	469	245,281	
470	202,64	470	221,692	
471	203,197	471	243,269	
472	202,738	472	220,804	
473	203,157	473	241,616	
474	203,006	474	242,136	
475	203,086	475	219,177	
476	202,771	476	240,134	
477	202,973	477	239,805	
478	202,284	478	216,586	
479	200,19	479	238,328	
480	200,922	480	238,093	
481	201,391	481	215,843	
482	200,284	482	237,332	
483	200,817	483	215,06	
484	201,371	484	236,031	
485	201,457	485	235,494	
486	200,333	486	214,041	
487	202,434	487	235,169	
488	201,997	488	235,06	
489	200,879	489	213,683	
490	201,55	490	234,959	
491	200,656	491	235,101	
492	200,731	492	213,654	
493	200,815	493	234,233	
494	199,958	494	234,111	
495	200,456	495	212,897	
496	199,071	496	234,201	
497	198,823	497	233,373	
498	197,695	498	211,833	
499	196,579	499	232,105	
500	176,401	500	232,212	
501	195,291	501	231,635	
502	195,662	502	210,131	
503	195,127	503	230,743	
504	194,471	504	229,826	
505	194,357	505	228,881	
506	195,022	506	207,878	
507	194,888	507	227,694	
508	194,104	508	227,283	
509	195,336	509	226,804	
510	194,532	510	206,336	
511	193,535	511	226,761	
512	192,356	512	226,085	
513	194,746	513	225,519	
514	194,006	514	204,512	
515	193,539	515	225,467	
516	192,698	516	224,376	
517	190,682	517	204,265	
518	192,346	518	225,141	
519	191,926	519	203,307	
520	192,299	520	224,2	
521	190,082	521	223,767	
522	190,587	522	203,116	
523	190,349	523	223,21	
524	189,265	524	223,037	
525	189,591	525	202,134	
526	187,929	526	222,322	
527	189,693	527	221,936	
528	188,475	528	201,505	
529	188,686	529	221,02	
530	187,937	530	221,055	
531	188,052	531	200,737	
532	187,508	532	219,885	
533	188,218	533	219,782	
534	187,18	534	200,329	
535	186,615	535	219,434	
536	168,897	536	218,995	
537	185,811	537	198,883	
538	186,154	538	217,532	
539	184,941	539	218,197	
540	184,498	540	197,715	
541	184,2	541	217,168	
542	183,916	542	216,461	
543	184,164	543	196,716	
544	183,492	544	215,083	
545	184,009	545	216,066	
546	182,905	546	195,555	
547	183,309	547	215,19	
548	183,943	548	195,139	
549	183,082	549	213,989	
550	182,843	550	214,405	
551	181,837	551	214,034	
552	164,636	552	193,737	
553	182,906	553	212,434	
554	181,017	554	212,299	
555	182,174	555	211,636	
556	181,903	556	192,265	
557	180,629	557	211,172	
558	181,152	558	211,025	
559	180,811	559	210,738	
560	179,357	560	190,614	
561	180,225	561	210,143	
562	179,29	562	209,636	
563	179,446	563	209,387	
564	179,651	564	190,169	
565	178,205	565	208,835	
566	179,59	566	207,902	
567	178,934	567	208,288	
568	160,752	568	189,119	
569	178,272	569	207,773	
570	178,667	570	206,889	
571	178,49	571	207,098	
572	177,73	572	187,773	
573	177,134	573	206,401	
574	177,546	574	206,069	
575	177,377	575	187,268	
576	176,93	576	205,578	
577	177,017	577	204,857	
578	176,959	578	204,929	
579	175,888	579	185,543	
580	176,93	580	204,202	
581	176,329	581	204,189	
582	175,749	582	204,285	
583	175,22	583	185,149	
584	174,659	584	203,685	
585	157,84	585	203,603	
586	175,325	586	184,409	
587	173,465	587	203,112	
588	173,364	588	203,093	
589	173,692	589	202,152	
590	173,333	590	183,363	
591	172,757	591	201,674	
592	172,37	592	200,955	
593	172,485	593	200,991	
594	171,97	594	182,631	
595	171,798	595	200,745	
596	171,643	596	200,433	
597	170,866	597	200,668	
598	170,635	598	181,769	
599	169,702	599	199,167	
600	171,74	600	199,087	
601	170,956	601	180,624	
602	171,56	602	198,61	
603	152,487	603	198,242	
604	169,689	604	198,105	
605	169,19	605	179,982	
606	168,655	606	196,693	
607	168,568	607	198,221	
608	168,668	608	197,018	
609	168,942	609	178,352	
610	168,656	610	195,593	
611	168,997	611	194,99	
612	168,823	612	195,556	
613	168,003	613	177,635	
614	167,78	614	195,464	
615	168,283	615	195,043	
616	168,19	616	194,861	
617	166,682	617	177,038	
618	167,774	618	194,403	
619	150,091	619	193,82	
620	165,692	620	193,694	
621	165,51	621	175,304	
622	166,223	622	193,233	
623	165,315	623	192,963	
624	165,479	624	192,539	
625	166,011	625	174,752	
626	165,867	626	191,577	
627	166,164	627	191,503	
628	166,565	628	191,401	
629	148,794	629	173,789	
630	165,654	630	191,002	
631	164,627	631	190,403	
632	164,111	632	190,157	
633	163,884	633	172,958	
634	163,21	634	190,473	
635	164,257	635	190,042	
636	164,076	636	189,379	
637	163,694	637	189,152	
638	163,243	638	171,91	
639	163,29	639	188,881	
640	163,417	640	188,406	
641	146,805	641	187,909	
642	162,609	642	186,62	
643	163,269	643	186,659	
644	162,263	644	186,352	
645	161,952	645	185,814	
646	162,866	646	185,831	
647	161,622	647	185,944	
648	161,37	648	185,692	
649	162,466	649	184,442	
650	145,713	650	184,488	
651	161,714	651	167,588	
652	161,595	652	183,894	
653	161,609	653	183,678	
654	160,779	654	183,589	
655	160,127	655	183,467	
656	159,92	656	183,163	
657	159,375	657	182,323	
658	159,47	658	182,31	
659	159,451	659	182,104	
660	142,851	660	182,611	
661	158,167	661	181,836	
662	158,611	662	181,205	
663	158,087	663	180,489	
664	158,545	664	181,073	
665	158,428	665	180,749	
666	157,047	666	180,277	
667	157,439	667	180,104	
668	158,443	668	179,644	
669	142,637	669	163,249	
670	158,253	670	179,734	
671	158,374	671	179,788	
672	157,908	672	179,662	
673	156,814	673	179,356	
674	157,768	674	179,052	
675	155,825	675	179,177	
676	155,646	676	178,317	
677	140,789	677	179,296	
678	155,03	678	178,111	
679	155,277	679	177,767	
680	154,434	680	177,647	
681	155,421	681	176,952	
682	155,308	682	177,039	
683	153,844	683	176,35	
684	153,539	684	177,28	
685	153,56	685	176,871	
686	154,258	686	176,118	
687	153,839	687	176,284	
688	139,179	688	160,034	
689	155,254	689	175,861	
690	153,39	690	175,634	
691	155,361	691	175,6	
692	153,665	692	175,645	
693	153,671	693	175,625	
694	153,535	694	175,543	
695	137,052	695	174,778	
696	153,087	696	175,205	
697	151,92	697	174,363	
698	152,671	698	174,43	
699	152,771	699	174,276	
700	151,902	700	174,611	
701	152,156	701	173,355	
702	151,386	702	174,753	
703	136,983	703	173,027	
704	152,008	704	173,664	
705	151,705	705	173,304	
706	151,24	706	173,093	
707	150,595	707	173,33	
708	150,958	708	172,792	
709	151,273	709	172,775	
710	135,946	710	172,641	
711	151,472	711	172,203	
712	150,287	712	171,994	
713	149,908	713	156,607	
714	149,22	714	172,424	
715	149,698	715	172,301	
716	150,302	716	172,444	
717	134,372	717	171,235	
718	150,203	718	171,032	
719	150,576	719	170,772	
720	150,309	720	170,686	
721	149,498	721	170,724	
722	150,301	722	170,479	
723	149,206	723	170,384	
724	148,482	724	170,228	
725	134,446	725	169,74	
726	148,919	726	170,173	
727	148,638	727	170,094	
728	147,838	728	169,548	
729	148,004	729	169,959	
730	147,263	730	168,841	
731	147,536	731	169,351	
732	133,566	732	168,312	
733	147,388	733	153,415	
734	147,854	734	168,8	
735	147,845	735	168,525	
736	148,409	736	167,933	
737	148,243	737	168,058	
738	133,396	738	168,739	
739	147,866	739	167,642	
740	146,973	740	167,617	
741	146,819	741	167,905	
742	147,716	742	167,551	
743	146,965	743	167,297	
744	147,81	744	166,766	
745	131,878	745	166,663	
746	146,168	746	166,521	
747	146,735	747	166,501	
748	146,029	748	166,953	
749	146,677	749	166,617	
750	146,5	750	150,961	
751	131,765	751	166,082	
752	145,173	752	165,551	
753	145,356	753	166,026	
754	144,173	754	165,15	
755	143,593	755	165,361	
756	143,256	756	165	
757	128,83	757	164,377	
758	144,493	758	164,1	
759	145,177	759	164,091	
760	144,603	760	163,912	
761	143,811	761	163,308	
762	143,243	762	163,127	
763	143,699	763	163,328	
764	129,964	764	163,311	
765	143,571	765	163,018	
766	143,174	766	162,667	
767	144,008	767	162,974	
768	144,284	768	148,127	
769	144,321	769	162,237	
770	129,364	770	162,436	
771	143,352	771	162,767	
772	142,541	772	162,338	
773	143,033	773	162,168	
774	142,722	774	161,975	
775	141,098	775	161,368	
776	127,833	776	161,779	
777	142,054	777	161,421	
778	141,297	778	161,526	
779	142,154	779	160,822	
780	141,883	780	160,645	
781	127,202	781	160,552	
782	141,508	782	160,219	
783	141,136	783	160,16	
784	141,075	784	145,6	
785	139,715	785	160,396	
786	139,057	786	159,646	
787	138,15	787	159,656	
788	125,345	788	159,262	
789	138,107	789	159,058	
790	137,446	790	158,212	
791	138,838	791	158,188	
792	124,839	792	157,468	
793	138,024	793	157,921	
794	139,489	794	157,83	
795	137,79	795	156,541	
796	138,469	796	156,978	
797	137,994	797	156,943	
798	124,168	798	156,369	
799	138,648	799	156,514	
800	138,738	800	156,179	
801	137,514	801	156,688	
802	137,238	802	156,023	
803	137,738	803	155,697	
804	123,39	804	155,43	
805	138,273	805	156,17	
806	137,171	806	155,052	
807	137,054	807	156,447	
808	136,804	808	141,53	
809	138,204	809	154,939	
810	137,214	810	154,636	
811	123,658	811	154,794	
812	137,135	812	155,206	
813	137,274	813	154,663	
814	137,169	814	155,146	
815	135,696	815	153,966	
816	135,404	816	153,458	
817	122,195	817	153,1	
818	135,212	818	153,445	
819	134,281	819	153,592	
820	134,162	820	152,888	
821	133,201	821	153,121	
822	135,231	822	152,354	
823	120,96	823	152,614	
824	134,383	824	152,339	
825	134,548	825	138,513	
826	134,926	826	151,818	
827	133,441	827	151,02	
828	133,475	828	151,164	
829	120,446	829	151,443	
830	132,857	830	150,754	
831	133,561	831	151,236	
832	132,766	832	150,37	
833	133,211	833	149,942	
834	119,951	834	150,022	
835	133,137	835	149,666	
836	132,473	836	149,393	
837	132,063	837	149,92	
838	131,62	838	149,363	
839	132,139	839	149,57	
840	118,771	840	149,273	
841	132,285	841	148,601	
842	132,343	842	149,103	
843	132,16	843	135,935	
844	132,2	844	148,22	
845	119,166	845	148,493	
846	130,539	846	148,06	
847	130,567	847	147,834	
848	130,971	848	147,258	
849	130,728	849	147,254	
850	130,618	850	147,094	
851	117,07	851	146,931	
852	128,909	852	146,223	
853	129,481	853	146,427	
854	127,704	854	146,667	
855	129,767	855	146,231	
856	129,526	856	145,825	
857	115,81	857	145,853	
858	129,505	858	132,55	
859	127,755	859	145,271	
860	128,19	860	145,176	
861	127,607	861	145,429	
862	128,133	862	145,389	
863	116,037	863	144,727	
864	128,447	864	144,586	
865	127,493	865	144,221	
866	126,464	866	144,29	
867	127,735	867	142,683	
868	114,237	868	143,432	
869	127,283	869	143,529	
870	127,153	870	142,971	
871	127,855	871	143,021	
872	127,196	872	142,835	
873	126,899	873	142,73	
874	114,329	874	142,893	
875	126,335	875	142,673	
876	126,387	876	141,473	
877	126,709	877	129,038	
878	126,502	878	142,002	
879	113,862	879	141,698	
880	127,047	880	141,377	
881	125,252	881	141,013	
882	125,454	882	141,623	
883	125,146	883	141,424	
884	113,149	884	141,278	
885	125,555	885	140,812	
886	125,164	886	140,721	
887	123,853	887	140,222	
888	123,993	888	127,825	
889	112,43	889	140,604	
890	124,347	890	140,902	
891	125,252	891	139,985	
892	124,216	892	140,571	
893	123,081	893	140,124	
894	110,948	894	139,602	
895	123,071	895	140,084	
896	122,064	896	139,35	
897	122,74	897	126,609	
898	123,033	898	138,696	
899	122,611	899	138,95	
900	110,627	900	139,108	
901	122,89	901	138,941	
902	122,741	902	138,357	
903	122,439	903	138,289	
904	110,172	904	125,94	
905	122,31	905	137,858	
906	121,593	906	138,124	
907	121,372	907	138,239	
908	122,088	908	137,794	
909	109,182	909	137,585	
910	120,909	910	136,606	
911	122,929	911	137,419	
912	121,562	912	136,986	
913	121,775	913	124,569	
914	109,267	914	137,321	
915	121,192	915	136,783	
916	121,064	916	136,375	
917	120,123	917	137,349	
918	120,74	918	137,136	
919	107,983	919	136,639	
920	120,04	920	136,431	
921	120,264	921	123,82	
922	118,658	922	136,719	
923	118,621	923	136,644	
924	107	924	135,393	
925	119,804	925	135,158	
926	119,266	926	135,053	
927	120,62	927	135,219	
928	120,046	928	122,866	
929	108,141	929	134,55	
930	118,873	930	134,279	
931	120,04	931	134,866	
932	118,411	932	134,892	
933	107,136	933	134,377	
934	119,627	934	134,379	
935	118,45	935	134,363	
936	118,817	936	122,204	
937	119,223	937	133,936	
938	106,947	938	134,048	
939	118,976	939	134,209	
940	118,747	940	133,176	
941	118,22	941	133,76	
942	117,215	942	133,377	
943	106,711	943	133,346	
944	117,131	944	121,58	
945	117,271	945	132,813	
946	116,957	946	133,136	
947	118,104	947	132,405	
948	105,167	948	132,447	
949	116,268	949	132,686	
950	116,827	950	132,338	
951	116,272	951	120,21	
952	104,634	952	132,164	
953	116,727	953	131,812	
954	116,777	954	131,988	
955	116,627	955	131,492	
956	116,793	956	131,359	
957	105,03	957	131,66	
958	116,847	958	119,24	
959	116,524	959	130,992	
960	115,945	960	131,512	
961	115,205	961	131,33	
962	103,458	962	131,276	
963	115,533	963	131,068	
964	115,506	964	130,133	
965	115,458	965	130,432	
966	115,13	966	129,609	
967	103,998	967	130,084	
968	115,432	968	117,926	
969	115,077	969	129,562	
970	115,395	970	129,738	
971	103,998	971	129,896	
972	113,789	972	129,18	
973	113,987	973	129,566	
974	113,194	974	117,911	
975	114,239	975	129,346	
976	103,479	976	129,514	
977	113,867	977	129,279	
978	113,834	978	128,374	
979	112,332	979	128,895	
980	101,357	980	116,658	
981	113,075	981	128,232	
982	112,92	982	127,917	
983	111,443	983	127,995	
984	101,861	984	127,548	
985	112,352	985	127,614	
986	112,723	986	115,494	
987	112,584	987	127,464	
988	112,313	988	127,271	
989	102,325	989	127,832	
990	111,407	990	126,839	
991	111,97	991	126,778	
992	111,861	992	126,531	
993	101,618	993	115,068	
994	112,44	994	126,849	
995	113,299	995	126,453	
996	113,881	996	126,169	
997	111,71	997	126,388	
998	99,9102	998	114,15	
999	112,139	999	125,905	
1000	111,904	1000	125,819	
1001	111,961	1001	125,792	
1002	100,231	1002	125,122	
1003	110,614	1003	124,64	
1004	110,956	1004	113,819	
1005	111,458	1005	124,841	
1006	110,753	1006	124,354	
1007	99,1018	1007	124,589	
1008	110,393	1008	124,133	
1009	109,711	1009	124,807	
1010	110,179	1010	123,956	
1011	110,479	1011	113,442	
1012	98,7585	1012	123,918	
1013	109,082	1013	123,942	
1014	108,317	1014	123,132	
1015	108,768	1015	123,157	
1016	98,5301	1016	123,335	
1017	108,773	1017	123,422	
1018	109,41	1018	112,664	
1019	108,895	1019	123,083	
1020	98,3075	1020	123,144	
1021	108,733	1021	122,723	
1022	107,891	1022	122,462	
1023	108,096	1023	122,757	
1024	108,884	1024	110,868	
1025	98,2209	1025	121,906	
1026	107,917	1026	122,339	
1027	109,428	1027	122,21	
1028	108,208	1028	121,546	
1029	97,4176	1029	121,397	
1030	109,098	1030	121,913	
1031	108,116	1031	121,809	
1032	108,26	1032	110,274	
1033	97,3282	1033	121,127	
1034	107,871	1034	121,257	
1035	108,23	1035	120,673	
1036	106,411	1036	120,62	
1037	96,849	1037	120,344	
1038	106,84	1038	120,761	
1039	107,388	1039	109,497	
1040	106,294	1040	120,641	
1041	95,7238	1041	120,956	
1042	106,192	1042	120,683	
1043	105,791	1043	119,865	
1044	106,813	1044	120,167	
1045	94,9045	1045	108,723	
1046	105,753	1046	119,481	
1047	105,699	1047	119,05	
1048	105,601	1048	119,419	
1049	95,3872	1049	118,903	
1050	105,281	1050	118,327	
1051	105,468	1051	118,86	
1052	105,354	1052	107,657	
1053	94,898	1053	118,163	
1054	104,663	1054	118,116	
1055	105,04	1055	118,103	
1056	105,144	1056	117,522	
1057	94,905	1057	117,697	
1058	104,312	1058	117,797	
1059	105,347	1059	106,126	
1060	105,364	1060	117,236	
1061	93,9759	1061	117,63	
1062	104,808	1062	116,985	
1063	104,013	1063	116,747	
1064	104,404	1064	117,017	
1065	94,7589	1065	116,931	
1066	104,015	1066	106,063	
1067	105,366	1067	116,583	
1068	105,151	1068	116,713	
1069	105,027	1069	116,653	
1070	95,0152	1070	116,248	
1071	104,496	1071	115,84	
1072	104,318	1072	116,564	
1073	104,046	1073	105,404	
1074	93,6555	1074	116,285	
1075	103,579	1075	116,232	
1076	103,114	1076	116,104	
1077	102,346	1077	116,084	
1078	92,0683	1078	115,425	
1079	101,722	1079	115,419	
1080	101,472	1080	114,819	
1081	101,672	1081	104,277	
1082	101,922	1082	114,672	
1083	91,2289	1083	114,87	
1084	101,264	1084	114,275	
1085	101,372	1085	114,05	
1086	101,623	1086	114,391	
1087	92,3563	1087	103,397	
1088	101,37	1088	113,131	
1089	101,328	1089	113,69	
1090	101,639	1090	113,201	
1091	91,2196	1091	112,737	
1092	101,848	1092	112,887	
1093	100,793	1093	113,055	
1094	101,209	1094	102,498	
1095	90,7445	1095	113,061	
1096	100,242	1096	112,398	
1097	100,567	1097	112,495	
1098	101,062	1098	111,812	
1099	90,4221	1099	111,935	
1100	100,237	1100	112,181	
1101	100,252	1101	101,153	
1102	100,306	1102	111,715	
1103	90,1659	1103	111,816	
1104	99,7232	1104	111,673	
1105	100,47	1105	111,753	
1106	100,164	1106	111,097	
1107	89,3348	1107	111,298	
1108	98,7133	1108	101,562	
1109	98,7464	1109	110,896	
1110	98,6809	1110	110,896	
1111	89,7314	1111	110,678	
1112	98,5043	1112	110,15	
1113	98,1331	1113	110,45	
1114	98,4654	1114	100,217	
1115	87,9566	1115	109,916	
1116	97,4152	1116	110,076	
1117	97,1591	1117	109,959	
1118	98,2884	1118	109,653	
1119	88,7045	1119	109,648	
1120	99,0687	1120	108,878	
1121	98,9735	1121	109,174	
1122	98,6081	1122	99,02	
1123	88,0635	1123	108,957	
1124	98,0107	1124	108,615	
1125	97,7308	1125	108,394	
1126	87,5231	1126	108,782	
1127	97,2338	1127	108,667	
1128	97,4494	1128	98,2164	
1129	96,8798	1129	108,643	
1130	87,6331	1130	108,256	
1131	96,9356	1131	107,985	
1132	96,6248	1132	107,958	
1133	95,214	1133	107,915	
1134	85,8575	1134	108,003	
1135	96,3063	1135	107,523	
1136	96,6609	1136	97,9297	
1137	86,168	1137	107,61	
1138	95,1071	1138	107,041	
1139	95,9908	1139	106,763	
1140	95,9141	1140	106,904	
1141	86,8049	1141	106,97	
1142	96,826	1142	96,9761	
1143	95,6903	1143	106,403	
1144	86,3075	1144	106,307	
1145	95,8962	1145	106,36	
1146	95,5741	1146	105,846	
1147	96,0509	1147	106,045	
1148	95,5184	1148	106,027	
1149	85,8926	1149	96,3183	
1150	95,3487	1150	105,852	
1151	94,4282	1151	106,133	
1152	93,9519	1152	105,871	
1153	84,6306	1153	105,458	
1154	92,8161	1154	106,004	
1155	93,5696	1155	95,8894	
1156	93,8731	1156	104,934	
1157	84,3516	1157	105,216	
1158	92,8432	1158	104,928	
1159	93,6124	1159	104,709	
1160	93,2503	1160	104,288	
1161	84,0873	1161	104,008	
1162	92,0751	1162	94,553	
1163	92,2592	1163	103,774	
1164	83,5506	1164	103,774	
1165	92,2437	1165	103,774	
1166	92,9845	1166	103,572	
1167	92,4608	1167	102,802	
1168	82,7431	1168	93,6074	
1169	92,0348	1169	102,523	
1170	92,7336	1170	102,259	
1171	82,7395	1171	102,445	
1172	92,2265	1172	102,61	
1173	91,6787	1173	102,558	
1174	92,8132	1174	102,224	
1175	83,6475	1175	93,2817	
1176	91,8381	1176	102,216	
1177	91,8973	1177	102,06	
1178	91,4276	1178	102,471	
1179	81,8037	1179	101,724	
1180	92,098	1180	101,64	
1181	90,9135	1181	101,464	
1182	91,3907	1182	101,974	
1183	81,895	1183	91,8408	
1184	90,5581	1184	101,368	
1185	90,6568	1185	101,631	
1186	90,0702	1186	101,185	
1187	80,7719	1187	100,916	
1188	89,274	1188	100,873	
1189	88,9866	1189	100,536	
1190	89,2004	1190	91,1198	
1191	79,7748	1191	99,9245	
1192	89,0354	1192	100,057	
1193	89,0376	1193	99,0936	
1194	80,5774	1194	99,4606	
1195	89,8646	1195	98,6927	
1196	89,7299	1196	99,9886	
1197	89,9857	1197	89,6638	
1198	80,1093	1198	99,0247	
1199	88,2057	1199	98,8928	
1200	89,0778	1200	98,8071	
1201	79,5743	1201	98,6137	
