Time - Plot 0	Degrees Celsius - Plot 0	Time - Plot 1	Degrees Celsius - Plot 1	Time - Plot 2	Degrees Celsius - Plot 2	Time - Plot 3	Degrees Celsius - Plot 3	Time - Plot 4	Degrees Celsius - Plot 4	
0	58,7499	0	22,7274	0	19,9597	0	20,5038	0	17,835	
1	58,6898	1	22,718	1	19,9711	1	20,4659	1	17,8378	
2	58,7373	2	22,7274	2	19,9749	2	20,5029	2	17,8411	
3	58,7705	3	22,751	3	20,0104	3	20,5199	3	17,8858	
4	58,7772	4	22,7256	4	19,9949	4	20,4797	4	17,8522	
5	58,8159	5	22,779	5	19,9801	5	20,4958	5	17,8198	
6	58,8629	6	22,9952	6	20,0943	6	20,4894	6	17,8401	
7	58,9694	7	22,9526	7	20,3699	7	20,5207	7	17,8529	
8	59,0217	8	22,7597	8	20,4185	8	20,5034	8	17,8787	
9	58,9598	9	22,8417	9	20,3978	9	20,504	9	17,8395	
10	58,9741	10	23,9945	10	20,4722	10	20,5059	10	17,8732	
11	59,0264	11	25,3944	11	20,4849	11	20,4915	11	17,8369	
12	58,9927	12	25,768	12	20,5803	12	20,5258	12	17,886	
13	58,9559	13	25,9583	13	20,6757	13	20,495	13	17,8651	
14	58,8506	14	25,8531	14	20,7948	14	20,5145	14	17,8757	
15	58,8898	15	25,6256	15	21,0978	15	20,5084	15	17,8657	
16	58,8627	16	25,3715	16	21,5181	16	20,4927	16	17,8723	
17	58,8271	17	25,214	17	21,824	17	20,4844	17	17,8502	
18	58,793	18	25,1521	18	22,1284	18	20,2737	18	17,9875	
19	58,757	19	25,0357	19	22,5743	19	18,395	19	20,6079	
20	58,7723	20	24,9969	20	22,9283	20	18,298	20	22,1016	
21	58,7513	21	25,0025	21	23,4383	21	18,4182	21	22,5988	
22	58,7746	22	25,0334	22	23,492	22	18,445	22	22,9109	
23	58,7992	23	25,0421	23	23,4718	23	18,457	23	22,6233	
24	58,704	24	25,0699	24	23,096	24	18,4717	24	22,0233	
25	58,7068	25	25,0979	25	22,7602	25	18,4077	25	21,7207	
26	58,707	26	25,2418	26	22,502	26	18,0716	26	21,5135	
27	58,757	27	25,4372	27	22,1861	27	17,3161	27	21,2783	
28	58,7522	28	25,588	28	22,0764	28	16,9654	28	21,2312	
29	58,7312	29	25,696	29	21,9327	29	16,6736	29	21,1049	
30	58,7487	30	25,984	30	21,9077	30	16,3844	30	21,0187	
31	58,7458	31	26,3052	31	21,8077	31	16,2078	31	20,8664	
32	58,7472	32	27,2399	32	21,7919	32	16,0806	32	20,7521	
33	57,8267	33	27,6735	33	21,8247	33	15,9507	33	20,7047	
34	56,2487	34	27,9433	34	21,8492	34	15,8716	34	20,6927	
35	55,3739	35	28,6085	35	22,018	35	15,7847	35	20,7783	
36	55,4224	36	29,157	36	22,1451	36	15,7263	36	20,8567	
37	55,376	37	29,8382	37	22,3266	37	15,6778	37	21,0151	
38	55,8968	38	31,0067	38	22,6577	38	15,588	38	21,2148	
39	55,8297	39	31,7747	39	22,8946	39	15,5635	39	21,3549	
40	54,9494	40	32,7469	40	23,2127	40	15,5017	40	21,6071	
41	55,68	41	33,2798	41	23,3843	41	15,4911	41	21,824	
42	55,1339	42	33,702	42	23,5191	42	15,4539	42	22,0447	
43	54,7727	43	34,3171	43	23,9405	43	15,4254	43	22,3294	
44	54,6911	44	34,584	44	24,2375	44	15,3779	44	22,3976	
45	54,554	45	34,8675	45	24,5989	45	15,3686	45	22,6015	
46	54,4075	46	35,45	46	24,8734	46	15,3186	46	23,0062	
47	54,3304	47	35,9669	47	25,0796	47	15,2793	47	23,2354	
48	53,9088	48	36,8116	48	25,5534	48	15,2657	48	23,5312	
49	53,6423	49	37,4483	49	25,816	49	15,2577	49	23,7376	
50	53,7882	50	38,0323	50	26,1959	50	15,2277	50	23,9149	
51	53,4603	51	39,2209	51	26,5858	51	15,2136	51	24,2512	
52	53,4913	52	39,9014	52	26,8844	52	15,228	52	24,4834	
53	53,408	53	40,4701	53	27,1928	53	15,1994	53	24,766	
54	53,2704	54	41,1262	54	27,7231	54	15,1843	54	25,1554	
55	53,3157	55	41,3831	55	28,0232	55	15,1753	55	25,3594	
56	52,8682	56	41,6227	56	28,5036	56	15,1496	56	25,8047	
57	52,9581	57	41,8837	57	28,9918	57	15,1325	57	26,0667	
58	52,9284	58	42,1111	58	29,268	58	15,1344	58	26,2757	
59	52,6381	59	42,4793	59	29,4764	59	15,0977	59	26,7172	
60	52,8561	60	42,7847	60	29,7159	60	15,1063	60	26,8064	
61	52,7114	61	43,1375	61	29,7541	61	15,1165	61	26,9984	
62	52,7097	62	43,6109	62	30,1156	62	15,0569	62	27,1295	
63	52,4709	63	43,9596	63	30,2425	63	15,0807	63	27,2525	
64	53,0787	64	44,1873	64	30,5375	64	15,0605	64	27,5723	
65	52,1816	65	44,3056	65	30,8799	65	15,048	65	27,6867	
66	51,6971	66	44,4181	66	31,0426	66	15,0424	66	27,8363	
67	52,3246	67	44,6759	67	31,3434	67	15,0193	67	28,0824	
68	51,945	68	44,9343	68	31,2641	68	15,0384	68	28,2105	
69	51,5808	69	45,1734	69	31,5779	69	15,0234	69	28,3148	
70	51,7463	70	45,4465	70	31,7618	70	15,0009	70	28,4484	
71	51,9228	71	45,6137	71	31,7302	71	14,9835	71	28,4765	
72	51,8609	72	45,9216	72	31,986	72	15,0098	72	28,6549	
73	51,7103	73	46,0941	73	32,0161	73	15,0236	73	28,7915	
74	51,578	74	46,2203	74	32,179	74	15,0123	74	28,8679	
75	51,1163	75	46,4289	75	32,355	75	14,9843	75	29,0129	
76	51,1432	76	46,601	76	32,4429	76	14,9944	76	29,0347	
77	51,3973	77	46,6943	77	32,7161	77	14,9842	77	29,1361	
78	50,7638	78	46,8954	78	32,9084	78	14,989	78	29,3003	
79	50,7911	79	47,0647	79	32,8711	79	14,9573	79	29,3231	
80	51,5059	80	47,4206	80	32,9389	80	14,9728	80	29,5008	
81	50,7744	81	47,5903	81	33,1135	81	14,9773	81	29,6026	
82	50,577	82	47,7278	82	33,0708	82	14,9858	82	29,5513	
83	51,2005	83	47,9536	83	33,2802	83	14,9619	83	29,767	
84	51,4128	84	48,1062	84	33,3504	84	14,9614	84	29,8619	
85	51,1763	85	48,2093	85	33,6123	85	14,966	85	29,874	
86	51,5461	86	48,3398	86	33,5977	86	14,9379	86	30,0645	
87	51,685	87	48,4116	87	33,8888	87	14,9556	87	30,1807	
88	51,3855	88	48,5605	88	33,9487	88	14,9669	88	30,2342	
89	50,9501	89	48,6376	89	34,0936	89	14,9744	89	30,3195	
90	50,7896	90	48,7076	90	34,0245	90	14,9702	90	30,4132	
91	50,972	91	48,7232	91	34,1058	91	14,9577	91	30,4393	
92	50,9543	92	48,7812	92	34,3153	92	14,9426	92	30,4358	
93	50,8736	93	48,8518	93	34,4224	93	14,9377	93	30,5733	
94	51,1363	94	48,9162	94	34,4586	94	14,9483	94	30,6148	
95	50,9141	95	48,8989	95	34,4729	95	14,9733	95	30,6522	
96	50,6955	96	48,9408	96	34,4919	96	14,9751	96	30,5834	
97	50,7562	97	48,9372	97	34,5842	97	14,947	97	30,6906	
98	50,7191	98	48,998	98	34,627	98	14,9877	98	30,7401	
99	50,9603	99	48,9716	99	34,5179	99	14,9744	99	30,7321	
100	50,9521	100	48,9722	100	34,5358	100	14,9602	100	30,5739	
101	50,9211	101	48,9288	101	34,4048	101	14,947	101	30,5068	
102	50,7999	102	48,9596	102	34,1311	102	14,9634	102	30,3468	
103	50,7391	103	48,9739	103	34,088	103	14,9834	103	30,249	
104	50,7398	104	48,9869	104	33,8937	104	14,9929	104	30,1428	
105	50,8195	105	48,9667	105	33,8193	105	14,9707	105	30,0818	
106	50,7398	106	49,0157	106	33,8671	106	14,973	106	30,0743	
107	50,6699	107	49,0454	107	33,915	107	14,9756	107	30,1007	
108	50,6677	108	49,0548	108	33,8748	108	14,9914	108	30,0689	
109	50,6417	109	49,011	109	33,9949	109	14,9568	109	30,108	
110	50,6333	110	49,0698	110	34,002	110	14,9669	110	30,1373	
111	50,5891	111	49,0672	111	34,0701	111	14,9928	111	30,161	
112	50,5445	112	49,0101	112	34,0619	112	14,9597	112	30,1711	
113	50,5307	113	48,9467	113	34,0173	113	14,9882	113	30,2161	
114	50,5012	114	48,9012	114	34,0655	114	14,9595	114	30,3256	
115	50,5175	115	48,7778	115	34,125	115	14,9691	115	30,3496	
116	50,5398	116	48,6625	116	34,3062	116	14,9476	116	30,2993	
117	50,5621	117	48,6411	117	34,2353	117	14,9751	117	30,3743	
118	50,565	118	48,564	118	34,2201	118	14,9953	118	30,334	
119	50,5603	119	48,5083	119	34,2873	119	14,9975	119	30,3099	
120	50,5352	120	48,4581	120	34,141	120	14,9691	120	30,2067	
121	50,513	121	48,3821	121	34,0289	121	14,9786	121	30,1986	
122	50,492	122	48,3582	122	34,0394	122	14,9811	122	30,1885	
123	50,1828	123	48,3255	123	33,9487	123	14,9798	123	30,111	
124	50,1323	124	48,1995	124	33,9214	124	14,9469	124	30,0667	
125	50,1048	125	48,1919	125	33,9183	125	14,9685	125	30,027	
126	49,897	126	48,1318	126	33,8857	126	14,9558	126	30,0412	
127	49,8293	127	48,1382	127	33,9395	127	14,9824	127	30,035	
128	49,6093	128	48,156	128	33,8816	128	14,9469	128	29,9737	
129	49,3854	129	48,1066	129	33,8643	129	14,9479	129	29,9342	
130	49,3461	130	48,1462	130	33,8609	130	14,9549	130	29,9679	
131	49,2268	131	48,1068	131	33,8266	131	14,98	131	29,9646	
132	49,3598	132	48,0954	132	33,7781	132	14,9735	132	29,9478	
133	49,3726	133	48,1039	133	33,8312	133	14,9842	133	29,956	
134	49,3025	134	48,0494	134	33,7844	134	14,9833	134	29,9189	
135	49,2654	135	48,0703	135	33,7522	135	14,9886	135	29,9448	
136	49,1285	136	48,0014	136	33,7242	136	14,9759	136	29,9149	
137	49,1009	137	48,0277	137	33,7494	137	14,9953	137	29,9133	
138	49,1435	138	47,9364	138	33,7221	138	14,9743	138	29,917	
139	49,0547	139	47,8378	139	33,7829	139	14,9904	139	29,8939	
140	49,1098	140	47,8176	140	33,6838	140	14,9615	140	29,8386	
141	49,0929	141	47,8442	141	33,6966	141	14,986	141	29,8539	
142	49,1778	142	47,7709	142	33,7115	142	14,9826	142	29,8472	
143	49,3267	143	47,7485	143	33,6537	143	14,9529	143	29,8037	
144	49,4237	144	47,7018	144	33,7175	144	14,9682	144	29,8061	
145	49,5414	145	47,6631	145	33,654	145	14,985	145	29,8237	
146	49,3608	146	47,6244	146	33,7296	146	14,9595	146	29,7661	
147	49,2335	147	47,5444	147	33,6477	147	14,9753	147	29,7779	
148	49,126	148	47,5056	148	33,7892	148	14,9935	148	29,7705	
149	48,9365	149	47,3661	149	33,5305	149	14,9724	149	29,7158	
150	48,7002	150	47,3415	150	33,5085	150	14,9814	150	29,6927	
151	48,6543	151	47,3344	151	33,6049	151	14,9546	151	29,6616	
152	48,3666	152	47,2927	152	33,4876	152	14,9731	152	29,652	
153	48,4128	153	47,28	153	33,5062	153	14,9773	153	29,6096	
154	48,4986	154	47,2686	154	33,4876	154	14,9798	154	29,5933	
155	48,5445	155	47,2478	155	33,4174	155	14,9708	155	29,5637	
156	48,6921	156	47,2305	156	33,4683	156	14,9844	156	29,5372	
157	48,7978	157	47,1812	157	33,3725	157	14,9819	157	29,5394	
158	48,7413	158	47,1982	158	33,3433	158	14,9679	158	29,5039	
159	48,6761	159	47,1837	159	33,4355	159	14,9645	159	29,5231	
160	48,471	160	47,2095	160	33,3008	160	14,9805	160	29,4966	
161	48,4132	161	47,1594	161	33,3092	161	14,9466	161	29,4654	
162	48,3638	162	47,1754	162	33,3323	162	14,9549	162	29,4638	
163	48,1156	163	47,0832	163	33,2733	163	14,9544	163	29,4234	
164	48,0781	164	47,0893	164	33,2555	164	14,9759	164	29,4154	
165	48,0133	165	47,0441	165	33,3167	165	14,9375	165	29,3944	
166	48,0583	166	47,002	166	33,2844	166	14,9162	166	29,4241	
167	48,0701	167	46,9988	167	33,1893	167	14,9467	167	29,4561	
168	48,1083	168	46,9738	168	33,351	168	14,951	168	29,4482	
169	48,0208	169	46,9579	169	33,2641	169	14,9494	169	29,4132	
170	47,9963	170	46,9104	170	33,2142	170	14,9368	170	29,3777	
171	48,0173	171	46,8238	171	33,2123	171	14,9287	171	29,4139	
172	47,8582	172	46,8046	172	33,215	172	14,9371	172	29,3276	
173	47,6566	173	46,7549	173	33,235	173	14,9407	173	29,3567	
174	47,5976	174	46,7192	174	33,227	174	14,915	174	29,295	
175	47,5435	175	46,7516	175	33,1219	175	14,9321	175	29,3311	
176	47,5886	176	46,7403	176	33,2226	176	14,9238	176	29,3098	
177	47,571	177	46,7097	177	33,1368	177	14,9548	177	29,2666	
178	47,6145	178	46,664	178	33,1403	178	14,9473	178	29,2475	
179	47,7062	179	46,68	179	32,9764	179	14,9123	179	29,1926	
180	47,6488	180	46,6311	180	32,9476	180	14,9207	180	29,1618	
181	47,7339	181	46,5787	181	32,8945	181	14,9391	181	29,1217	
182	47,7217	182	46,5732	182	32,8824	182	14,9435	182	29,0719	
183	47,8088	183	46,5226	183	32,8865	183	14,942	183	29,0643	
184	47,7272	184	46,451	184	32,8741	184	14,9432	184	29,0467	
185	47,726	185	46,4416	185	32,8495	185	14,9573	185	29,0554	
186	47,5919	186	46,3758	186	32,7155	186	14,9135	186	29,0517	
187	47,3967	187	46,3416	187	32,762	187	14,9046	187	28,9836	
188	47,3397	188	46,3141	188	32,7224	188	14,9273	188	28,9608	
189	47,2903	189	46,2949	189	32,7452	189	14,909	189	28,9663	
190	47,1289	190	46,2989	190	32,8473	190	14,8988	190	28,9063	
191	47,0768	191	46,3084	191	32,7935	191	14,8875	191	28,9225	
192	47,0947	192	46,2704	192	32,7157	192	14,9147	192	28,8882	
193	47,0896	193	46,2406	193	32,7854	193	14,946	193	28,9191	
194	47,0107	194	46,1352	194	32,7309	194	14,9111	194	28,9213	
195	46,9841	195	46,0782	195	32,555	195	14,913	195	28,8592	
196	47,0569	196	46,0371	196	32,7409	196	14,8884	196	28,8405	
197	46,9568	197	45,9842	197	32,5921	197	14,9083	197	28,8371	
198	47,0225	198	45,9331	198	32,6005	198	14,8963	198	28,8182	
199	47,0738	199	45,9405	199	32,6122	199	14,9206	199	28,8012	
200	47,1009	200	45,877	200	32,5991	200	14,8753	200	28,7782	
201	47,1868	201	45,8744	201	32,6128	201	14,9022	201	28,8023	
202	47,1347	202	45,8946	202	32,638	202	14,9348	202	28,845	
203	47,0591	203	45,8356	203	32,5933	203	14,9104	203	28,7728	
204	47,0947	204	45,8221	204	32,5881	204	14,9104	204	28,7404	
205	47,0259	205	45,7869	205	32,6059	205	14,9009	205	28,7827	
206	47,0354	206	45,7359	206	32,5159	206	14,91	206	28,7239	
207	46,9939	207	45,7385	207	32,5673	207	14,924	207	28,75	
208	46,8097	208	45,7054	208	32,4611	208	14,9086	208	28,7664	
209	46,7	209	45,7123	209	32,4203	209	14,9157	209	28,7173	
210	46,7066	210	45,7531	210	32,5113	210	14,94	210	28,6966	
211	46,6272	211	45,7052	211	32,543	211	14,9417	211	28,7656	
212	46,6373	212	45,6439	212	32,5701	212	14,9245	212	28,703	
213	46,513	213	45,5347	213	32,6918	213	14,9028	213	28,8571	
214	46,4382	214	45,495	214	32,6868	214	14,9383	214	28,8733	
215	46,4459	215	45,4865	215	32,7566	215	14,9277	215	28,9508	
216	46,4391	216	45,4349	216	32,7813	216	14,919	216	28,9827	
217	46,3554	217	45,4327	217	32,8142	217	14,9181	217	28,98	
218	46,3667	218	45,4167	218	32,806	218	14,9121	218	28,9882	
219	45,961	219	45,4162	219	32,8252	219	14,9345	219	29,0545	
220	46,1515	220	45,4203	220	32,9522	220	14,9097	220	29,1326	
221	45,6999	221	45,4837	221	33,0398	221	14,9353	221	29,2162	
222	45,8641	222	45,5045	222	33,0021	222	14,9513	222	29,2029	
223	45,8349	223	45,499	223	33,1345	223	14,9448	223	29,1965	
224	45,4744	224	45,4834	224	33,0277	224	14,914	224	29,1971	
225	45,6801	225	45,4951	225	33,1436	225	14,946	225	29,1962	
226	45,4097	226	45,4799	226	33,0481	226	14,9594	226	29,2326	
227	45,3114	227	45,5024	227	33,0591	227	14,9625	227	29,2705	
228	45,5266	228	45,5191	228	33,1482	228	14,9583	228	29,2601	
229	45,1088	229	45,488	229	33,1009	229	14,9287	229	29,2714	
230	44,9711	230	45,5182	230	33,0971	230	14,924	230	29,247	
231	45,0539	231	45,5091	231	33,0795	231	14,9509	231	29,2632	
232	45,0063	232	45,4461	232	33,0941	232	14,9471	232	29,1856	
233	45,3909	233	45,4513	233	33,203	233	14,9487	233	29,2276	
234	45,3016	234	45,4507	234	33,1174	234	14,947	234	29,2716	
235	44,9897	235	45,4476	235	33,1781	235	14,9553	235	29,2553	
236	44,9251	236	45,4344	236	33,1577	236	14,9665	236	29,2377	
237	45,2086	237	45,4232	237	33,1483	237	14,9622	237	29,256	
238	45,4307	238	45,4165	238	33,0993	238	14,9739	238	29,2261	
239	45,5126	239	45,3601	239	33,0053	239	14,9674	239	29,2489	
240	44,7827	240	45,3725	240	33,0469	240	14,9863	240	29,2841	
241	44,5025	241	45,3351	241	33,0058	241	14,9513	241	29,2579	
242	44,7628	242	45,2969	242	33,0783	242	14,9744	242	29,2079	
243	44,7459	243	45,2989	243	33,039	243	14,9712	243	29,2513	
244	44,6247	244	45,272	244	32,9823	244	14,9602	244	29,2277	
245	45,0097	245	45,2451	245	33,0438	245	14,9746	245	29,2254	
246	44,8595	246	45,2164	246	33,0822	246	14,9979	246	29,2108	
247	44,5599	247	45,2027	247	33,1036	247	14,9815	247	29,1669	
248	44,9902	248	45,1766	248	33,0388	248	15,0057	248	29,1522	
249	44,5983	249	45,1414	249	32,9952	249	14,9771	249	29,091	
250	44,6678	250	45,1259	250	33,0574	250	15,0132	250	29,12	
251	44,4927	251	45,083	251	32,9774	251	14,9743	251	29,1315	
252	44,737	252	45,0264	252	32,9817	252	14,9587	252	29,0958	
253	44,5593	253	45,0012	253	32,9702	253	14,9828	253	29,074	
254	44,5809	254	45,0036	254	32,8465	254	14,9938	254	29,1267	
255	44,5186	255	44,9582	255	32,9221	255	14,9901	255	29,1438	
256	43,9989	256	44,9321	256	32,9374	256	15,0027	256	29,0796	
257	44,4961	257	44,8835	257	32,8574	257	14,99	257	29,0995	
258	44,6368	258	44,8965	258	32,8583	258	15,0172	258	29,0991	
259	44,8473	259	44,829	259	32,8121	259	14,9969	259	29,088	
260	44,9944	260	44,7826	260	32,815	260	15,0003	260	29,0325	
261	44,9619	261	44,7314	261	32,7651	261	15,0035	261	28,997	
262	44,476	262	44,6798	262	32,7383	262	15,0053	262	28,9936	
263	44,5104	263	44,6759	263	32,6949	263	14,9999	263	28,9676	
264	44,8168	264	44,6573	264	32,7371	264	14,9932	264	28,9615	
265	44,8724	265	44,6314	265	32,6312	265	14,9842	265	28,9488	
266	44,5205	266	44,6414	266	32,6375	266	15,0239	266	28,8648	
267	44,7192	267	44,5933	267	32,5665	267	14,977	267	28,8024	
268	44,7706	268	44,6117	268	32,5897	268	15,0268	268	28,8262	
269	44,7325	269	44,5406	269	32,6173	269	15,0105	269	28,8143	
270	44,6505	270	44,5393	270	32,5611	270	15,0263	270	28,8055	
271	44,5273	271	44,512	271	32,5129	271	15,0246	271	28,7802	
272	44,5612	272	44,4699	272	32,4849	272	15,019	272	28,7229	
273	44,5162	273	44,4904	273	32,5379	273	15,0371	273	28,7695	
274	44,486	274	44,432	274	32,3823	274	14,9872	274	28,6882	
275	44,1843	275	44,4151	275	32,4201	275	14,9923	275	28,6551	
276	43,9755	276	44,3695	276	32,3106	276	14,9868	276	28,6544	
277	44,2466	277	44,3805	277	32,3917	277	15,0292	277	28,6878	
278	44,3663	278	44,3423	278	32,3996	278	15,0328	278	28,6415	
279	44,4151	279	44,3054	279	32,3486	279	14,9897	279	28,6346	
280	44,4667	280	44,2644	280	32,3199	280	15,0081	280	28,602	
281	44,3603	281	44,2313	281	32,3708	281	15,0113	281	28,6352	
282	44,304	282	44,1389	282	32,2812	282	15,0142	282	28,5618	
283	44,3084	283	44,0794	283	32,2718	283	15,007	283	28,5448	
284	44,2133	284	44,0837	284	32,3362	284	15,0428	284	28,5586	
285	44,1704	285	44,0273	285	32,2633	285	15,0049	285	28,5438	
286	44,3709	286	43,9371	286	32,2204	286	14,9715	286	28,5008	
287	44,2818	287	43,8792	287	32,1079	287	15,012	287	28,5173	
288	44,2093	288	43,821	288	32,2237	288	15,0157	288	28,4452	
289	44,2439	289	43,825	289	32,139	289	15,0327	289	28,4125	
290	44,3511	290	43,785	290	32,0958	290	15,0093	290	28,3734	
291	44,4248	291	43,7719	291	32,0385	291	15,0192	291	28,3446	
292	44,4351	292	43,7364	292	32,0247	292	15,0047	292	28,3114	
293	44,2629	293	43,6974	293	31,9683	293	14,9794	293	28,2977	
294	44,2631	294	43,679	294	31,9684	294	14,9981	294	28,2465	
295	43,9848	295	43,6197	295	31,9569	295	15,0035	295	28,2716	
296	43,8347	296	43,5818	296	31,913	296	14,9709	296	28,1909	
297	43,8296	297	43,5706	297	31,9204	297	14,9804	297	28,1965	
298	43,8386	298	43,4843	298	31,8628	298	14,9643	298	28,2295	
299	43,8347	299	43,4918	299	31,8318	299	15,0005	299	28,2225	
300	43,8558	300	43,4186	300	31,7748	300	14,9988	300	28,1869	
301	43,7201	301	43,3772	301	31,8395	301	14,9935	301	28,2123	
302	43,6371	302	43,3251	302	31,7559	302	14,9916	302	28,1585	
303	43,6079	303	43,2738	303	31,7703	303	14,9637	303	28,1545	
304	43,5557	304	43,2429	304	31,7549	304	14,9968	304	28,1086	
305	43,487	305	43,2104	305	31,7461	305	14,9535	305	28,0531	
306	43,5684	306	43,2203	306	31,6589	306	14,9679	306	28,0297	
307	43,5643	307	43,203	307	31,7307	307	14,9512	307	27,973	
308	43,6734	308	43,1533	308	31,6142	308	14,9459	308	27,9542	
309	43,6855	309	43,1464	309	31,5683	309	14,9445	309	27,9627	
310	43,7161	310	43,1122	310	31,6356	310	14,9647	310	27,9997	
311	43,6657	311	43,0606	311	31,5445	311	14,9623	311	28,0204	
312	43,6085	312	43,0557	312	31,5612	312	14,9692	312	27,949	
313	43,5703	313	43,0198	313	31,5713	313	14,9362	313	27,9286	
314	43,2838	314	42,9664	314	31,47	314	14,953	314	27,9117	
315	43,2821	315	42,9707	315	31,5006	315	14,9478	315	27,8986	
316	43,2468	316	42,9671	316	31,4665	316	14,9604	316	27,9119	
317	43,2343	317	42,9236	317	31,4732	317	14,9509	317	27,889	
318	43,3484	318	42,9217	318	31,5262	318	14,979	318	27,8475	
319	43,1995	319	42,8597	319	31,4045	319	14,9293	319	27,8653	
320	43,2018	320	42,8348	320	31,4375	320	14,92	320	27,8664	
321	43,1816	321	42,815	321	31,4433	321	14,9416	321	27,8091	
322	43,3195	322	42,7818	322	31,39	322	14,939	322	27,8258	
323	43,1131	323	42,7233	323	31,3732	323	14,9315	323	27,8372	
324	42,9907	324	42,6417	324	31,3072	324	14,9026	324	27,7879	
325	42,9127	325	42,5698	325	31,2792	325	14,9065	325	27,7291	
326	42,9273	326	42,5654	326	31,2409	326	14,9106	326	27,7035	
327	42,8835	327	42,5218	327	31,3256	327	14,9031	327	27,6994	
328	42,827	328	42,5077	328	31,2009	328	14,8853	328	27,6492	
329	42,6976	329	42,5091	329	31,207	329	14,8934	329	27,6407	
330	42,7117	330	42,4683	330	31,2156	330	14,8716	330	27,6357	
331	43,008	331	42,4996	331	31,1683	331	14,927	331	27,6241	
332	42,8425	332	42,4383	332	31,1256	332	14,8613	332	27,602	
333	42,8474	333	42,4436	333	31,046	333	14,8811	333	27,5641	
334	42,9323	334	42,452	334	31,123	334	14,8715	334	27,5593	
335	43,1972	335	42,4284	335	31,1049	335	14,857	335	27,5321	
336	42,9447	336	42,3856	336	31,0494	336	14,8374	336	27,4996	
337	42,7037	337	42,3808	337	31,0478	337	14,8677	337	27,5465	
338	42,7904	338	42,3288	338	30,9831	338	14,8321	338	27,5424	
339	42,6666	339	42,2932	339	31,0641	339	14,8566	339	27,5308	
340	42,5498	340	42,2509	340	31,0345	340	14,8609	340	27,5582	
341	42,5213	341	42,2195	341	31,0193	341	14,844	341	27,5249	
342	42,5638	342	42,1877	342	31,0927	342	14,8627	342	27,5082	
343	42,7834	343	42,1901	343	30,967	343	14,8267	343	27,4838	
344	42,7394	344	42,0997	344	30,9015	344	14,8126	344	27,3823	
345	42,7474	345	42,1001	345	30,9221	345	14,8436	345	27,4355	
346	42,6951	346	42,0389	346	30,8297	346	14,8242	346	27,3828	
347	42,7071	347	41,9954	347	30,8845	347	14,8254	347	27,385	
348	42,3289	348	41,9232	348	30,7871	348	14,8262	348	27,3358	
349	42,2534	349	41,9602	349	30,8672	349	14,8007	349	27,3163	
350	42,1006	350	41,9167	350	30,8058	350	14,7995	350	27,3669	
351	42,1514	351	41,8703	351	30,7872	351	14,8101	351	27,3387	
352	42,2418	352	41,8414	352	30,8129	352	14,8558	352	27,3231	
353	42,1566	353	41,8494	353	30,7769	353	14,8158	353	27,3034	
354	42,1512	354	41,7957	354	30,7217	354	14,7976	354	27,2816	
355	42,0589	355	41,7721	355	30,759	355	14,7672	355	27,2482	
356	42,2052	356	41,729	356	30,6971	356	14,7703	356	27,2324	
357	42,2741	357	41,72	357	30,6795	357	14,7914	357	27,2147	
358	42,228	358	41,6645	358	30,6259	358	14,7557	358	27,2184	
359	42,3632	359	41,6264	359	30,5944	359	14,7566	359	27,1792	
360	42,3956	360	41,6195	360	30,6274	360	14,7634	360	27,1841	
361	42,3437	361	41,5937	361	30,5332	361	14,7465	361	27,1273	
362	42,3214	362	41,5504	362	30,56	362	14,7636	362	27,1051	
363	42,2367	363	41,5449	363	30,5299	363	14,7856	363	27,117	
364	41,9457	364	41,4812	364	30,6019	364	14,7532	364	27,1453	
365	41,8885	365	41,4533	365	30,5168	365	14,7385	365	27,0755	
366	41,8323	366	41,4827	366	30,5474	366	14,7666	366	27,0826	
367	41,7287	367	41,4513	367	30,5608	367	14,7383	367	27,0773	
368	41,7512	368	41,4183	368	30,4636	368	14,7398	368	27,0109	
369	41,7791	369	41,3993	369	30,4406	369	14,7413	369	27,0378	
370	41,8384	370	41,3565	370	30,4294	370	14,7642	370	26,9902	
371	41,7846	371	41,3476	371	30,4515	371	14,7365	371	27,0274	
372	41,6614	372	41,2348	372	30,3911	372	14,7196	372	26,9857	
373	41,5943	373	41,1879	373	30,3493	373	14,7449	373	26,9551	
374	41,6342	374	41,1351	374	30,3247	374	14,7305	374	26,9634	
375	41,6212	375	41,1334	375	30,3747	375	14,7368	375	26,9197	
376	41,6421	376	41,1299	376	30,3335	376	14,7632	376	26,9152	
377	41,3941	377	41,0814	377	30,2996	377	14,7651	377	26,8972	
378	41,2579	378	41,0543	378	30,3549	378	14,7378	378	26,8938	
379	41,2608	379	41,0178	379	30,3134	379	14,7481	379	26,8813	
380	41,4118	380	40,9917	380	30,247	380	14,7547	380	26,8605	
381	41,4612	381	40,9685	381	30,2095	381	14,7391	381	26,829	
382	41,3558	382	40,9361	382	30,191	382	14,7212	382	26,7873	
383	41,2126	383	40,9254	383	30,1642	383	14,7426	383	26,7825	
384	41,3038	384	40,9187	384	30,1136	384	14,7452	384	26,7507	
385	41,3086	385	40,8508	385	30,054	385	14,7062	385	26,7187	
386	41,5219	386	40,8471	386	30,1001	386	14,7505	386	26,7555	
387	41,6675	387	40,7914	387	30,0542	387	14,7231	387	26,7142	
388	41,3346	388	40,7807	388	30,1125	388	14,7493	388	26,7236	
389	41,2664	389	40,7326	389	30,024	389	14,7549	389	26,7565	
390	41,013	390	40,7457	390	30,0429	390	14,7455	390	26,7595	
391	41,0087	391	40,676	391	30,0501	391	14,7485	391	26,7138	
392	40,9633	392	40,6352	392	30,0342	392	14,7176	392	26,6823	
393	40,8327	393	40,6597	393	30,0703	393	14,7275	393	26,6803	
394	40,8892	394	40,6162	394	29,952	394	14,7516	394	26,6707	
395	41,005	395	40,6031	395	29,9891	395	14,7277	395	26,6409	
396	40,8581	396	40,5543	396	29,992	396	14,7568	396	26,5995	
397	40,87	397	40,5634	397	29,8856	397	14,7209	397	26,5705	
398	40,7799	398	40,5389	398	29,8909	398	14,7325	398	26,5862	
399	40,7675	399	40,4648	399	29,9453	399	14,7334	399	26,5588	
400	40,7538	400	40,451	400	29,9652	400	14,7326	400	26,5561	
401	40,851	401	40,4443	401	29,8946	401	14,7357	401	26,5583	
402	41,0838	402	40,3995	402	29,8756	402	14,7494	402	26,5572	
403	41,0836	403	40,4159	403	29,8522	403	14,7281	403	26,5687	
404	40,8677	404	40,4067	404	29,8157	404	14,733	404	26,567	
405	40,5865	405	40,3546	405	29,7998	405	14,7307	405	26,5274	
406	40,6517	406	40,3025	406	29,7796	406	14,7255	406	26,4808	
407	40,5726	407	40,2567	407	29,8377	407	14,7411	407	26,4768	
408	40,6807	408	40,2025	408	29,8456	408	14,7442	408	26,4629	
409	40,8793	409	40,2047	409	29,845	409	14,7541	409	26,4416	
410	40,7462	410	40,1556	410	29,716	410	14,7325	410	26,4612	
411	40,7307	411	40,1447	411	29,7416	411	14,7509	411	26,512	
412	40,8383	412	40,1379	412	29,7361	412	14,7572	412	26,4645	
413	40,8373	413	40,121	413	29,6683	413	14,7314	413	26,3941	
414	40,6622	414	40,1138	414	29,6982	414	14,745	414	26,3826	
415	40,3712	415	40,0511	415	29,7134	415	14,7551	415	26,3516	
416	40,3773	416	40,0573	416	29,6609	416	14,791	416	26,4277	
417	40,2761	417	39,9723	417	29,5666	417	14,7551	417	26,3572	
418	40,3542	418	39,9703	418	29,6356	418	14,7755	418	26,349	
419	40,2623	419	39,895	419	29,6061	419	14,7547	419	26,3492	
420	40,2867	420	39,8751	420	29,6081	420	14,7486	420	26,3597	
421	40,2273	421	39,8604	421	29,6399	421	14,7736	421	26,3684	
422	40,1512	422	39,8422	422	29,5575	422	14,7873	422	26,3429	
423	40,3947	423	39,8357	423	29,6343	423	14,7793	423	26,2811	
424	40,35	424	39,7993	424	29,5683	424	14,7778	424	26,2688	
425	40,4909	425	39,7455	425	29,4745	425	14,7447	425	26,2719	
426	40,2406	426	39,7142	426	29,4763	426	14,767	426	26,2657	
427	40,1637	427	39,7121	427	29,4803	427	14,7683	427	26,2626	
428	40,0432	428	39,6646	428	29,4592	428	14,8121	428	26,2301	
429	40,0961	429	39,6667	429	29,4772	429	14,7989	429	26,2421	
430	40,1152	430	39,6161	430	29,4224	430	14,7815	430	26,1696	
431	40,3305	431	39,6286	431	29,4365	431	14,7924	431	26,2271	
432	40,1555	432	39,6078	432	29,439	432	14,7855	432	26,216	
433	40,0304	433	39,5704	433	29,3674	433	14,7625	433	26,1838	
434	40,2529	434	39,5638	434	29,3386	434	14,8033	434	26,1842	
435	40,3395	435	39,5532	435	29,4234	435	14,8154	435	26,1946	
436	39,9549	436	39,4906	436	29,3258	436	14,7914	436	26,1775	
437	39,9639	437	39,4819	437	29,2836	437	14,8006	437	26,1781	
438	39,8618	438	39,4463	438	29,3672	438	14,7942	438	26,1435	
439	39,8631	439	39,3997	439	29,2962	439	14,7824	439	26,1271	
440	39,885	440	39,3906	440	29,3449	440	14,8373	440	26,1532	
441	39,9518	441	39,3201	441	29,3095	441	14,8191	441	26,1002	
442	39,9666	442	39,2978	442	29,3609	442	14,8092	442	26,0914	
443	39,7742	443	39,2437	443	29,3039	443	14,8264	443	26,0918	
444	39,4964	444	39,1748	444	29,2649	444	14,8111	444	26,0748	
445	39,5388	445	39,1695	445	29,2944	445	14,8291	445	26,0724	
446	39,3773	446	39,1621	446	29,3085	446	14,8272	446	26,0464	
447	39,4163	447	39,1378	447	29,2365	447	14,8219	447	26,0454	
448	39,395	448	39,1106	448	29,1362	448	14,8328	448	26,035	
449	39,4102	449	39,1046	449	29,131	449	14,8428	449	25,9845	
450	39,4511	450	39,08	450	29,2346	450	14,84	450	25,9878	
451	39,5801	451	39,0495	451	29,1638	451	14,8351	451	25,9518	
452	39,8054	452	39,0459	452	29,1546	452	14,8481	452	25,9826	
453	39,6704	453	39,0089	453	29,1064	453	14,8674	453	25,9522	
454	39,3815	454	38,9656	454	29,018	454	14,8713	454	25,9273	
455	39,3732	455	38,9192	455	29,0272	455	14,8654	455	25,9394	
456	39,3051	456	38,9034	456	29,0884	456	14,864	456	25,946	
457	39,3354	457	38,846	457	29,0639	457	14,8364	457	25,9134	
458	39,3412	458	38,8553	458	29,0078	458	14,8648	458	25,9261	
459	39,1897	459	38,8455	459	29,006	459	14,9001	459	25,9346	
460	38,8632	460	38,8511	460	28,9745	460	14,8883	460	25,8907	
461	38,9232	461	38,8043	461	28,9667	461	14,8733	461	25,8669	
462	39,0498	462	38,836	462	28,9734	462	14,8757	462	25,8358	
463	39,1501	463	38,859	463	29,0455	463	14,8862	463	25,8812	
464	39,2176	464	38,8426	464	29,0285	464	14,8924	464	25,8306	
465	39,3225	465	38,8427	465	28,941	465	14,9125	465	25,8525	
466	39,4024	466	38,8253	466	28,9446	466	14,9138	466	25,883	
467	39,3607	467	38,8045	467	28,9552	467	14,8949	467	25,8808	
468	39,3844	468	38,8149	468	29,0165	468	14,9155	468	25,864	
469	39,3675	469	38,7239	469	28,961	469	14,9141	469	25,8974	
470	39,2026	470	38,6192	470	28,8958	470	14,9458	470	25,8731	
471	39,1241	471	38,6284	471	28,9272	471	14,9266	471	25,8678	
472	39,0581	472	38,5779	472	28,9877	472	14,935	472	25,8592	
473	39,0302	473	38,5626	473	28,9573	473	14,9456	473	25,8659	
474	39,0159	474	38,5413	474	28,9028	474	14,9358	474	25,8042	
475	38,946	475	38,5395	475	28,9194	475	14,9525	475	25,7878	
476	38,9619	476	38,5014	476	28,9162	476	14,9545	476	25,7889	
477	38,961	477	38,4644	477	28,8346	477	14,9358	477	25,7584	
478	38,8134	478	38,4551	478	28,9298	478	14,984	478	25,7618	
479	38,7266	479	38,4121	479	28,907	479	14,95	479	25,7282	
480	38,7998	480	38,3908	480	28,7632	480	14,9664	480	25,6925	
481	38,7412	481	38,349	481	28,8505	481	14,9552	481	25,6936	
482	38,8547	482	38,3224	482	28,7691	482	14,9685	482	25,6762	
483	39,0238	483	38,2812	483	28,7491	483	14,9722	483	25,6992	
484	39,0297	484	38,2431	484	28,689	484	14,959	484	25,6568	
485	38,9056	485	38,244	485	28,7464	485	14,9575	485	25,6299	
486	38,661	486	38,2169	486	28,7139	486	14,9775	486	25,6077	
487	38,6516	487	38,2202	487	28,7101	487	14,9451	487	25,5949	
488	38,6434	488	38,2007	488	28,7272	488	15,0085	488	25,6233	
489	38,7442	489	38,1702	489	28,6432	489	14,985	489	25,6099	
490	38,6835	490	38,1184	490	28,6818	490	15,0093	490	25,5967	
491	38,7817	491	38,1359	491	28,5903	491	14,9977	491	25,5635	
492	38,7932	492	38,0806	492	28,5307	492	14,9879	492	25,5425	
493	38,8022	493	38,0417	493	28,5234	493	14,9867	493	25,5729	
494	38,712	494	37,9689	494	28,5145	494	14,9796	494	25,547	
495	38,5428	495	37,9642	495	28,5582	495	15,0262	495	25,5516	
496	38,3359	496	37,9623	496	28,5861	496	15,0058	496	25,5559	
497	38,3027	497	37,9044	497	28,5366	497	14,98	497	25,5233	
498	38,313	498	37,9068	498	28,4683	498	15,0291	498	25,4979	
499	38,2916	499	37,8418	499	28,4725	499	14,9881	499	25,4794	
500	38,295	500	37,8466	500	28,4697	500	15,0067	500	25,4742	
501	38,3375	501	37,8327	501	28,4637	501	15,0226	501	25,4451	
502	38,3404	502	37,8278	502	28,39	502	15,0185	502	25,4703	
503	38,4489	503	37,7719	503	28,3798	503	15,0005	503	25,4294	
504	38,4482	504	37,7682	504	28,4472	504	15,0339	504	25,436	
505	38,4698	505	37,7095	505	28,4233	505	15,0236	505	25,422	
506	38,4328	506	37,7364	506	28,3652	506	15,0191	506	25,4478	
507	38,3034	507	37,7109	507	28,3635	507	15,0116	507	25,3785	
508	38,3823	508	37,6996	508	28,4049	508	14,9916	508	25,3652	
509	38,3771	509	37,7056	509	28,3958	509	15,0372	509	25,3925	
510	38,3212	510	37,6793	510	28,375	510	15,0518	510	25,3726	
511	38,2479	511	37,6313	511	28,312	511	15,0105	511	25,3684	
512	37,9259	512	37,6148	512	28,4012	512	15,0293	512	25,4017	
513	37,8869	513	37,5612	513	28,334	513	15,0119	513	25,366	
514	37,771	514	37,5648	514	28,242	514	15,0212	514	25,3545	
515	37,7776	515	37,5575	515	28,2568	515	15,0685	515	25,34	
516	37,7283	516	37,5105	516	28,2555	516	15,0382	516	25,3477	
517	37,7118	517	37,4604	517	28,2102	517	15,0085	517	25,29	
518	37,7186	518	37,4329	518	28,1834	518	15,0591	518	25,3099	
519	37,6891	519	37,4517	519	28,2362	519	15,0382	519	25,2797	
520	37,8048	520	37,3712	520	28,1447	520	15,0242	520	25,2791	
521	37,9451	521	37,3699	521	28,1486	521	15,0129	521	25,2934	
522	37,8836	522	37,3104	522	28,2383	522	15,0442	522	25,279	
523	37,8213	523	37,2825	523	28,1278	523	15,0281	523	25,2654	
524	37,7425	524	37,265	524	28,0945	524	15,0354	524	25,2694	
525	37,9867	525	37,2234	525	28,0804	525	15,0254	525	25,2236	
526	38,0865	526	37,1952	526	28,0736	526	15,0252	526	25,1927	
527	38,0714	527	37,1747	527	28,1414	527	15,0214	527	25,2064	
528	37,8718	528	37,1357	528	28,0423	528	15,0183	528	25,1561	
529	37,8829	529	37,1034	529	28,0635	529	15,0526	529	25,1717	
530	37,7191	530	37,0998	530	28,0518	530	15,0437	530	25,194	
531	37,4461	531	37,0684	531	28,038	531	15,0602	531	25,1764	
532	37,5257	532	37,0436	532	28,0437	532	15,0497	532	25,1953	
533	37,528	533	37,038	533	27,996	533	15,0444	533	25,1225	
534	37,5445	534	37,0102	534	28,0278	534	15,0385	534	25,1081	
535	37,5884	535	36,9892	535	27,9709	535	15,0385	535	25,0906	
536	37,4127	536	36,938	536	27,8674	536	15,0297	536	25,0488	
537	37,4086	537	36,9133	537	27,8911	537	15,0397	537	25,0696	
538	37,3268	538	36,9352	538	28,0007	538	15,0559	538	25,0445	
539	37,201	539	36,8996	539	27,8965	539	15,0405	539	25,0576	
540	37,3162	540	36,8945	540	27,8957	540	15,0544	540	25,0374	
541	37,3805	541	36,8912	541	27,8617	541	15,0791	541	25,0723	
542	37,3919	542	36,8372	542	27,8784	542	15,045	542	25,0366	
543	37,4629	543	36,8391	543	27,8534	543	15,0464	543	25,0125	
544	37,258	544	36,8561	544	27,8532	544	15,0453	544	25,0109	
545	37,2491	545	36,8138	545	27,8439	545	15,0559	545	24,9808	
546	37,219	546	36,7656	546	27,8504	546	15,052	546	24,9869	
547	37,2468	547	36,7211	547	27,7989	547	15,0371	547	24,9612	
548	37,3207	548	36,7623	548	27,7741	548	15,0596	548	24,9882	
549	37,0546	549	36,66	549	27,6968	549	15,032	549	24,9439	
550	36,991	550	36,6551	550	27,787	550	15,046	550	24,9706	
551	37,0084	551	36,6154	551	27,7607	551	15,0389	551	24,9517	
552	37,2536	552	36,6025	552	27,7481	552	15,0501	552	24,9245	
553	37,3591	553	36,618	553	27,7002	553	15,0701	553	24,9269	
554	37,2686	554	36,5805	554	27,7538	554	15,0439	554	24,906	
555	37,0623	555	36,5589	555	27,6694	555	15,0304	555	24,9093	
556	36,9109	556	36,5189	556	27,7491	556	15,022	556	24,9188	
557	36,7909	557	36,5239	557	27,7217	557	15,0419	557	24,9088	
558	36,9012	558	36,4623	558	27,6473	558	15,0291	558	24,8763	
559	36,8686	559	36,3979	559	27,6502	559	15,0235	559	24,8886	
560	36,8474	560	36,3921	560	27,6689	560	15,0491	560	24,8611	
561	36,8956	561	36,3387	561	27,6547	561	15,018	561	24,8416	
562	36,9447	562	36,3392	562	27,657	562	15,0627	562	24,8076	
563	36,8382	563	36,3225	563	27,6397	563	15,0204	563	24,7812	
564	36,702	564	36,3077	564	27,6083	564	15,0335	564	24,8065	
565	36,7271	565	36,3036	565	27,4807	565	15,0256	565	24,7934	
566	36,637	566	36,2859	566	27,5181	566	15,0485	566	24,7472	
567	36,6436	567	36,2253	567	27,4857	567	14,9948	567	24,7459	
568	36,5894	568	36,2646	568	27,4768	568	15,0492	568	24,7459	
569	36,6002	569	36,2423	569	27,4769	569	15,0207	569	24,7267	
570	36,725	570	36,1966	570	27,4449	570	15,046	570	24,7291	
571	36,738	571	36,2023	571	27,4695	571	15,0599	571	24,7594	
572	36,7513	572	36,1314	572	27,3989	572	15,041	572	24,7142	
573	36,7128	573	36,0767	573	27,3943	573	15,021	573	24,6883	
574	36,8711	574	36,0645	574	27,3806	574	15,0101	574	24,684	
575	36,9791	575	36,0465	575	27,4147	575	15,0255	575	24,6889	
576	36,802	576	36,0315	576	27,3873	576	15,0388	576	24,6955	
577	36,4237	577	36,0218	577	27,3748	577	15,0056	577	24,604	
578	36,2688	578	36,0068	578	27,3846	578	15,0079	578	24,6323	
579	36,2585	579	36,0056	579	27,4201	579	15,0457	579	24,6348	
580	36,3022	580	35,9544	580	27,3271	580	15,0389	580	24,6176	
581	36,3419	581	35,9541	581	27,381	581	15,0386	581	24,6112	
582	36,1812	582	35,9006	582	27,286	582	15,005	582	24,6166	
583	36,3417	583	35,8737	583	27,3136	583	15,02	583	24,622	
584	36,3801	584	35,8305	584	27,2874	584	14,9979	584	24,5873	
585	36,4255	585	35,8386	585	27,3371	585	15,0143	585	24,6059	
586	36,5282	586	35,823	586	27,2611	586	15,0084	586	24,558	
587	36,4976	587	35,7925	587	27,2935	587	15,0059	587	24,5523	
588	36,4865	588	35,744	588	27,2752	588	15,0031	588	24,5108	
589	36,4554	589	35,7158	589	27,2081	589	14,9863	589	24,5324	
590	36,5433	590	35,7013	590	27,2416	590	15,0192	590	24,5589	
591	36,4661	591	35,6777	591	27,2381	591	14,9895	591	24,5483	
592	36,3453	592	35,6768	592	27,2056	592	14,9881	592	24,4826	
593	36,3595	593	35,6128	593	27,1453	593	14,9943	593	24,4689	
594	36,3582	594	35,6206	594	27,1589	594	14,9937	594	24,4617	
595	36,3295	595	35,6386	595	27,1237	595	14,9939	595	24,4827	
596	36,4008	596	35,5896	596	27,1324	596	14,986	596	24,4597	
597	36,3171	597	35,5774	597	27,1492	597	14,9883	597	24,4318	
598	36,1601	598	35,5525	598	27,1162	598	14,9772	598	24,4137	
599	36,0214	599	35,5688	599	27,1038	599	15,011	599	24,4387	
600	35,9527	600	35,5118	600	27,0326	600	15	600	24,4174	
601	35,9493	601	35,5041	601	27,1055	601	14,9751	601	24,4187	
602	35,9549	602	35,465	602	27,0887	602	14,9924	602	24,3635	
603	36,0114	603	35,4701	603	27,1066	603	14,978	603	24,4022	
604	35,9733	604	35,4007	604	27,0211	604	14,977	604	24,3856	
605	35,976	605	35,3633	605	27,04	605	14,9722	605	24,3468	
606	35,9923	606	35,3405	606	26,9722	606	14,9909	606	24,3668	
607	35,892	607	35,3169	607	27,0536	607	14,994	607	24,3779	
608	35,9165	608	35,315	608	27,0097	608	14,9878	608	24,349	
609	35,8638	609	35,3101	609	27,0209	609	14,9667	609	24,2785	
610	35,8881	610	35,2768	610	26,9467	610	14,9561	610	24,2746	
611	35,9159	611	35,2689	611	26,9642	611	14,9661	611	24,2732	
612	35,9677	612	35,275	612	26,9203	612	14,9747	612	24,223	
613	35,8996	613	35,2556	613	26,8923	613	14,9716	613	24,2725	
614	35,6119	614	35,2503	614	26,9247	614	14,9768	614	24,2554	
615	35,5525	615	35,2233	615	26,8234	615	14,9502	615	24,1959	
616	35,5238	616	35,2113	616	26,8646	616	14,9537	616	24,258	
617	35,4615	617	35,1831	617	26,8749	617	14,9626	617	24,2343	
618	35,4679	618	35,1626	618	26,9481	618	14,9579	618	24,2178	
619	35,4818	619	35,1172	619	26,923	619	14,944	619	24,2045	
620	35,5008	620	35,0498	620	26,8556	620	14,9464	620	24,2102	
621	35,5597	621	35,0355	621	26,8478	621	14,9767	621	24,1821	
622	35,406	622	35,0167	622	26,7882	622	14,9603	622	24,2301	
623	35,4012	623	34,981	623	26,748	623	14,955	623	24,186	
624	35,4188	624	34,9384	624	26,7433	624	14,9755	624	24,1439	
625	35,4465	625	34,9172	625	26,73	625	14,9467	625	24,1277	
626	35,4819	626	34,9062	626	26,6638	626	14,928	626	24,1115	
627	35,4467	627	34,9012	627	26,7516	627	14,9709	627	24,1343	
628	35,2909	628	34,7904	628	26,6631	628	14,9263	628	24,0753	
629	35,2237	629	34,8214	629	26,676	629	14,9565	629	24,1038	
630	35,3117	630	34,8116	630	26,6783	630	14,9893	630	24,0797	
631	35,5047	631	34,797	631	26,6876	631	14,9511	631	24,0356	
632	35,6035	632	34,833	632	26,6494	632	14,963	632	24,0488	
633	35,6693	633	34,7669	633	26,6946	633	14,9406	633	24,0601	
634	35,5532	634	34,7756	634	26,7161	634	14,9241	634	23,9871	
635	35,4461	635	34,7738	635	26,5935	635	14,9247	635	24,0245	
636	35,4151	636	34,7498	636	26,5377	636	14,9274	636	24,0069	
637	35,4202	637	34,754	637	26,5433	637	14,9507	637	24,0196	
638	35,4062	638	34,6938	638	26,5879	638	14,938	638	23,973	
639	35,4826	639	34,6632	639	26,5207	639	14,9092	639	23,9581	
640	35,4845	640	34,6636	640	26,5395	640	14,9392	640	23,9912	
641	35,1313	641	34,6645	641	26,5296	641	14,9497	641	23,9855	
642	35,1158	642	34,6259	642	26,4761	642	14,9209	642	23,982	
643	35,0954	643	34,642	643	26,4697	643	14,8992	643	23,8943	
644	35,4427	644	34,6668	644	26,5267	644	14,9434	644	23,9495	
645	35,5484	645	34,669	645	26,5162	645	14,9357	645	23,9513	
646	35,5328	646	34,5979	646	26,4375	646	14,9224	646	23,9059	
647	35,4201	647	34,5716	647	26,4515	647	14,9328	647	23,9517	
648	35,3592	648	34,5559	648	26,4485	648	14,9349	648	23,9435	
649	35,2651	649	34,5296	649	26,5073	649	14,9277	649	23,9528	
650	35,2325	650	34,4806	650	26,3853	650	14,9131	650	23,8948	
651	35,0032	651	34,4475	651	26,4374	651	14,9266	651	23,9186	
652	34,9761	652	34,3915	652	26,4559	652	14,8981	652	23,9107	
653	34,9965	653	34,3815	653	26,4072	653	14,8965	653	23,8808	
654	34,957	654	34,3762	654	26,4164	654	14,9202	654	23,8678	
655	35,0832	655	34,3393	655	26,3788	655	14,9108	655	23,8826	
656	35,0205	656	34,2832	656	26,4039	656	14,8985	656	23,8619	
657	34,7908	657	34,2695	657	26,3019	657	14,917	657	23,8131	
658	34,7121	658	34,2368	658	26,2992	658	14,8885	658	23,7739	
659	34,9312	659	34,2356	659	26,3918	659	14,9077	659	23,7978	
660	34,7018	660	34,1838	660	26,2599	660	14,8707	660	23,7393	
661	34,6879	661	34,1809	661	26,2367	661	14,8688	661	23,7577	
662	34,5935	662	34,141	662	26,2168	662	14,8744	662	23,7155	
663	34,6684	663	34,1072	663	26,213	663	14,8767	663	23,723	
664	34,7133	664	34,1032	664	26,2433	664	14,864	664	23,6919	
665	34,6707	665	34,0886	665	26,1909	665	14,8773	665	23,7094	
666	34,5689	666	34,0533	666	26,2058	666	14,8819	666	23,7224	
667	34,4417	667	34,0453	667	26,2213	667	14,8785	667	23,6898	
668	34,4571	668	34,0673	668	26,1779	668	14,8709	668	23,6462	
669	34,3874	669	34,0942	669	26,2059	669	14,8748	669	23,6455	
670	34,3924	670	34,0555	670	26,1165	670	14,8184	670	23,6509	
671	34,4114	671	34,067	671	26,0554	671	14,8615	671	23,6421	
672	34,4613	672	34,019	672	26,1104	672	14,8522	672	23,605	
673	34,6654	673	34,0171	673	26,1335	673	14,8275	673	23,5989	
674	34,6986	674	33,9848	674	26,1033	674	14,8436	674	23,6367	
675	34,3749	675	33,9673	675	26,0436	675	14,8611	675	23,663	
676	34,5611	676	33,9405	676	26,1034	676	14,8438	676	23,6009	
677	34,65	677	33,9329	677	26,1213	677	14,8399	677	23,6174	
678	34,5697	678	33,9337	678	26,0981	678	14,8441	678	23,5814	
679	34,667	679	33,9033	679	26,1443	679	14,8327	679	23,6055	
680	34,7013	680	33,8509	680	26,0519	680	14,8118	680	23,5181	
681	34,4974	681	33,8406	681	26,0231	681	14,8285	681	23,588	
682	34,2887	682	33,8461	682	25,997	682	14,825	682	23,551	
683	34,1872	683	33,7779	683	26,0411	683	14,8024	683	23,5408	
684	34,1013	684	33,7725	684	26,0107	684	14,8007	684	23,5529	
685	34,1423	685	33,7686	685	25,97	685	14,8453	685	23,5935	
686	34,1173	686	33,7594	686	26,0145	686	14,8217	686	23,5553	
687	34,0435	687	33,7324	687	26,0067	687	14,8285	687	23,5342	
688	33,9829	688	33,6902	688	25,9401	688	14,8099	688	23,484	
689	33,9918	689	33,7093	689	25,9073	689	14,824	689	23,4342	
690	34,0867	690	33,7055	690	25,8856	690	14,8168	690	23,4724	
691	34,0257	691	33,6197	691	25,9068	691	14,795	691	23,4327	
692	34,0216	692	33,6618	692	25,9931	692	14,8144	692	23,4411	
693	34,007	693	33,6573	693	25,9183	693	14,825	693	23,4579	
694	34,0051	694	33,6528	694	25,8768	694	14,8104	694	23,4509	
695	34,0083	695	33,6574	695	25,8702	695	14,8175	695	23,4679	
696	33,876	696	33,6456	696	25,8654	696	14,7927	696	23,4484	
697	33,9149	697	33,6004	697	25,8407	697	14,7782	697	23,3867	
698	33,8903	698	33,5983	698	25,8263	698	14,7899	698	23,4414	
699	33,84	699	33,5848	699	25,8348	699	14,7904	699	23,378	
700	33,7995	700	33,5431	700	25,7546	700	14,7428	700	23,3658	
701	33,7621	701	33,5324	701	25,7608	701	14,799	701	23,389	
702	33,7435	702	33,5561	702	25,796	702	14,8151	702	23,3898	
703	33,7924	703	33,5007	703	25,8039	703	14,7577	703	23,3892	
704	33,7669	704	33,4594	704	25,8086	704	14,7806	704	23,3811	
705	33,8503	705	33,4323	705	25,7874	705	14,7883	705	23,4161	
706	33,8239	706	33,3945	706	25,7404	706	14,7851	706	23,3515	
707	33,9355	707	33,3955	707	25,8042	707	14,7823	707	23,3918	
708	34,0442	708	33,3391	708	25,7984	708	14,7989	708	23,3576	
709	34,0017	709	33,2907	709	25,7203	709	14,7539	709	23,2959	
710	33,9775	710	33,2811	710	25,7003	710	14,7875	710	23,3189	
711	33,9398	711	33,2728	711	25,6499	711	14,7557	711	23,2741	
712	33,9478	712	33,23	712	25,655	712	14,7513	712	23,2423	
713	33,907	713	33,2268	713	25,6593	713	14,7271	713	23,2504	
714	33,9047	714	33,1938	714	25,5775	714	14,7126	714	23,2072	
715	33,9144	715	33,17	715	25,5771	715	14,779	715	23,2338	
716	33,9378	716	33,1786	716	25,6225	716	14,7639	716	23,241	
717	33,9898	717	33,1566	717	25,6046	717	14,762	717	23,2273	
718	34,0724	718	33,1112	718	25,5905	718	14,722	718	23,2023	
719	34,0539	719	33,1172	719	25,6094	719	14,7382	719	23,2098	
720	33,7259	720	33,0808	720	25,5386	720	14,7197	720	23,2014	
721	33,4115	721	33,0481	721	25,5803	721	14,7355	721	23,1305	
722	33,4034	722	33,049	722	25,4929	722	14,7364	722	23,1764	
723	33,5303	723	33,03	723	25,4927	723	14,7358	723	23,1677	
724	33,3928	724	32,9804	724	25,5069	724	14,7358	724	23,1455	
725	33,3311	725	32,9	725	25,5072	725	14,6975	725	23,1055	
726	33,3514	726	32,9035	726	25,4814	726	14,7244	726	23,0868	
727	33,2899	727	32,9133	727	25,489	727	14,7468	727	23,1318	
728	33,2095	728	32,8995	728	25,418	728	14,7228	728	23,0563	
729	33,2362	729	32,8759	729	25,4041	729	14,7178	729	23,049	
730	33,2403	730	32,8491	730	25,3644	730	14,7197	730	23,0627	
731	33,2424	731	32,8535	731	25,4037	731	14,7131	731	23,0633	
732	33,3607	732	32,8355	732	25,3743	732	14,6944	732	23,0107	
733	33,3917	733	32,8158	733	25,3865	733	14,7034	733	23,0186	
734	33,4718	734	32,7941	734	25,3363	734	14,689	734	22,9792	
735	33,4954	735	32,7843	735	25,3449	735	14,6748	735	23,0035	
736	33,6732	736	32,7398	736	25,3195	736	14,6887	736	22,9789	
737	33,679	737	32,7659	737	25,2957	737	14,697	737	22,9986	
738	33,6188	738	32,7802	738	25,3374	738	14,7111	738	23,0031	
739	33,3945	739	32,7681	739	25,3347	739	14,6821	739	22,9819	
740	33,2096	740	32,7577	740	25,3545	740	14,6906	740	22,9974	
741	33,0788	741	32,7526	741	25,2823	741	14,6559	741	22,9601	
742	33,0863	742	32,776	742	25,2175	742	14,6725	742	22,9501	
743	33,1022	743	32,734	743	25,2734	743	14,6594	743	22,9323	
744	33,1721	744	32,7016	744	25,2857	744	14,6646	744	22,9408	
745	33,2594	745	32,6556	745	25,2418	745	14,6579	745	22,9313	
746	33,0569	746	32,5994	746	25,1865	746	14,6517	746	22,9077	
747	33,0349	747	32,5872	747	25,2782	747	14,6827	747	22,9257	
748	33,0546	748	32,5773	748	25,2446	748	14,6779	748	22,902	
749	33,058	749	32,5535	749	25,2121	749	14,6999	749	22,8855	
750	33,1	750	32,5577	750	25,2178	750	14,6761	750	22,8818	
751	33,0069	751	32,552	751	25,1884	751	14,6679	751	22,8797	
752	32,8622	752	32,5218	752	25,1552	752	14,6444	752	22,8531	
753	32,7874	753	32,5133	753	25,1579	753	14,681	753	22,8615	
754	32,7657	754	32,492	754	25,1672	754	14,6437	754	22,8387	
755	32,7394	755	32,4638	755	25,1374	755	14,6279	755	22,839	
756	32,7904	756	32,4469	756	25,1256	756	14,6594	756	22,8216	
757	32,8263	757	32,4037	757	25,1042	757	14,6168	757	22,7736	
758	32,9491	758	32,3616	758	25,0133	758	14,647	758	22,7918	
759	32,9646	759	32,3338	759	25,0684	759	14,6546	759	22,7865	
760	32,9701	760	32,3116	760	25,0706	760	14,6305	760	22,7773	
761	33,0359	761	32,3404	761	25,0183	761	14,6302	761	22,7817	
762	32,8519	762	32,3002	762	25,0364	762	14,6261	762	22,7426	
763	32,5819	763	32,2772	763	24,9977	763	14,6304	763	22,7147	
764	32,6381	764	32,2542	764	24,9684	764	14,6137	764	22,727	
765	32,4443	765	32,2142	765	25,0259	765	14,635	765	22,6999	
766	32,5133	766	32,2593	766	25,0297	766	14,6393	766	22,7449	
767	32,6726	767	32,2131	767	24,9785	767	14,6153	767	22,721	
768	32,6603	768	32,2236	768	24,9726	768	14,6113	768	22,7136	
769	32,5728	769	32,206	769	24,9312	769	14,5829	769	22,6505	
770	32,6342	770	32,1959	770	24,9654	770	14,5621	770	22,6511	
771	32,6202	771	32,1683	771	24,9944	771	14,6032	771	22,6536	
772	32,6518	772	32,1604	772	24,9316	772	14,6252	772	22,656	
773	32,8011	773	32,1265	773	24,9196	773	14,594	773	22,6606	
774	32,6723	774	32,0934	774	24,9043	774	14,601	774	22,6362	
775	32,534	775	32,1253	775	24,9373	775	14,5833	775	22,6192	
776	32,5222	776	32,1427	776	24,9298	776	14,602	776	22,677	
777	32,6741	777	32,0423	777	24,823	777	14,5772	777	22,5766	
778	32,5634	778	32,0459	778	24,8739	778	14,5875	778	22,583	
779	32,4393	779	31,9978	779	24,7759	779	14,582	779	22,606	
780	32,3666	780	31,9682	780	24,8344	780	14,5677	780	22,596	
781	32,4133	781	31,9609	781	24,7959	781	14,5808	781	22,5617	
782	32,4401	782	31,9979	782	24,7633	782	14,5731	782	22,5598	
783	32,4577	783	32,0018	783	24,8338	783	14,618	783	22,5362	
784	32,4324	784	31,9653	784	24,8344	784	14,5872	784	22,5439	
785	32,3502	785	31,9785	785	24,7895	785	14,5677	785	22,552	
786	32,3824	786	31,9199	786	24,7319	786	14,5587	786	22,5265	
787	32,3109	787	31,924	787	24,7663	787	14,5552	787	22,533	
788	32,4523	788	31,8614	788	24,7411	788	14,5412	788	22,484	
789	32,2141	789	31,8555	789	24,7394	789	14,5462	789	22,5065	
790	32,1636	790	31,86	790	24,7789	790	14,5789	790	22,5385	
791	32,1876	791	31,8198	791	24,7068	791	14,5181	791	22,4653	
792	32,2487	792	31,8355	792	24,7273	792	14,5631	792	22,5105	
793	32,1834	793	31,7926	793	24,6973	793	14,5714	793	22,4861	
794	32,1618	794	31,7614	794	24,6712	794	14,5379	794	22,4675	
795	32,0122	795	31,7444	795	24,6795	795	14,5287	795	22,4801	
796	32,1711	796	31,7581	796	24,7009	796	14,5388	796	22,4476	
797	32,285	797	31,7439	797	24,6507	797	14,5392	797	22,4224	
798	32,2623	798	31,7278	798	24,643	798	14,5281	798	22,4114	
799	32,261	799	31,7183	799	24,6263	799	14,5499	799	22,4046	
800	32,3113	800	31,6876	800	24,6356	800	14,5263	800	22,3887	
801	32,1587	801	31,694	801	24,558	801	14,52	801	22,426	
802	32,107	802	31,6527	802	24,5977	802	14,5195	802	22,3436	
803	32,0904	803	31,6356	803	24,5871	803	14,5074	803	22,3491	
804	32,1873	804	31,6469	804	24,5852	804	14,5322	804	22,4032	
805	32,1586	805	31,6133	805	24,5608	805	14,5142	805	22,3583	
806	31,9968	806	31,6374	806	24,5813	806	14,5383	806	22,4153	
807	31,9407	807	31,6292	807	24,5494	807	14,5399	807	22,38	
808	31,8178	808	31,6094	808	24,5054	808	14,4861	808	22,3582	
809	31,8567	809	31,5851	809	24,557	809	14,5243	809	22,3323	
810	31,8178	810	31,5874	810	24,548	810	14,5257	810	22,3559	
811	31,8014	811	31,5161	811	24,497	811	14,5009	811	22,2792	
812	31,8239	812	31,5117	812	24,4987	812	14,5036	812	22,3061	
813	31,8814	813	31,4995	813	24,5209	813	14,5284	813	22,3335	
814	31,969	814	31,4231	814	24,4638	814	14,5104	814	22,3189	
815	31,974	815	31,3625	815	24,4497	815	14,5114	815	22,2996	
816	32,0513	816	31,3661	816	24,4131	816	14,5026	816	22,2861	
817	31,8522	817	31,3534	817	24,4216	817	14,4787	817	22,2941	
818	31,8058	818	31,3589	818	24,4777	818	14,5253	818	22,276	
819	31,7949	819	31,2975	819	24,3956	819	14,4621	819	22,2259	
820	31,8014	820	31,274	820	24,4097	820	14,4801	820	22,2193	
821	31,7553	821	31,2966	821	24,4089	821	14,4802	821	22,2321	
822	31,828	822	31,257	822	24,3449	822	14,4739	822	22,2055	
823	31,7223	823	31,2545	823	24,3811	823	14,4799	823	22,1849	
824	31,7378	824	31,2788	824	24,3371	824	14,4736	824	22,2275	
825	31,9812	825	31,2512	825	24,3683	825	14,4789	825	22,1863	
826	31,9449	826	31,2369	826	24,2802	826	14,4854	826	22,18	
827	32,0065	827	31,241	827	24,2948	827	14,4848	827	22,1462	
828	31,9117	828	31,2009	828	24,2695	828	14,4617	828	22,1276	
829	31,7374	829	31,1575	829	24,3364	829	14,4715	829	22,1472	
830	31,5743	830	31,171	830	24,3042	830	14,5281	830	22,176	
831	31,6059	831	31,129	831	24,2874	831	14,4745	831	22,1507	
832	31,655	832	31,1293	832	24,3497	832	14,4858	832	22,1292	
833	31,7754	833	31,1027	833	24,295	833	14,4683	833	22,1261	
834	31,7741	834	31,0495	834	24,1701	834	14,4354	834	22,0772	
835	31,7375	835	31,0632	835	24,199	835	14,4288	835	22,0981	
836	31,6568	836	31,0516	836	24,193	836	14,4533	836	22,0794	
837	31,6022	837	31,0598	837	24,2112	837	14,4525	837	22,1018	
838	31,4864	838	31,0392	838	24,1848	838	14,4473	838	22,0952	
839	31,4679	839	31,031	839	24,1997	839	14,4519	839	22,0472	
840	31,6355	840	31,0007	840	24,1706	840	14,4587	840	22,0275	
841	31,5488	841	30,9763	841	24,1981	841	14,4678	841	22,055	
842	31,4583	842	30,9294	842	24,1419	842	14,4207	842	22,0191	
843	31,4101	843	30,9494	843	24,1611	843	14,4349	843	22,0184	
844	31,4588	844	30,9129	844	24,1626	844	14,4507	844	22,0304	
845	31,3827	845	30,8966	845	24,175	845	14,4442	845	21,9907	
846	31,3921	846	30,8528	846	24,1126	846	14,4184	846	21,9973	
847	31,3449	847	30,8425	847	24,114	847	14,4231	847	21,9845	
848	31,2407	848	30,7967	848	24,0646	848	14,42	848	21,944	
849	31,1581	849	30,7863	849	24,0706	849	14,4256	849	21,9553	
850	31,1692	850	30,808	850	24,1403	850	14,4467	850	21,9625	
851	31,1103	851	30,7695	851	24,0344	851	14,4287	851	21,955	
852	31,0184	852	30,7729	852	24,0492	852	14,4517	852	21,9845	
853	30,9825	853	30,7321	853	24,0119	853	14,4132	853	21,9353	
854	30,9782	854	30,7372	854	23,999	854	14,4354	854	21,9176	
855	31,0007	855	30,7096	855	23,9907	855	14,4289	855	21,8903	
856	31,1416	856	30,6962	856	24,0117	856	14,4096	856	21,8958	
857	31,1812	857	30,6722	857	24,0031	857	14,4071	857	21,8711	
858	31,2418	858	30,6579	858	23,9509	858	14,4331	858	21,9097	
859	31,0915	859	30,636	859	23,9516	859	14,3833	859	21,8516	
860	31,1529	860	30,6196	860	23,9549	860	14,4034	860	21,8768	
861	31,228	861	30,6185	861	23,9572	861	14,4185	861	21,8686	
862	31,2739	862	30,6299	862	23,9288	862	14,4295	862	21,8597	
863	31,2759	863	30,5865	863	23,942	863	14,4118	863	21,8406	
864	31,0801	864	30,5874	864	23,88	864	14,4036	864	21,8387	
865	31,0454	865	30,5895	865	23,9062	865	14,4234	865	21,8185	
866	31,0156	866	30,5723	866	23,9277	866	14,4131	866	21,8225	
867	30,9909	867	30,5427	867	23,8454	867	14,3883	867	21,8083	
868	30,9676	868	30,5418	868	23,8644	868	14,4108	868	21,8135	
869	30,9769	869	30,5189	869	23,8862	869	14,3966	869	21,8217	
870	30,8674	870	30,5147	870	23,847	870	14,3933	870	21,8113	
871	30,8264	871	30,5001	871	23,8309	871	14,4118	871	21,7743	
872	30,6632	872	30,502	872	23,8773	872	14,4119	872	21,7796	
873	30,6739	873	30,4589	873	23,8566	873	14,3743	873	21,7465	
874	30,7064	874	30,4326	874	23,7965	874	14,3929	874	21,755	
875	30,7593	875	30,4296	875	23,8067	875	14,3927	875	21,7733	
876	30,7839	876	30,3737	876	23,7993	876	14,3828	876	21,7455	
877	30,9507	877	30,3278	877	23,7568	877	14,3634	877	21,703	
878	30,8103	878	30,3464	878	23,7827	878	14,399	878	21,7658	
879	30,5674	879	30,3159	879	23,7945	879	14,3809	879	21,7232	
880	30,519	880	30,3104	880	23,7904	880	14,3529	880	21,7001	
881	30,5913	881	30,2899	881	23,767	881	14,386	881	21,7041	
882	30,5018	882	30,3059	882	23,7745	882	14,3741	882	21,7126	
883	30,5167	883	30,3282	883	23,8059	883	14,369	883	21,6996	
884	30,3934	884	30,264	884	23,7177	884	14,3654	884	21,677	
885	30,3429	885	30,2229	885	23,6523	885	14,3605	885	21,6527	
886	30,4079	886	30,2222	886	23,6828	886	14,3474	886	21,6676	
887	30,4016	887	30,2056	887	23,6613	887	14,3606	887	21,6485	
888	30,5897	888	30,2083	888	23,6839	888	14,3361	888	21,6664	
889	30,804	889	30,1635	889	23,7003	889	14,356	889	21,6094	
890	30,6871	890	30,1777	890	23,6545	890	14,3337	890	21,617	
891	30,5656	891	30,1869	891	23,6596	891	14,3364	891	21,5927	
892	30,5824	892	30,174	892	23,6437	892	14,3666	892	21,5972	
893	30,8419	893	30,161	893	23,6349	893	14,3549	893	21,5951	
894	30,935	894	30,1417	894	23,6311	894	14,3329	894	21,5817	
895	30,6786	895	30,0945	895	23,595	895	14,3342	895	21,5654	
896	30,4239	896	30,0964	896	23,6167	896	14,3533	896	21,5564	
897	30,253	897	30,1021	897	23,6716	897	14,3586	897	21,5636	
898	30,2501	898	30,0891	898	23,6325	898	14,3263	898	21,5618	
899	30,2859	899	30,1001	899	23,697	899	14,3503	899	21,5767	
900	30,3153	900	30,0446	900	23,6067	900	14,3408	900	21,5672	
901	30,3575	901	30,0488	901	23,6393	901	14,3279	901	21,5369	
902	30,3509	902	30,0089	902	23,5788	902	14,3556	902	21,5417	
903	30,3525	903	29,9683	903	23,5446	903	14,3273	903	21,5467	
904	30,2985	904	29,9326	904	23,5721	904	14,3336	904	21,5027	
905	30,3216	905	29,8951	905	23,5036	905	14,3312	905	21,517	
906	30,2683	906	29,8884	906	23,565	906	14,3474	906	21,506	
907	30,3502	907	29,8457	907	23,5315	907	14,3107	907	21,4762	
908	30,4457	908	29,8336	908	23,4938	908	14,3137	908	21,475	
909	30,4827	909	29,8447	909	23,5158	909	14,3097	909	21,4435	
910	30,3406	910	29,8513	910	23,5059	910	14,3303	910	21,4364	
911	30,1498	911	29,86	911	23,4787	911	14,3219	911	21,4186	
912	30,0123	912	29,8328	912	23,4651	912	14,3197	912	21,4334	
913	29,9484	913	29,8184	913	23,4609	913	14,3202	913	21,4189	
914	30,0142	914	29,7868	914	23,4117	914	14,3068	914	21,4198	
915	30,0375	915	29,7728	915	23,4227	915	14,3184	915	21,4175	
916	29,987	916	29,7993	916	23,4314	916	14,3172	916	21,4087	
917	29,9433	917	29,7778	917	23,4466	917	14,3291	917	21,3874	
918	29,9655	918	29,7715	918	23,4313	918	14,3499	918	21,4261	
919	30,152	919	29,7375	919	23,4213	919	14,3408	919	21,3905	
920	30,2185	920	29,7337	920	23,4169	920	14,335	920	21,3833	
921	30,3322	921	29,7271	921	23,3739	921	14,3098	921	21,3838	
922	30,1947	922	29,7054	922	23,3998	922	14,301	922	21,3619	
923	30,047	923	29,6981	923	23,3939	923	14,3213	923	21,3721	
924	29,8828	924	29,7008	924	23,3479	924	14,3074	924	21,3445	
925	29,8711	925	29,7135	925	23,3602	925	14,3112	925	21,353	
926	29,879	926	29,6705	926	23,3491	926	14,2895	926	21,3243	
927	29,8225	927	29,7116	927	23,3848	927	14,3298	927	21,3596	
928	29,9644	928	29,6588	928	23,3345	928	14,2829	928	21,3158	
929	30,1396	929	29,6526	929	23,3079	929	14,3081	929	21,3129	
930	30,1321	930	29,6266	930	23,2794	930	14,3013	930	21,2512	
931	30,0425	931	29,6253	931	23,3122	931	14,2995	931	21,2845	
932	29,9438	932	29,6008	932	23,2813	932	14,2861	932	21,2332	
933	29,8045	933	29,5686	933	23,2196	933	14,2816	933	21,2216	
934	29,8814	934	29,5489	934	23,2415	934	14,2983	934	21,2236	
935	30,1317	935	29,533	935	23,2307	935	14,2775	935	21,2285	
936	29,9681	936	29,4842	936	23,202	936	14,2652	936	21,2357	
937	29,8297	937	29,4699	937	23,2547	937	14,2893	937	21,1999	
938	29,6906	938	29,4309	938	23,1852	938	14,2794	938	21,1986	
939	29,5894	939	29,4176	939	23,1525	939	14,2869	939	21,1842	
940	29,6091	940	29,383	940	23,1824	940	14,2494	940	21,1517	
941	29,6881	941	29,3868	941	23,1877	941	14,2761	941	21,1347	
942	29,6326	942	29,3521	942	23,1291	942	14,2853	942	21,158	
943	29,6622	943	29,3185	943	23,1171	943	14,2675	943	21,1673	
944	29,6327	944	29,3396	944	23,1147	944	14,305	944	21,1568	
945	29,4853	945	29,2996	945	23,0943	945	14,3003	945	21,1255	
946	29,5742	946	29,2446	946	23,0504	946	14,2755	946	21,1156	
947	29,609	947	29,2219	947	23,0346	947	14,2506	947	21,0923	
948	29,628	948	29,2421	948	23,0086	948	14,2659	948	21,0719	
949	29,7269	949	29,249	949	23,0557	949	14,3	949	21,1082	
950	29,6221	950	29,2193	950	23,0036	950	14,2937	950	21,0522	
951	29,603	951	29,2485	951	23,0225	951	14,2942	951	21,0617	
952	29,6026	952	29,2771	952	23,0438	952	14,2861	952	21,055	
953	29,6155	953	29,2111	953	23,0115	953	14,2564	953	21,0226	
954	29,6109	954	29,2057	954	22,9899	954	14,2699	954	21,0404	
955	29,6348	955	29,1691	955	22,9598	955	14,2191	955	21,032	
956	29,6534	956	29,1881	956	22,967	956	14,2273	956	21,0222	
957	29,5841	957	29,1966	957	22,9983	957	14,2617	957	21,0179	
958	29,3454	958	29,1836	958	22,9914	958	14,2609	958	21,0247	
959	29,2705	959	29,1569	959	23,0128	959	14,2763	959	20,995	
960	29,2449	960	29,1466	960	22,9656	960	14,2578	960	21,0131	
961	29,2152	961	29,1297	961	22,9627	961	14,2735	961	21,0297	
962	29,3348	962	29,0954	962	22,9051	962	14,2512	962	21,0142	
963	29,3922	963	29,1295	963	22,9422	963	14,2595	963	20,993	
964	29,4108	964	29,0912	964	22,8819	964	14,2298	964	20,9753	
965	29,5704	965	29,0753	965	22,9464	965	14,2295	965	20,9451	
966	29,3453	966	29,0538	966	22,9134	966	14,2267	966	20,9628	
967	29,3004	967	29,0581	967	22,8978	967	14,2349	967	20,9851	
968	29,4844	968	29,0078	968	22,8974	968	14,2344	968	20,9676	
969	29,4361	969	28,979	969	22,9035	969	14,2358	969	20,9756	
970	29,266	970	28,9243	970	22,8901	970	14,2256	970	20,9494	
971	29,2466	971	28,9333	971	22,8608	971	14,2219	971	20,9291	
972	29,1913	972	28,9364	972	22,9122	972	14,2456	972	20,9611	
973	29,2405	973	28,9224	973	22,8413	973	14,2342	973	20,9271	
974	29,2242	974	28,8959	974	22,7839	974	14,2055	974	20,9014	
975	29,1342	975	28,9125	975	22,8209	975	14,2566	975	20,9194	
976	29,064	976	28,8598	976	22,8073	976	14,2247	976	20,865	
977	29,0523	977	28,8272	977	22,7778	977	14,2451	977	20,8734	
978	29,0958	978	28,7988	978	22,7833	978	14,2034	978	20,8524	
979	29,0719	979	28,7741	979	22,7551	979	14,2208	979	20,8554	
980	29,0192	980	28,7326	980	22,7693	980	14,1807	980	20,826	
981	29,0843	981	28,7523	981	22,7436	981	14,2126	981	20,8174	
982	28,9794	982	28,7434	982	22,6959	982	14,185	982	20,8293	
983	29,0504	983	28,724	983	22,6882	983	14,1978	983	20,787	
984	29,023	984	28,7333	984	22,6654	984	14,1953	984	20,7964	
985	28,9696	985	28,7383	985	22,6581	985	14,2089	985	20,7881	
986	29,0081	986	28,7276	986	22,7344	986	14,2085	986	20,7825	
987	28,8644	987	28,6988	987	22,6823	987	14,2209	987	20,7659	
988	28,9545	988	28,6875	988	22,7325	988	14,2061	988	20,7844	
989	28,8151	989	28,6785	989	22,6543	989	14,1846	989	20,7667	
990	28,7646	990	28,6902	990	22,676	990	14,2302	990	20,8169	
991	28,8339	991	28,6724	991	22,6988	991	14,2132	991	20,7886	
992	28,887	992	28,6337	992	22,64	992	14,1955	992	20,7463	
993	28,8885	993	28,6671	993	22,6769	993	14,2288	993	20,7411	
994	29,0174	994	28,6056	994	22,6681	994	14,1999	994	20,7403	
995	29,0533	995	28,5985	995	22,6146	995	14,2056	995	20,7716	
996	28,8694	996	28,5917	996	22,6201	996	14,2145	996	20,7277	
997	28,8987	997	28,542	997	22,6074	997	14,1732	997	20,7208	
998	28,8929	998	28,5555	998	22,6409	998	14,2088	998	20,7539	
999	28,8044	999	28,5659	999	22,6196	999	14,1988	999	20,7757	
1000	28,7872	1000	28,4676	1000	22,6107	1000	14,1665	1000	20,6814	
1001	28,8382	1001	28,4983	1001	22,6184	1001	14,2104	1001	20,7351	
1002	28,8177	1002	28,4611	1002	22,5919	1002	14,1857	1002	20,7057	
1003	28,8091	1003	28,4642	1003	22,5292	1003	14,1811	1003	20,6922	
1004	28,7492	1004	28,4576	1004	22,5548	1004	14,1717	1004	20,6809	
1005	28,5743	1005	28,4148	1005	22,507	1005	14,1669	1005	20,6505	
1006	28,5784	1006	28,4277	1006	22,4996	1006	14,1861	1006	20,6972	
1007	28,6505	1007	28,4141	1007	22,5125	1007	14,1824	1007	20,6589	
1008	28,603	1008	28,3709	1008	22,5708	1008	14,162	1008	20,6385	
1009	28,6225	1009	28,3792	1009	22,5711	1009	14,1933	1009	20,6399	
1010	28,5649	1010	28,341	1010	22,4754	1010	14,1718	1010	20,6686	
1011	28,547	1011	28,3254	1011	22,4915	1011	14,1784	1011	20,6416	
1012	28,5043	1012	28,2771	1012	22,4822	1012	14,1862	1012	20,6257	
1013	28,5126	1013	28,2575	1013	22,4488	1013	14,1979	1013	20,614	
1014	28,5319	1014	28,2518	1014	22,4979	1014	14,1901	1014	20,5831	
1015	28,5089	1015	28,2578	1015	22,4306	1015	14,1543	1015	20,592	
1016	28,5022	1016	28,2258	1016	22,4069	1016	14,1596	1016	20,5683	
1017	28,6244	1017	28,249	1017	22,4288	1017	14,1869	1017	20,5599	
1018	28,552	1018	28,2274	1018	22,4526	1018	14,2032	1018	20,5686	
1019	28,3846	1019	28,2301	1019	22,4118	1019	14,2059	1019	20,5528	
1020	28,351	1020	28,1915	1020	22,3365	1020	14,1635	1020	20,5201	
1021	28,2417	1021	28,2439	1021	22,3569	1021	14,1812	1021	20,5382	
1022	28,2413	1022	28,252	1022	22,3718	1022	14,1571	1022	20,5298	
1023	28,3009	1023	28,2312	1023	22,3499	1023	14,1613	1023	20,5368	
1024	28,3055	1024	28,1748	1024	22,3576	1024	14,1509	1024	20,4999	
1025	28,1845	1025	28,2058	1025	22,3817	1025	14,1742	1025	20,5164	
1026	28,2015	1026	28,1526	1026	22,3031	1026	14,1561	1026	20,4871	
1027	28,2377	1027	28,1649	1027	22,3712	1027	14,1789	1027	20,5387	
1028	28,3084	1028	28,1314	1028	22,348	1028	14,167	1028	20,5373	
1029	28,4497	1029	28,0902	1029	22,3279	1029	14,1692	1029	20,5181	
1030	28,6404	1030	28,0732	1030	22,3222	1030	14,1729	1030	20,5337	
1031	28,7531	1031	28,0992	1031	22,3493	1031	14,1945	1031	20,5239	
1032	28,713	1032	28,0522	1032	22,3209	1032	14,176	1032	20,4974	
1033	28,3972	1033	27,9968	1033	22,325	1033	14,1686	1033	20,4464	
1034	28,264	1034	27,9612	1034	22,2972	1034	14,1716	1034	20,4845	
1035	28,2009	1035	27,9868	1035	22,2921	1035	14,188	1035	20,4457	
1036	28,1463	1036	27,9451	1036	22,2635	1036	14,1696	1036	20,4626	
1037	28,1384	1037	27,9565	1037	22,2494	1037	14,1469	1037	20,4466	
1038	28,1296	1038	27,8926	1038	22,2155	1038	14,1623	1038	20,4055	
1039	28,1315	1039	27,9113	1039	22,2541	1039	14,174	1039	20,438	
1040	28,0693	1040	27,89	1040	22,2252	1040	14,1797	1040	20,4133	
1041	28,1303	1041	27,8601	1041	22,207	1041	14,1485	1041	20,397	
1042	28,1388	1042	27,8794	1042	22,2164	1042	14,1808	1042	20,3993	
1043	28,1239	1043	27,8812	1043	22,2012	1043	14,1708	1043	20,3769	
1044	28,1865	1044	27,8512	1044	22,1733	1044	14,157	1044	20,3846	
1045	28,0263	1045	27,8469	1045	22,1464	1045	14,1699	1045	20,4084	
1046	28,1578	1046	27,7931	1046	22,1576	1046	14,1565	1046	20,3798	
1047	28,0436	1047	27,7857	1047	22,1402	1047	14,1647	1047	20,3387	
1048	28,0682	1048	27,8209	1048	22,1666	1048	14,1779	1048	20,3944	
1049	28,1453	1049	27,7688	1049	22,1119	1049	14,1567	1049	20,3482	
1050	28,1885	1050	27,8304	1050	22,1657	1050	14,208	1050	20,3689	
1051	28,1581	1051	27,7577	1051	22,1111	1051	14,1721	1051	20,337	
1052	28,0706	1052	27,7523	1052	22,1365	1052	14,16	1052	20,3288	
1053	27,9255	1053	27,7491	1053	22,1309	1053	14,2016	1053	20,3454	
1054	27,978	1054	27,7241	1054	22,1034	1054	14,1644	1054	20,3312	
1055	28,162	1055	27,7148	1055	22,077	1055	14,1617	1055	20,2981	
1056	27,9588	1056	27,7099	1056	22,073	1056	14,149	1056	20,313	
1057	27,842	1057	27,6718	1057	22,0286	1057	14,1501	1057	20,2795	
1058	27,8424	1058	27,719	1058	22,1158	1058	14,2306	1058	20,3227	
1059	27,8053	1059	27,677	1059	22,029	1059	14,1844	1059	20,2965	
1060	27,8007	1060	27,6971	1060	22,1032	1060	14,189	1060	20,2769	
1061	27,775	1061	27,6811	1061	22,0431	1061	14,1775	1061	20,2822	
1062	27,8912	1062	27,6381	1062	22,025	1062	14,1655	1062	20,2726	
1063	27,984	1063	27,6884	1063	22,0722	1063	14,1778	1063	20,3109	
1064	28,0027	1064	27,6296	1064	22,0075	1064	14,1679	1064	20,2285	
1065	27,9866	1065	27,5966	1065	21,9927	1065	14,1497	1065	20,2165	
1066	27,9003	1066	27,5676	1066	21,9892	1066	14,17	1066	20,2808	
1067	27,839	1067	27,532	1067	22,0348	1067	14,1464	1067	20,216	
1068	27,7862	1068	27,5351	1068	22,028	1068	14,1824	1068	20,2215	
1069	27,7641	1069	27,5272	1069	22,0007	1069	14,1859	1069	20,2445	
1070	27,8498	1070	27,523	1070	22,0149	1070	14,1363	1070	20,2184	
1071	27,8147	1071	27,5061	1071	21,9345	1071	14,1516	1071	20,2075	
1072	27,7357	1072	27,5063	1072	21,9754	1072	14,1552	1072	20,1963	
1073	27,6388	1073	27,4493	1073	21,9366	1073	14,1423	1073	20,1504	
1074	27,853	1074	27,4543	1074	21,9421	1074	14,1679	1074	20,1976	
1075	27,5933	1075	27,4249	1075	21,9306	1075	14,1411	1075	20,1828	
1076	27,4986	1076	27,3928	1076	21,9276	1076	14,1515	1076	20,1884	
1077	27,5941	1077	27,4066	1077	21,9135	1077	14,1821	1077	20,1643	
1078	27,5597	1078	27,3823	1078	21,8825	1078	14,1533	1078	20,1702	
1079	27,5877	1079	27,3596	1079	21,9127	1079	14,1388	1079	20,1174	
1080	27,6516	1080	27,3485	1080	21,8149	1080	14,1629	1080	20,1504	
1081	27,6994	1081	27,3228	1081	21,872	1081	14,1665	1081	20,1165	
1082	27,5518	1082	27,332	1082	21,8547	1082	14,1734	1082	20,1414	
1083	27,4914	1083	27,2976	1083	21,7822	1083	14,1581	1083	20,1148	
1084	27,7364	1084	27,3084	1084	21,7941	1084	14,1524	1084	20,1134	
1085	27,686	1085	27,2941	1085	21,7943	1085	14,1427	1085	20,0719	
1086	27,606	1086	27,3292	1086	21,8121	1086	14,1458	1086	20,0854	
1087	27,64	1087	27,3188	1087	21,8215	1087	14,1457	1087	20,0621	
1088	27,6885	1088	27,2771	1088	21,7749	1088	14,1403	1088	20,0838	
1089	27,4757	1089	27,307	1089	21,793	1089	14,1624	1089	20,0797	
1090	27,3949	1090	27,2758	1090	21,7845	1090	14,168	1090	20,0825	
1091	27,4493	1091	27,3196	1091	21,8138	1091	14,1966	1091	20,118	
1092	27,374	1092	27,2712	1092	21,7921	1092	14,1571	1092	20,0835	
1093	27,379	1093	27,2674	1093	21,7931	1093	14,1429	1093	20,0726	
1094	27,4917	1094	27,2241	1094	21,7543	1094	14,1668	1094	20,0864	
1095	27,4266	1095	27,2062	1095	21,7563	1095	14,1296	1095	20,0661	
1096	27,4535	1096	27,2043	1096	21,7936	1096	14,1572	1096	20,0783	
1097	27,4176	1097	27,1814	1097	21,7687	1097	14,1584	1097	20,0244	
1098	27,4833	1098	27,148	1098	21,6997	1098	14,1189	1098	20,0246	
1099	27,5311	1099	27,1189	1099	21,7097	1099	14,0975	1099	20,0104	
1100	27,529	1100	27,1386	1100	21,7176	1100	14,1356	1100	20,0184	
1101	27,5954	1101	27,1189	1101	21,7149	1101	14,1023	1101	20,0052	
1102	27,5904	1102	27,1629	1102	21,7151	1102	14,133	1102	20,0044	
1103	27,4129	1103	27,1144	1103	21,7089	1103	14,1149	1103	20,0277	
1104	27,3001	1104	27,1313	1104	21,7226	1104	14,1377	1104	20,0148	
1105	27,3525	1105	27,1038	1105	21,6798	1105	14,1276	1105	20,0014	
1106	27,3024	1106	27,0578	1106	21,673	1106	14,1169	1106	19,9893	
1107	27,2989	1107	27,0697	1107	21,6792	1107	14,1375	1107	19,9809	
1108	27,3489	1108	27,0521	1108	21,6743	1108	14,1249	1108	19,956	
1109	27,2864	1109	27,028	1109	21,6738	1109	14,1482	1109	19,9692	
1110	27,1829	1110	27,0006	1110	21,67	1110	14,1506	1110	19,983	
1111	27,1426	1111	26,9817	1111	21,6562	1111	14,1272	1111	19,9426	
1112	27,2986	1112	26,9862	1112	21,6304	1112	14,1078	1112	19,9452	
1113	27,2595	1113	26,9709	1113	21,6728	1113	14,1258	1113	19,954	
1114	27,1314	1114	26,9382	1114	21,6049	1114	14,1514	1114	19,9363	
1115	27,1045	1115	26,9464	1115	21,6562	1115	14,1482	1115	19,9555	
1116	27,0537	1116	26,9155	1116	21,6285	1116	14,1432	1116	19,9353	
1117	27,0465	1117	26,9136	1117	21,5584	1117	14,086	1117	19,9154	
1118	27,2098	1118	26,9085	1118	21,5693	1118	14,1237	1118	19,9249	
1119	27,2389	1119	26,9007	1119	21,5733	1119	14,1377	1119	19,9303	
1120	27,2648	1120	26,9085	1120	21,6082	1120	14,1208	1120	19,8779	
1121	27,2813	1121	26,8588	1121	21,5459	1121	14,1106	1121	19,8683	
1122	27,2651	1122	26,8613	1122	21,5542	1122	14,1075	1122	19,8983	
1123	27,2144	1123	26,841	1123	21,5536	1123	14,116	1123	19,8736	
1124	27,1352	1124	26,8514	1124	21,5139	1124	14,117	1124	19,8931	
1125	27,2021	1125	26,8214	1125	21,497	1125	14,121	1125	19,8724	
1126	27,1828	1126	26,8217	1126	21,4912	1126	14,118	1126	19,8627	
1127	27,0066	1127	26,7963	1127	21,468	1127	14,0946	1127	19,7954	
1128	26,9183	1128	26,7973	1128	21,4865	1128	14,1147	1128	19,8349	
1129	26,8572	1129	26,8002	1129	21,5292	1129	14,1229	1129	19,8458	
1130	26,8521	1130	26,8258	1130	21,5061	1130	14,1249	1130	19,8549	
1131	26,966	1131	26,7381	1131	21,4877	1131	14,0887	1131	19,8479	
1132	26,9754	1132	26,7562	1132	21,4519	1132	14,0785	1132	19,8225	
1133	26,7739	1133	26,7409	1133	21,5099	1133	14,1121	1133	19,8398	
1134	26,7726	1134	26,6969	1134	21,4501	1134	14,0742	1134	19,8083	
1135	26,7632	1135	26,6884	1135	21,4615	1135	14,0523	1135	19,8069	
1136	26,7892	1136	26,6957	1136	21,4659	1136	14,064	1136	19,8161	
1137	26,8459	1137	26,6802	1137	21,4566	1137	14,0879	1137	19,7854	
1138	26,8259	1138	26,6793	1138	21,3959	1138	14,0898	1138	19,7726	
1139	26,8572	1139	26,67	1139	21,4065	1139	14,0843	1139	19,7765	
1140	26,8462	1140	26,6512	1140	21,4022	1140	14,0762	1140	19,7651	
1141	26,9881	1141	26,616	1141	21,374	1141	14,0835	1141	19,7412	
1142	26,9786	1142	26,5844	1142	21,3944	1142	14,0678	1142	19,7573	
1143	26,7366	1143	26,5506	1143	21,3529	1143	14,0508	1143	19,7399	
1144	26,6622	1144	26,5641	1144	21,3521	1144	14,0987	1144	19,7411	
1145	26,6705	1145	26,5524	1145	21,3556	1145	14,0532	1145	19,718	
1146	26,8254	1146	26,5215	1146	21,3715	1146	14,061	1146	19,7139	
1147	26,7584	1147	26,5275	1147	21,2932	1147	14,0523	1147	19,6968	
1148	26,7705	1148	26,5051	1148	21,2867	1148	14,0496	1148	19,7136	
1149	26,7845	1149	26,47	1149	21,3154	1149	14,0227	1149	19,6868	
1150	26,8447	1150	26,5169	1150	21,3057	1150	14,0411	1150	19,6927	
1151	26,748	1151	26,4701	1151	21,2801	1151	14,0243	1151	19,6627	
1152	26,7362	1152	26,4688	1152	21,2645	1152	14,0445	1152	19,6885	
1153	26,6331	1153	26,4812	1153	21,2983	1153	14,0446	1153	19,6962	
1154	26,5696	1154	26,4484	1154	21,2881	1154	14,0153	1154	19,6513	
1155	26,6883	1155	26,4175	1155	21,2566	1155	14,0374	1155	19,6259	
1156	26,6708	1156	26,4227	1156	21,2694	1156	14,0169	1156	19,6369	
1157	26,6284	1157	26,4147	1157	21,231	1157	14,0131	1157	19,6222	
1158	26,6123	1158	26,3876	1158	21,2758	1158	13,9934	1158	19,611	
1159	26,5598	1159	26,3553	1159	21,2116	1159	13,9812	1159	19,6046	
1160	26,525	1160	26,3792	1160	21,2067	1160	14,003	1160	19,5826	
1161	26,5303	1161	26,3753	1161	21,2137	1161	14,0181	1161	19,6157	
1162	26,5497	1162	26,3564	1162	21,163	1162	14,0038	1162	19,5735	
1163	26,489	1163	26,3499	1163	21,2237	1163	13,9958	1163	19,5916	
1164	26,4797	1164	26,3508	1164	21,1502	1164	14,0058	1164	19,574	
1165	26,5404	1165	26,3671	1165	21,1694	1165	14,007	1165	19,5728	
1166	26,4567	1166	26,385	1166	21,1884	1166	13,9903	1166	19,5762	
1167	26,4812	1167	26,3297	1167	21,1735	1167	13,973	1167	19,548	
1168	26,5389	1168	26,3481	1168	21,1512	1168	14,0144	1168	19,5883	
1169	26,5765	1169	26,3107	1169	21,1587	1169	13,9933	1169	19,5426	
1170	26,6788	1170	26,2609	1170	21,1509	1170	13,9688	1170	19,5514	
1171	26,5751	1171	26,2982	1171	21,1576	1171	14,0079	1171	19,5657	
1172	26,52	1172	26,2802	1172	21,1679	1172	14,0064	1172	19,5509	
1173	26,6206	1173	26,2554	1173	21,1387	1173	13,9761	1173	19,5582	
1174	26,6886	1174	26,1957	1174	21,1247	1174	13,9573	1174	19,5233	
1175	26,6661	1175	26,2077	1175	21,0998	1175	13,9594	1175	19,5012	
1176	26,5894	1176	26,1461	1176	21,0834	1176	13,951	1176	19,4848	
1177	26,4059	1177	26,1434	1177	21,1087	1177	13,9692	1177	19,5258	
1178	26,398	1178	26,1231	1178	21,0765	1178	13,9407	1178	19,4897	
1179	26,2968	1179	26,0913	1179	21,0995	1179	13,9533	1179	19,4776	
1180	26,2655	1180	26,1101	1180	21,043	1180	13,9552	1180	19,4658	
1181	26,1814	1181	26,1137	1181	21,0608	1181	13,9631	1181	19,4717	
1182	26,1824	1182	26,0338	1182	21,0024	1182	13,9311	1182	19,427	
1183	26,1659	1183	26,0598	1183	21,001	1183	13,9544	1183	19,4412	
1184	26,1717	1184	26,0436	1184	21,0203	1184	13,9433	1184	19,4316	
1185	26,0834	1185	26,0331	1185	20,9984	1185	13,9427	1185	19,4462	
1186	26,055	1186	26,0351	1186	20,9795	1186	13,9147	1186	19,4244	
1187	26,0638	1187	25,9849	1187	20,9684	1187	13,9336	1187	19,3958	
1188	26,0857	1188	26,025	1188	20,95	1188	13,956	1188	19,3821	
1189	26,0994	1189	26,0212	1189	20,9627	1189	13,9312	1189	19,3924	
1190	26,1272	1190	26,0178	1190	20,9854	1190	13,9282	1190	19,4313	
1191	26,1461	1191	25,9881	1191	20,9395	1191	13,9121	1191	19,3431	
1192	26,2685	1192	25,995	1192	20,9407	1192	13,9328	1192	19,3538	
1193	26,1514	1193	25,9677	1193	20,9455	1193	13,9215	1193	19,3491	
1194	26,1262	1194	25,9387	1194	20,8969	1194	13,9007	1194	19,3227	
1195	26,0304	1195	25,9601	1195	20,9365	1195	13,9415	1195	19,3851	
1196	26,028	1196	25,9003	1196	20,892	1196	13,9049	1196	19,3387	
1197	25,9994	1197	25,8825	1197	20,8495	1197	13,8936	1197	19,3147	
1198	25,9455	1198	25,8969	1198	20,9393	1198	13,9205	1198	19,3491	
1199	26,0204	1199	25,846	1199	20,8815	1199	13,8968	1199	19,3325	
1200	26,3482	1200	25,8427	1200	20,8891	1200	13,9172	1200	19,3273	
1201	26,201	1201	25,8528	1201	20,8803	1201	13,8898	1201	19,328	
