Time - Plot 0	Degrees Celsius - Plot 0	Time - Plot 1	Degrees Celsius - Plot 1	Time - Plot 2	Degrees Celsius - Plot 2	Time - Plot 3	Degrees Celsius - Plot 3	Time - Plot 4	Degrees Celsius - Plot 4	
0	23,3413	0	23,4612	0	19,2675	0	18,7565	0	13,7566	
1	23,3495	1	23,464	1	19,2599	1	18,7513	1	13,7428	
2	23,3767	2	23,4478	2	19,2294	2	18,7398	2	13,7526	
3	23,3423	3	23,4237	3	19,2238	3	18,7237	3	13,7122	
4	23,3752	4	23,4213	4	19,2256	4	18,7498	4	13,7246	
5	23,348	5	23,475	5	19,2486	5	18,769	5	13,7953	
6	23,3509	6	23,4329	6	19,2344	6	18,7491	6	13,7429	
7	23,3577	7	23,456	7	19,2443	7	18,7946	7	13,7819	
8	23,3751	8	23,4437	8	19,2225	8	18,7623	8	13,7772	
9	23,3739	9	23,477	9	19,2345	9	18,7867	9	13,795	
10	23,3535	10	23,4681	10	19,2161	10	18,7892	10	13,7922	
11	23,3902	11	23,4564	11	19,2342	11	18,8325	11	13,7837	
12	23,3946	12	23,4602	12	19,1858	12	18,7893	12	13,7676	
13	23,3621	13	23,46	13	19,2055	13	18,8266	13	13,7969	
14	23,3552	14	23,4415	14	19,2003	14	18,8081	14	13,7773	
15	23,3756	15	23,4719	15	19,2194	15	18,8082	15	13,8065	
16	23,3761	16	23,4574	16	19,2257	16	18,843	16	13,8085	
17	23,3546	17	23,4789	17	19,2145	17	18,8665	17	13,8045	
18	23,3599	18	23,443	18	19,2055	18	18,8361	18	13,8226	
19	23,3542	19	23,4495	19	19,2074	19	18,8513	19	13,8035	
20	23,3776	20	23,4708	20	19,2069	20	18,8703	20	13,8169	
21	23,3625	21	23,45	21	19,2121	21	18,8517	21	13,8211	
22	23,3463	22	23,4745	22	19,2078	22	18,8811	22	13,8139	
23	23,3525	23	23,4601	23	19,1757	23	18,8556	23	13,8394	
24	24,1813	24	23,4775	24	19,1984	24	18,8765	24	13,8379	
25	24,3925	25	23,4942	25	19,1924	25	18,907	25	13,8571	
26	24,9722	26	23,4544	26	19,1918	26	18,9217	26	13,848	
27	25,8646	27	23,4713	27	19,2141	27	18,9154	27	13,8589	
28	26,4789	28	23,4325	28	19,1537	28	18,8588	28	13,8226	
29	25,213	29	23,475	29	19,1859	29	18,8977	29	13,8573	
30	24,8365	30	23,4513	30	19,176	30	18,9153	30	13,854	
31	25,2729	31	23,4814	31	19,2057	31	18,9526	31	13,8729	
32	24,448	32	23,483	32	19,2035	32	18,9651	32	13,8916	
33	26,0337	33	23,5042	33	19,2167	33	18,9608	33	13,893	
34	25,5798	34	23,491	34	19,2067	34	18,9779	34	13,9182	
35	25,1667	35	23,47	35	19,1918	35	18,9843	35	13,9266	
36	26,1445	36	23,5025	36	19,204	36	18,9476	36	13,9179	
37	25,1039	37	23,4747	37	19,1932	37	18,9487	37	13,8818	
38	25,2709	38	23,468	38	19,2107	38	18,9814	38	13,916	
39	24,9224	39	23,4746	39	19,1912	39	18,9557	39	13,9055	
40	25,0614	40	23,4674	40	19,2016	40	18,985	40	13,9111	
41	25,6901	41	23,4845	41	19,1841	41	18,9694	41	13,9255	
42	24,7586	42	23,4819	42	19,1801	42	18,9916	42	13,9258	
43	24,9793	43	23,4704	43	19,1633	43	18,9871	43	13,918	
44	25,3094	44	23,4598	44	19,1859	44	19,0002	44	13,9354	
45	25,2561	45	23,453	45	19,1833	45	18,9829	45	13,9242	
46	25,5494	46	23,4539	46	19,1662	46	18,9777	46	13,9233	
47	25,7932	47	23,5047	47	19,2095	47	19,0253	47	13,9668	
48	25,5601	48	23,4667	48	19,1762	48	18,991	48	13,9457	
49	25,5938	49	23,4387	49	19,1509	49	18,998	49	13,9413	
50	25,5095	50	23,4663	50	19,1706	50	19,0224	50	13,9854	
51	25,7961	51	23,4768	51	19,1801	51	19,031	51	13,9611	
52	25,2502	52	23,4709	52	19,1738	52	19,0413	52	13,9738	
53	25,1269	53	23,4744	53	19,1706	53	19,068	53	14,0092	
54	24,9426	54	23,5042	54	19,183	54	19,0501	54	13,9945	
55	25,1381	55	23,4766	55	19,1785	55	19,0778	55	13,9728	
56	25,873	56	23,4571	56	19,1575	56	19,0364	56	13,9779	
57	26,2219	57	23,4899	57	19,19	57	19,0599	57	14,0029	
58	25,8524	58	23,4667	58	19,1677	58	19,0542	58	13,9972	
59	26,1353	59	23,453	59	19,1786	59	19,0661	59	14,002	
60	26,5635	60	23,483	60	19,1684	60	19,063	60	14,0027	
61	25,9193	61	23,475	61	19,1632	61	19,0806	61	14,0175	
62	26,9616	62	23,4702	62	19,1427	62	19,08	62	14,0002	
63	27,0916	63	23,4923	63	19,162	63	19,0694	63	14,0039	
64	26,6959	64	23,458	64	19,1555	64	19,0644	64	14,0427	
65	27,0309	65	23,4825	65	19,1631	65	19,0981	65	14,0384	
66	26,1313	66	23,4992	66	19,1936	66	19,1029	66	14,0452	
67	25,8718	67	23,4652	67	19,1495	67	19,084	67	14,0438	
68	25,5763	68	23,4637	68	19,1651	68	19,1128	68	14,0404	
69	25,6873	69	23,4706	69	19,1977	69	19,1416	69	14,0545	
70	25,5741	70	23,4414	70	19,137	70	19,0748	70	14,0322	
71	25,5135	71	23,492	71	19,176	71	19,1413	71	14,0699	
72	25,7328	72	23,4488	72	19,1492	72	19,0984	72	14,0607	
73	25,6282	73	23,4688	73	19,1631	73	19,1108	73	14,0774	
74	25,8101	74	23,4546	74	19,1588	74	19,1351	74	14,0574	
75	25,8828	75	23,4694	75	19,1428	75	19,129	75	14,0809	
76	27,4827	76	23,4906	76	19,1779	76	19,1404	76	14,1128	
77	27,7467	77	23,4765	77	19,1955	77	19,1646	77	14,1286	
78	27,439	78	23,4873	78	19,1879	78	19,1509	78	14,1114	
79	27,3691	79	23,4614	79	19,1552	79	19,1519	79	14,0833	
80	26,8801	80	23,4659	80	19,1683	80	19,1597	80	14,1212	
81	27,4424	81	23,4603	81	19,146	81	19,138	81	14,0999	
82	26,9345	82	23,4604	82	19,177	82	19,1575	82	14,1109	
83	27,0914	83	23,4774	83	19,1684	83	19,1452	83	14,1376	
84	26,4457	84	23,501	84	19,1736	84	19,1798	84	14,1333	
85	26,0949	85	23,5072	85	19,1755	85	19,1855	85	14,1447	
86	26,017	86	23,4716	86	19,1835	86	19,1593	86	14,1718	
87	26,0768	87	23,4722	87	19,1651	87	19,1836	87	14,1343	
88	26,0535	88	23,4988	88	19,1718	88	19,1956	88	14,1582	
89	26,1386	89	23,4854	89	19,1475	89	19,1613	89	14,15	
90	26,2125	90	23,4687	90	19,1649	90	19,1796	90	14,1717	
91	26,1927	91	23,4673	91	19,1112	91	19,1858	91	14,1755	
92	26,5595	92	23,4726	92	19,1527	92	19,2111	92	14,2	
93	26,6286	93	23,4906	93	19,1764	93	19,213	93	14,1866	
94	26,481	94	23,4588	94	19,1512	94	19,1963	94	14,1737	
95	26,4238	95	23,4709	95	19,1482	95	19,2189	95	14,184	
96	26,4655	96	23,4746	96	19,1571	96	19,2288	96	14,2197	
97	26,4891	97	23,4651	97	19,1456	97	19,2135	97	14,1943	
98	26,5205	98	23,505	98	19,1956	98	19,2583	98	14,2569	
99	26,5201	99	23,4613	99	19,1594	99	19,2392	99	14,242	
100	26,6308	100	23,4791	100	19,191	100	19,2357	100	14,2275	
101	26,6658	101	23,4936	101	19,1738	101	19,2683	101	14,2564	
102	26,7162	102	23,4789	102	19,1457	102	19,2117	102	14,234	
103	26,8401	103	23,4948	103	19,1379	103	19,2333	103	14,2428	
104	27,6025	104	23,4896	104	19,1731	104	19,2576	104	14,2562	
105	27,7617	105	23,4743	105	19,1743	105	19,2683	105	14,2527	
106	27,8147	106	23,4573	106	19,1335	106	19,2295	106	14,2508	
107	27,3175	107	23,4547	107	19,1594	107	19,2491	107	14,2539	
108	27,1171	108	23,4291	108	19,1375	108	19,2472	108	14,2629	
109	27,3204	109	23,4815	109	19,1863	109	19,2628	109	14,2809	
110	27,4328	110	23,4626	110	19,1597	110	19,2561	110	14,2809	
111	27,5362	111	23,473	111	19,1559	111	19,2827	111	14,3086	
112	27,3114	112	23,5075	112	19,173	112	19,3121	112	14,3085	
113	27,3097	113	23,5359	113	19,2029	113	19,3259	113	14,3224	
114	27,3314	114	23,4868	114	19,2139	114	19,3089	114	14,3458	
115	27,3072	115	23,459	115	19,1485	115	19,261	115	14,3149	
116	27,5115	116	23,4859	116	19,1603	116	19,3014	116	14,3087	
117	28,6057	117	23,4283	117	19,1424	117	19,2687	117	14,3002	
118	28,4839	118	23,4619	118	19,1324	118	19,2739	118	14,3312	
119	28,0907	119	23,4625	119	19,1397	119	19,2931	119	14,3199	
120	27,7589	120	23,4669	120	19,1555	120	19,3207	120	14,3419	
121	27,5908	121	23,4515	121	19,1524	121	19,3091	121	14,3331	
122	27,5771	122	23,4756	122	19,1866	122	19,3219	122	14,3479	
123	27,852	123	23,5125	123	19,198	123	19,3456	123	14,3669	
124	28,0139	124	23,4492	124	19,1425	124	19,2996	124	14,3432	
125	28,5861	125	23,4684	125	19,1598	125	19,3331	125	14,3578	
126	28,6957	126	23,4928	126	19,1763	126	19,342	126	14,3852	
127	28,5328	127	23,471	127	19,1692	127	19,3363	127	14,4024	
128	28,1457	128	23,4726	128	19,1759	128	19,3445	128	14,4082	
129	27,9117	129	23,4192	129	19,1162	129	19,2899	129	14,3673	
130	27,9066	130	23,4618	130	19,149	130	19,3161	130	14,3835	
131	27,8558	131	23,4686	131	19,171	131	19,3381	131	14,4151	
132	27,9177	132	23,4755	132	19,184	132	19,3374	132	14,414	
133	27,8275	133	23,4676	133	19,1653	133	19,3642	133	14,4251	
134	27,8351	134	23,4973	134	19,1932	134	19,3731	134	14,4694	
135	27,9349	135	23,4757	135	19,152	135	19,3595	135	14,4475	
136	27,8652	136	23,4719	136	19,142	136	19,3513	136	14,4303	
137	27,8929	137	23,4739	137	19,1482	137	19,3306	137	14,4352	
138	28,1395	138	23,4512	138	19,1459	138	19,3392	138	14,4524	
139	28,1671	139	23,4796	139	19,1702	139	19,38	139	14,4568	
140	28,1824	140	23,4629	140	19,1667	140	19,3661	140	14,4566	
141	28,1428	141	23,4495	141	19,1637	141	19,3522	141	14,466	
142	28,2679	142	23,4947	142	19,1753	142	19,4018	142	14,5019	
143	28,4178	143	23,4869	143	19,1827	143	19,404	143	14,5065	
144	28,4823	144	23,4734	144	19,1653	144	19,3738	144	14,4829	
145	28,447	145	23,4476	145	19,1514	145	19,3716	145	14,4765	
146	28,4193	146	23,4809	146	19,1701	146	19,3837	146	14,5081	
147	28,4657	147	23,493	147	19,1884	147	19,3992	147	14,5193	
148	28,575	148	23,4836	148	19,1736	148	19,3863	148	14,5064	
149	28,5486	149	23,4836	149	19,166	149	19,3977	149	14,5088	
150	28,5795	150	23,4764	150	19,1645	150	19,4086	150	14,5164	
151	28,5656	151	23,4422	151	19,1754	151	19,4047	151	14,542	
152	28,5085	152	23,4674	152	19,1513	152	19,3967	152	14,5283	
153	28,4469	153	23,4754	153	19,1593	153	19,4071	153	14,5349	
154	28,4815	154	23,4863	154	19,1821	154	19,4304	154	14,534	
155	28,5303	155	23,4797	155	19,1817	155	19,4314	155	14,5631	
156	28,6533	156	23,4951	156	19,2018	156	19,4316	156	14,5972	
157	28,7933	157	23,473	157	19,1522	157	19,4223	157	14,5678	
158	29,0183	158	23,4488	158	19,1325	158	19,4188	158	14,5548	
159	29,0975	159	23,4704	159	19,1847	159	19,4339	159	14,6038	
160	29,0278	160	23,4428	160	19,175	160	19,437	160	14,5812	
161	28,9723	161	23,4753	161	19,1811	161	19,4422	161	14,5849	
162	28,8015	162	23,4671	162	19,179	162	19,4501	162	14,5937	
163	28,943	163	23,4588	163	19,1745	163	19,4228	163	14,5978	
164	29,0824	164	23,4908	164	19,1975	164	19,4572	164	14,6238	
165	29,0526	165	23,5021	165	19,1894	165	19,4638	165	14,6404	
166	29,177	166	23,4599	166	19,1817	166	19,4652	166	14,6332	
167	29,2268	167	23,4825	167	19,1849	167	19,4365	167	14,6193	
168	29,1923	168	23,4493	168	19,1653	168	19,4312	168	14,6258	
169	29,224	169	23,4602	169	19,1526	169	19,4654	169	14,6297	
170	29,2591	170	23,4609	170	19,1495	170	19,468	170	14,6427	
171	29,3188	171	23,4305	171	19,1593	171	19,4338	171	14,6322	
172	29,2918	172	23,4744	172	19,1625	172	19,4521	172	14,653	
173	29,2974	173	23,4686	173	19,181	173	19,4691	173	14,6496	
174	29,3739	174	23,475	174	19,1917	174	19,4699	174	14,6898	
175	29,5546	175	23,4597	175	19,1611	175	19,4626	175	14,6754	
176	29,4926	176	23,4812	176	19,2007	176	19,4965	176	14,6875	
177	30,9305	177	23,439	177	19,1868	177	19,457	177	14,6683	
178	30,6986	178	23,475	178	19,186	178	19,4817	178	14,7032	
179	30,5177	179	23,4432	179	19,1683	179	19,4854	179	14,694	
180	30,208	180	23,4555	180	19,1811	180	19,4831	180	14,7117	
181	30,2807	181	23,4551	181	19,1826	181	19,4798	181	14,7065	
182	30,0904	182	23,444	182	19,1809	182	19,5057	182	14,711	
183	30,0273	183	23,4283	183	19,1704	183	19,4695	183	14,7052	
184	30,0416	184	23,4548	184	19,1904	184	19,5051	184	14,7134	
185	30,0725	185	23,451	185	19,186	185	19,478	185	14,7395	
186	30,096	186	23,4391	186	19,1865	186	19,4875	186	14,7276	
187	29,9924	187	23,4355	187	19,1809	187	19,5175	187	14,7577	
188	30,1417	188	23,4385	188	19,1883	188	19,5149	188	14,7641	
189	30,2208	189	23,4697	189	19,2319	189	19,5419	189	14,7884	
190	30,1726	190	23,455	190	19,2357	190	19,5176	190	14,775	
191	30,096	191	23,4629	191	19,208	191	19,5218	191	14,7901	
192	30,2526	192	23,4486	192	19,178	192	19,5307	192	14,7733	
193	30,1507	193	23,4456	193	19,1897	193	19,5168	193	14,7636	
194	30,2128	194	23,401	194	19,1525	194	19,5043	194	14,7887	
195	30,2438	195	23,4291	195	19,1845	195	19,5178	195	14,758	
196	30,2008	196	23,4723	196	19,205	196	19,5321	196	14,7866	
197	30,2114	197	23,4303	197	19,1956	197	19,5303	197	14,8125	
198	30,2718	198	23,4552	198	19,1936	198	19,5221	198	14,7976	
199	30,4393	199	23,4511	199	19,1966	199	19,5513	199	14,8044	
200	30,5705	200	23,4348	200	19,1897	200	19,5173	200	14,797	
201	30,389	201	23,4571	201	19,2112	201	19,5601	201	14,8238	
202	30,488	202	23,471	202	19,2147	202	19,5461	202	14,8368	
203	30,5959	203	23,4423	203	19,1854	203	19,5623	203	14,8303	
204	30,6275	204	23,4491	204	19,2131	204	19,5843	204	14,8648	
205	30,546	205	23,4329	205	19,2092	205	19,56	205	14,8484	
206	30,5306	206	23,4611	206	19,2228	206	19,5898	206	14,8802	
207	30,7059	207	23,4237	207	19,1981	207	19,5337	207	14,8597	
208	30,735	208	23,4128	208	19,1947	208	19,5446	208	14,8544	
209	31,6613	209	23,4484	209	19,2238	209	19,5698	209	14,8922	
210	32,2364	210	23,4385	210	19,1778	210	19,5514	210	14,8527	
211	31,6911	211	23,4364	211	19,2108	211	19,5711	211	14,9024	
212	31,3107	212	23,4224	212	19,1745	212	19,5628	212	14,9136	
213	31,0923	213	23,4365	213	19,1948	213	19,5608	213	14,9016	
214	31,9258	214	23,43	214	19,2086	214	19,5628	214	14,9008	
215	32,291	215	23,4253	215	19,1968	215	19,5704	215	14,9022	
216	32,0476	216	23,4214	216	19,2191	216	19,5566	216	14,9008	
217	31,8903	217	23,4251	217	19,1905	217	19,5783	217	14,9069	
218	31,7206	218	23,3917	218	19,1836	218	19,5733	218	14,9056	
219	31,571	219	23,4195	219	19,1849	219	19,5647	219	14,9046	
220	31,4142	220	23,4136	220	19,2226	220	19,5849	220	14,9277	
221	31,4915	221	23,4501	221	19,2122	221	19,5796	221	14,9315	
222	31,5025	222	23,4282	222	19,2069	222	19,5686	222	14,9428	
223	31,3686	223	23,4336	223	19,2232	223	19,5864	223	14,9421	
224	31,2247	224	23,4236	224	19,2226	224	19,5877	224	14,961	
225	31,217	225	23,4232	225	19,2247	225	19,6163	225	14,9545	
226	31,2062	226	23,4352	226	19,2192	226	19,6132	226	14,9704	
227	31,409	227	23,4193	227	19,2146	227	19,5938	227	14,9615	
228	31,4254	228	23,4329	228	19,2159	228	19,6113	228	14,9909	
229	31,4023	229	23,4092	229	19,213	229	19,6098	229	14,9714	
230	31,5725	230	23,4428	230	19,2496	230	19,6165	230	15,0033	
231	31,6354	231	23,4074	231	19,2154	231	19,5924	231	14,9819	
232	31,7068	232	23,4218	232	19,218	232	19,6206	232	14,9945	
233	31,8345	233	23,3862	233	19,1871	233	19,5944	233	14,973	
234	33,0675	234	23,4115	234	19,2257	234	19,6244	234	14,9912	
235	32,7903	235	23,4012	235	19,2036	235	19,6403	235	14,9971	
236	32,0842	236	23,3962	236	19,2118	236	19,6077	236	15,0078	
237	31,9229	237	23,3792	237	19,2113	237	19,6243	237	15,0149	
238	32,4444	238	23,4082	238	19,2243	238	19,6197	238	15,0251	
239	32,6526	239	23,4079	239	19,2392	239	19,6427	239	15,0248	
240	32,8124	240	23,4187	240	19,2201	240	19,6521	240	15,0418	
241	32,3669	241	23,4148	241	19,22	241	19,6306	241	15,0379	
242	32,1795	242	23,3927	242	19,2321	242	19,6313	242	15,0324	
243	32,1144	243	23,4175	243	19,2374	243	19,6243	243	15,0497	
244	31,994	244	23,4002	244	19,2329	244	19,643	244	15,0561	
245	32,0444	245	23,4298	245	19,2617	245	19,6656	245	15,0854	
246	32,117	246	23,4034	246	19,2185	246	19,6548	246	15,0841	
247	32,162	247	23,4313	247	19,2607	247	19,6766	247	15,1036	
248	32,2077	248	23,4313	248	19,2556	248	19,6747	248	15,1131	
249	32,2865	249	23,3856	249	19,2215	249	19,6478	249	15,1071	
250	32,2345	250	23,3958	250	19,2294	250	19,6324	250	15,0955	
251	32,7968	251	23,4041	251	19,243	251	19,6579	251	15,1224	
252	32,877	252	23,4057	252	19,2588	252	19,6414	252	15,0935	
253	32,5877	253	23,3678	253	19,2151	253	19,6286	253	15,0968	
254	32,4354	254	23,4194	254	19,2436	254	19,6789	254	15,1059	
255	32,3316	255	23,4052	255	19,2488	255	19,694	255	15,1492	
256	32,2135	256	23,3991	256	19,2242	256	19,6685	256	15,1331	
257	32,3932	257	23,3877	257	19,246	257	19,6694	257	15,1064	
258	33,0204	258	23,4084	258	19,2402	258	19,665	258	15,1405	
259	33,3907	259	23,3908	259	19,2553	259	19,6834	259	15,1686	
260	33,4734	260	23,388	260	19,2429	260	19,6592	260	15,1476	
261	33,0198	261	23,3982	261	19,219	261	19,6581	261	15,1489	
262	32,8964	262	23,3845	262	19,2561	262	19,6501	262	15,1489	
263	32,8603	263	23,3871	263	19,2601	263	19,6807	263	15,1744	
264	33,81	264	23,3638	264	19,2401	264	19,6497	264	15,1566	
265	34,2764	265	23,376	265	19,2523	265	19,6771	265	15,1551	
266	34,2845	266	23,3867	266	19,2531	266	19,7064	266	15,1683	
267	33,6685	267	23,3903	267	19,2557	267	19,72	267	15,1995	
268	33,3612	268	23,3901	268	19,275	268	19,7297	268	15,2174	
269	33,1903	269	23,3745	269	19,2612	269	19,6861	269	15,1988	
270	33,1579	270	23,3902	270	19,2442	270	19,6828	270	15,2122	
271	33,1917	271	23,3808	271	19,2618	271	19,6738	271	15,2037	
272	33,2668	272	23,3589	272	19,2337	272	19,6742	272	15,2155	
273	33,2839	273	23,3728	273	19,2401	273	19,7053	273	15,2195	
274	33,3102	274	23,3738	274	19,2306	274	19,7148	274	15,2214	
275	33,3468	275	23,3665	275	19,2536	275	19,6965	275	15,2165	
276	33,4501	276	23,3778	276	19,2551	276	19,6818	276	15,2422	
277	33,5313	277	23,3858	277	19,2716	277	19,7244	277	15,243	
278	33,327	278	23,3893	278	19,2888	278	19,7526	278	15,258	
279	33,3007	279	23,3692	279	19,2607	279	19,6865	279	15,2488	
280	33,4978	280	23,3792	280	19,2911	280	19,7206	280	15,2645	
281	33,6872	281	23,3469	281	19,2654	281	19,7045	281	15,2468	
282	33,8037	282	23,3672	282	19,2724	282	19,7386	282	15,271	
283	33,6466	283	23,3961	283	19,289	283	19,7262	283	15,2867	
284	33,5769	284	23,3538	284	19,2585	284	19,7028	284	15,2722	
285	33,643	285	23,3611	285	19,2425	285	19,7058	285	15,2601	
286	33,795	286	23,343	286	19,26	286	19,6967	286	15,2443	
287	33,8715	287	23,3322	287	19,2487	287	19,6935	287	15,2906	
288	33,7999	288	23,3672	288	19,2658	288	19,7281	288	15,2967	
289	33,6858	289	23,3794	289	19,2756	289	19,7194	289	15,308	
290	33,9577	290	23,3513	290	19,3025	290	19,7435	290	15,3388	
291	34,7489	291	23,3601	291	19,2871	291	19,721	291	15,3034	
292	34,9573	292	23,3733	292	19,2728	292	19,7162	292	15,33	
293	34,1804	293	23,3645	293	19,2502	293	19,7306	293	15,3169	
294	34,052	294	23,3616	294	19,2995	294	19,7543	294	15,3482	
295	34,0393	295	23,333	295	19,2557	295	19,7128	295	15,3109	
296	34,0606	296	23,3173	296	19,2727	296	19,707	296	15,3217	
297	33,9627	297	23,3711	297	19,2863	297	19,7596	297	15,3288	
298	34,0767	298	23,3439	298	19,2477	298	19,7418	298	15,3228	
299	34,0734	299	23,3552	299	19,3002	299	19,7355	299	15,3584	
300	34,1766	300	23,3689	300	19,3145	300	19,7796	300	15,4018	
301	34,3721	301	23,3679	301	19,2916	301	19,7354	301	15,3403	
302	34,4119	302	23,3435	302	19,2643	302	19,7205	302	15,3724	
303	34,396	303	23,3736	303	19,276	303	19,7597	303	15,3874	
304	34,4065	304	23,3644	304	19,3062	304	19,7642	304	15,4153	
305	34,5144	305	23,375	305	19,3173	305	19,7881	305	15,4165	
306	34,752	306	23,3365	306	19,2616	306	19,7372	306	15,3706	
307	34,5633	307	23,3402	307	19,2871	307	19,7684	307	15,4086	
308	34,5849	308	23,3424	308	19,2964	308	19,7611	308	15,3984	
309	34,5255	309	23,3599	309	19,2907	309	19,7763	309	15,4213	
310	34,4457	310	23,3619	310	19,2965	310	19,775	310	15,3985	
311	34,4944	311	23,3503	311	19,3205	311	19,7828	311	15,4216	
312	34,7959	312	23,3601	312	19,3128	312	19,7955	312	15,4563	
313	34,7688	313	23,3225	313	19,3107	313	19,7844	313	15,4342	
314	34,8007	314	23,3136	314	19,267	314	19,7512	314	15,4247	
315	34,7432	315	23,3343	315	19,2855	315	19,7753	315	15,4293	
316	34,8478	316	23,3461	316	19,3125	316	19,7696	316	15,4655	
317	34,861	317	23,3417	317	19,2753	317	19,7979	317	15,4677	
318	34,937	318	23,3299	318	19,2972	318	19,7908	318	15,4587	
319	34,9697	319	23,3269	319	19,297	319	19,7579	319	15,4657	
320	34,9658	320	23,3577	320	19,3189	320	19,7869	320	15,5	
321	34,9838	321	23,3383	321	19,3103	321	19,7722	321	15,4695	
322	35,0281	322	23,3197	322	19,3211	322	19,7867	322	15,4927	
323	35,045	323	23,3128	323	19,2933	323	19,7732	323	15,472	
324	35,3377	324	23,3218	324	19,3061	324	19,7874	324	15,4881	
325	35,283	325	23,3347	325	19,3176	325	19,8193	325	15,4997	
326	35,1868	326	23,3416	326	19,317	326	19,8073	326	15,5171	
327	35,2425	327	23,3528	327	19,331	327	19,8123	327	15,5165	
328	35,4417	328	23,3407	328	19,3075	328	19,8125	328	15,5129	
329	35,4025	329	23,3268	329	19,3102	329	19,8209	329	15,5122	
330	35,3983	330	23,3551	330	19,3519	330	19,8066	330	15,5369	
331	35,5329	331	23,3066	331	19,2871	331	19,7912	331	15,5115	
332	35,655	332	23,3246	332	19,3218	332	19,8088	332	15,5529	
333	35,6615	333	23,3323	333	19,3447	333	19,8207	333	15,5644	
334	35,7754	334	23,3099	334	19,2942	334	19,8111	334	15,5343	
335	35,873	335	23,3057	335	19,3057	335	19,8069	335	15,5282	
336	35,8688	336	23,3227	336	19,3289	336	19,8144	336	15,5524	
337	35,9044	337	23,3113	337	19,3037	337	19,7968	337	15,5647	
338	36,0833	338	23,3015	338	19,3213	338	19,8249	338	15,5729	
339	36,9727	339	23,313	339	19,331	339	19,8241	339	15,5745	
340	36,9638	340	23,3093	340	19,3193	340	19,8181	340	15,5761	
341	36,8598	341	23,31	341	19,2929	341	19,8045	341	15,5591	
342	36,3803	342	23,3123	342	19,3175	342	19,805	342	15,5772	
343	36,1503	343	23,2758	343	19,2918	343	19,7987	343	15,5423	
344	35,8774	344	23,303	344	19,3371	344	19,8293	344	15,5983	
345	35,8735	345	23,2998	345	19,3278	345	19,8442	345	15,6151	
346	36,101	346	23,3089	346	19,3302	346	19,8072	346	15,5985	
347	36,0601	347	23,3039	347	19,3423	347	19,8269	347	15,6129	
348	36,2016	348	23,2993	348	19,3248	348	19,8284	348	15,6102	
349	36,1246	349	23,3041	349	19,3425	349	19,8267	349	15,6018	
350	36,1027	350	23,2912	350	19,3328	350	19,8146	350	15,5964	
351	36,0461	351	23,2964	351	19,3234	351	19,8279	351	15,6164	
352	36,0781	352	23,2734	352	19,3094	352	19,8115	352	15,589	
353	36,114	353	23,3239	353	19,3386	353	19,8479	353	15,6464	
354	36,3166	354	23,286	354	19,3362	354	19,826	354	15,6368	
355	36,399	355	23,3057	355	19,3294	355	19,8481	355	15,641	
356	36,3904	356	23,3027	356	19,353	356	19,8846	356	15,6647	
357	36,3898	357	23,2772	357	19,3146	357	19,8414	357	15,6195	
358	36,3507	358	23,3103	358	19,3326	358	19,8675	358	15,6689	
359	36,3559	359	23,2783	359	19,3256	359	19,8449	359	15,6477	
360	36,4319	360	23,3242	360	19,3665	360	19,8776	360	15,6763	
361	37,3937	361	23,2673	361	19,3445	361	19,8666	361	15,698	
362	37,7663	362	23,2851	362	19,3624	362	19,8617	362	15,7117	
363	37,3088	363	23,2956	363	19,3435	363	19,8822	363	15,686	
364	37,1049	364	23,3184	364	19,3816	364	19,9122	364	15,7219	
365	36,9359	365	23,284	365	19,3565	365	19,8397	365	15,6958	
366	36,8617	366	23,266	366	19,3446	366	19,86	366	15,6776	
367	36,6493	367	23,2845	367	19,3579	367	19,842	367	15,7096	
368	36,7428	368	23,2811	368	19,3451	368	19,8467	368	15,701	
369	36,7913	369	23,2934	369	19,3859	369	19,8781	369	15,7367	
370	36,9313	370	23,2486	370	19,3115	370	19,8511	370	15,7278	
371	36,9449	371	23,2661	371	19,3376	371	19,8749	371	15,6949	
372	36,8921	372	23,2865	372	19,3714	372	19,893	372	15,7569	
373	37,9178	373	23,2772	373	19,3534	373	19,9016	373	15,7379	
374	37,7909	374	23,2809	374	19,3368	374	19,8845	374	15,7293	
375	37,2555	375	23,2862	375	19,344	375	19,8727	375	15,7394	
376	37,59	376	23,2672	376	19,3729	376	19,8964	376	15,7522	
377	37,507	377	23,2964	377	19,3675	377	19,8853	377	15,7721	
378	37,0959	378	23,2786	378	19,3649	378	19,9031	378	15,7542	
379	37,201	379	23,2575	379	19,3594	379	19,8601	379	15,7106	
380	37,3041	380	23,2624	380	19,3628	380	19,8968	380	15,7793	
381	37,3654	381	23,2505	381	19,359	381	19,8702	381	15,763	
382	37,262	382	23,3018	382	19,38	382	19,9087	382	15,8127	
383	37,2789	383	23,2756	383	19,3524	383	19,8967	383	15,7664	
384	37,4119	384	23,2339	384	19,3508	384	19,8881	384	15,7682	
385	37,6335	385	23,2354	385	19,3581	385	19,8935	385	15,7835	
386	37,7754	386	23,2773	386	19,3773	386	19,9217	386	15,8343	
387	37,5222	387	23,2878	387	19,3699	387	19,9242	387	15,8073	
388	37,5479	388	23,2723	388	19,3842	388	19,9105	388	15,8259	
389	37,4804	389	23,2615	389	19,3676	389	19,9063	389	15,8212	
390	37,5982	390	23,2546	390	19,3564	390	19,9151	390	15,7843	
391	37,7154	391	23,2312	391	19,3358	391	19,8973	391	15,8098	
392	37,7177	392	23,2766	392	19,3719	392	19,9111	392	15,8241	
393	38,0874	393	23,2758	393	19,399	393	19,9377	393	15,8565	
394	38,5669	394	23,219	394	19,3776	394	19,8988	394	15,8217	
395	38,0172	395	23,2133	395	19,344	395	19,8955	395	15,8156	
396	37,9369	396	23,2491	396	19,3666	396	19,9029	396	15,8235	
397	37,902	397	23,2755	397	19,3855	397	19,9199	397	15,8495	
398	38,0063	398	23,2315	398	19,3523	398	19,909	398	15,832	
399	38,2638	399	23,2684	399	19,3708	399	19,9176	399	15,8729	
400	38,2276	400	23,2662	400	19,4099	400	19,9334	400	15,8769	
401	38,2796	401	23,2648	401	19,399	401	19,9319	401	15,8578	
402	38,1059	402	23,2268	402	19,3818	402	19,9309	402	15,8601	
403	38,0892	403	23,2351	403	19,381	403	19,9022	403	15,8627	
404	38,2111	404	23,238	404	19,3944	404	19,9482	404	15,8613	
405	38,9731	405	23,2146	405	19,3714	405	19,9181	405	15,8816	
406	38,955	406	23,2522	406	19,3768	406	19,9378	406	15,897	
407	38,384	407	23,2179	407	19,3738	407	19,9106	407	15,8831	
408	38,4449	408	23,2029	408	19,3748	408	19,9221	408	15,8622	
409	38,3739	409	23,2239	409	19,3783	409	19,9198	409	15,909	
410	38,5131	410	23,2271	410	19,3963	410	19,9407	410	15,8961	
411	38,4902	411	23,2568	411	19,4032	411	19,9709	411	15,9012	
412	38,501	412	23,2127	412	19,3699	412	19,9304	412	15,8992	
413	38,5015	413	23,2364	413	19,4184	413	19,9594	413	15,9226	
414	38,4341	414	23,2023	414	19,3681	414	19,9187	414	15,9131	
415	38,5525	415	23,2319	415	19,3996	415	19,981	415	15,9414	
416	38,584	416	23,2371	416	19,421	416	19,9416	416	15,9523	
417	38,5003	417	23,2219	417	19,3953	417	19,9819	417	15,9451	
418	38,6072	418	23,2545	418	19,3963	418	19,9539	418	15,9737	
419	38,6203	419	23,2129	419	19,3991	419	19,9544	419	15,9437	
420	38,6823	420	23,2269	420	19,3832	420	19,9518	420	15,9554	
421	39,699	421	23,2262	421	19,3929	421	19,9558	421	15,9551	
422	39,3464	422	23,1926	422	19,3645	422	19,9473	422	15,9409	
423	39,6027	423	23,2369	423	19,4089	423	19,9718	423	15,9768	
424	39,5892	424	23,2018	424	19,3828	424	19,9442	424	15,9697	
425	39,1476	425	23,2244	425	19,3874	425	19,957	425	15,9596	
426	39,0643	426	23,2413	426	19,4209	426	19,9833	426	15,9779	
427	39,1199	427	23,2287	427	19,422	427	19,973	427	16,0071	
428	39,2126	428	23,2135	428	19,4334	428	19,9853	428	16,0128	
429	39,0436	429	23,1844	429	19,3952	429	19,9861	429	15,9769	
430	40,1275	430	23,22	430	19,4281	430	19,9824	430	16,0061	
431	39,9128	431	23,2019	431	19,389	431	19,9619	431	15,9688	
432	39,6504	432	23,2252	432	19,4214	432	19,9966	432	16,0137	
433	39,7537	433	23,2136	433	19,407	433	19,9789	433	16,0039	
434	39,6476	434	23,2359	434	19,4355	434	20,0335	434	16,0216	
435	39,4964	435	23,1952	435	19,3799	435	19,9651	435	15,9844	
436	39,4812	436	23,1871	436	19,4178	436	19,9769	436	16,0196	
437	39,4626	437	23,2043	437	19,4133	437	19,9889	437	16,0312	
438	39,4596	438	23,1884	438	19,4125	438	19,9962	438	16,0347	
439	39,5628	439	23,2089	439	19,4189	439	19,9675	439	16,0377	
440	39,5657	440	23,2125	440	19,422	440	20,0147	440	16,0394	
441	39,6371	441	23,1926	441	19,4319	441	20,0033	441	16,0518	
442	39,6897	442	23,2088	442	19,4278	442	20,0035	442	16,0376	
443	39,6595	443	23,2052	443	19,4142	443	20,0098	443	16,0521	
444	39,6752	444	23,1883	444	19,4219	444	20,0033	444	16,0341	
445	39,8267	445	23,2025	445	19,4058	445	19,9857	445	16,066	
446	39,8708	446	23,1916	446	19,43	446	19,9967	446	16,0594	
447	39,8523	447	23,1904	447	19,4216	447	19,9921	447	16,0486	
448	39,7953	448	23,1937	448	19,4349	448	20,003	448	16,0767	
449	39,7075	449	23,2067	449	19,4399	449	20,0151	449	16,0755	
450	39,7932	450	23,1882	450	19,4279	450	20,0088	450	16,083	
451	39,8261	451	23,1998	451	19,4396	451	20,0252	451	16,0999	
452	39,8163	452	23,1802	452	19,4389	452	20,025	452	16,104	
453	39,7978	453	23,1731	453	19,4228	453	20,0037	453	16,0821	
454	39,8936	454	23,2101	454	19,439	454	20,0327	454	16,1108	
455	39,9635	455	23,1797	455	19,4347	455	20,0042	455	16,0936	
456	40,0896	456	23,2048	456	19,4327	456	20,0221	456	16,1178	
457	41,6131	457	23,1851	457	19,4263	457	20,0332	457	16,1265	
458	41,3784	458	23,1721	458	19,4227	458	20,025	458	16,0973	
459	40,8427	459	23,1937	459	19,442	459	20,0196	459	16,1238	
460	40,868	460	23,2189	460	19,4436	460	20,023	460	16,1429	
461	40,5927	461	23,17	461	19,4605	461	20,0366	461	16,1209	
462	40,3973	462	23,1609	462	19,421	462	20,0081	462	16,1103	
463	40,3766	463	23,1497	463	19,4301	463	20,0281	463	16,1038	
464	40,3556	464	23,1677	464	19,4183	464	20,0282	464	16,1557	
465	40,4886	465	23,1972	465	19,4669	465	20,0662	465	16,1658	
466	40,4245	466	23,1505	466	19,4281	466	20,0194	466	16,135	
467	40,4642	467	23,1787	467	19,4493	467	20,0382	467	16,143	
468	40,4023	468	23,1833	468	19,4962	468	20,0495	468	16,1648	
469	40,4105	469	23,1526	469	19,433	469	20,0315	469	16,1652	
470	40,3363	470	23,2101	470	19,4926	470	20,0526	470	16,1926	
471	40,3784	471	23,1715	471	19,444	471	20,0324	471	16,1505	
472	40,3785	472	23,1556	472	19,4712	472	20,044	472	16,1697	
473	40,6062	473	23,1772	473	19,4478	473	20,0458	473	16,1824	
474	40,7231	474	23,2012	474	19,4766	474	20,0447	474	16,1865	
475	40,7803	475	23,1594	475	19,4721	475	20,0744	475	16,2097	
476	40,8861	476	23,1598	476	19,4431	476	20,0311	476	16,1963	
477	40,9482	477	23,1542	477	19,4304	477	20,0322	477	16,2002	
478	40,9344	478	23,157	478	19,4493	478	20,0297	478	16,1868	
479	40,9626	479	23,1837	479	19,4833	479	20,058	479	16,2237	
480	40,9551	480	23,1621	480	19,4715	480	20,0481	480	16,2257	
481	40,6783	481	23,175	481	19,4826	481	20,054	481	16,2249	
482	40,6352	482	23,1513	482	19,4669	482	20,053	482	16,2344	
483	40,726	483	23,1177	483	19,4508	483	20,0464	483	16,2159	
484	40,6759	484	23,1587	484	19,4918	484	20,0708	484	16,248	
485	40,7214	485	23,1533	485	19,4576	485	20,055	485	16,2284	
486	40,7857	486	23,1769	486	19,4888	486	20,0777	486	16,2468	
487	40,7264	487	23,1388	487	19,4458	487	20,0514	487	16,238	
488	40,9802	488	23,1736	488	19,4732	488	20,0721	488	16,2473	
489	41,1383	489	23,1395	489	19,466	489	20,0454	489	16,2425	
490	41,1817	490	23,1438	490	19,447	490	20,055	490	16,2473	
491	41,1688	491	23,1444	491	19,4723	491	20,0594	491	16,2565	
492	41,2683	492	23,1436	492	19,4639	492	20,0476	492	16,2657	
493	41,2893	493	23,1548	493	19,4808	493	20,0916	493	16,2712	
494	41,4494	494	23,1522	494	19,484	494	20,0895	494	16,2724	
495	41,4179	495	23,1464	495	19,4881	495	20,0837	495	16,2814	
496	41,3973	496	23,1255	496	19,48	496	20,0561	496	16,257	
497	41,5027	497	23,1285	497	19,4454	497	20,0614	497	16,2562	
498	41,5068	498	23,1407	498	19,4848	498	20,0609	498	16,2942	
499	41,5149	499	23,1371	499	19,4901	499	20,0639	499	16,2981	
500	41,6458	500	23,1391	500	19,4551	500	20,0654	500	16,283	
501	42,0499	501	23,122	501	19,4579	501	20,0691	501	16,2901	
502	42,349	502	23,1441	502	19,4939	502	20,0852	502	16,3142	
503	42,0212	503	23,1617	503	19,4797	503	20,0686	503	16,2953	
504	42,0039	504	23,1531	504	19,5019	504	20,0648	504	16,3114	
505	41,9127	505	23,1256	505	19,4758	505	20,1046	505	16,3123	
506	42,0738	506	23,1213	506	19,4795	506	20,0793	506	16,3041	
507	43,8984	507	23,0991	507	19,49	507	20,0889	507	16,3146	
508	43,1581	508	23,148	508	19,503	508	20,0881	508	16,3538	
509	42,9403	509	23,1248	509	19,4916	509	20,0658	509	16,3306	
510	42,8649	510	23,1367	510	19,4955	510	20,1039	510	16,3392	
511	42,8367	511	23,1142	511	19,4734	511	20,0718	511	16,3146	
512	42,5557	512	23,1218	512	19,5133	512	20,1036	512	16,3537	
513	42,4644	513	23,1392	513	19,5103	513	20,1187	513	16,3622	
514	42,5197	514	23,113	514	19,4831	514	20,0734	514	16,3462	
515	42,3964	515	23,1263	515	19,4903	515	20,0963	515	16,3487	
516	42,4648	516	23,1425	516	19,5027	516	20,1148	516	16,3607	
517	42,4942	517	23,1297	517	19,4837	517	20,1011	517	16,3492	
518	42,4991	518	23,1121	518	19,4764	518	20,1043	518	16,3534	
519	42,4494	519	23,1185	519	19,5024	519	20,096	519	16,3727	
520	42,4312	520	23,0994	520	19,4718	520	20,0807	520	16,3555	
521	42,5019	521	23,1285	521	19,5218	521	20,1188	521	16,4023	
522	42,4742	522	23,1085	522	19,4943	522	20,0993	522	16,3632	
523	42,5584	523	23,1024	523	19,4876	523	20,0855	523	16,3608	
524	42,5787	524	23,1204	524	19,5214	524	20,1236	524	16,4065	
525	42,6327	525	23,1116	525	19,5111	525	20,1081	525	16,3782	
526	42,7575	526	23,0872	526	19,498	526	20,1282	526	16,4069	
527	42,7952	527	23,1226	527	19,5316	527	20,1438	527	16,4087	
528	42,8211	528	23,0846	528	19,502	528	20,108	528	16,3943	
529	42,9026	529	23,1001	529	19,5	529	20,1235	529	16,4146	
530	42,8628	530	23,1185	530	19,5162	530	20,1108	530	16,4142	
531	43,1176	531	23,1025	531	19,5186	531	20,127	531	16,4085	
532	43,2563	532	23,1056	532	19,5112	532	20,1229	532	16,414	
533	43,3559	533	23,1198	533	19,5279	533	20,1258	533	16,4402	
534	43,4144	534	23,0952	534	19,4951	534	20,1377	534	16,4335	
535	43,295	535	23,1245	535	19,5402	535	20,1481	535	16,4468	
536	43,1567	536	23,076	536	19,484	536	20,1213	536	16,4256	
537	43,0882	537	23,0907	537	19,5124	537	20,1431	537	16,4489	
538	43,0574	538	23,0833	538	19,5264	538	20,1073	538	16,443	
539	43,1317	539	23,1256	539	19,5261	539	20,1382	539	16,4636	
540	43,3558	540	23,0998	540	19,5211	540	20,128	540	16,4672	
541	43,3233	541	23,1215	541	19,5476	541	20,1644	541	16,4789	
542	43,3395	542	23,1134	542	19,5499	542	20,1241	542	16,4489	
543	43,4126	543	23,0857	543	19,5108	543	20,1357	543	16,4868	
544	43,4554	544	23,1104	544	19,5246	544	20,1396	544	16,4959	
545	43,4815	545	23,1052	545	19,5502	545	20,1287	545	16,4973	
546	43,5578	546	23,1102	546	19,5125	546	20,1223	546	16,4776	
547	43,5278	547	23,109	547	19,5408	547	20,1444	547	16,5212	
548	43,451	548	23,0821	548	19,5033	548	20,1454	548	16,4955	
549	43,4869	549	23,0895	549	19,5165	549	20,1353	549	16,4701	
550	43,4419	550	23,0819	550	19,5374	550	20,1514	550	16,5077	
551	43,4259	551	23,0819	551	19,5387	551	20,1537	551	16,4987	
552	43,542	552	23,0852	552	19,5211	552	20,1285	552	16,4896	
553	43,5964	553	23,063	553	19,5278	553	20,1404	553	16,5243	
554	43,658	554	23,0887	554	19,5266	554	20,1345	554	16,5131	
555	43,6989	555	23,0794	555	19,5238	555	20,1493	555	16,5327	
556	43,6944	556	23,0397	556	19,513	556	20,1228	556	16,4948	
557	43,8289	557	23,0875	557	19,5183	557	20,1295	557	16,5319	
558	44,0455	558	23,0685	558	19,5186	558	20,1355	558	16,4966	
559	43,9373	559	23,0728	559	19,532	559	20,1475	559	16,5228	
560	44,0345	560	23,0851	560	19,5272	560	20,155	560	16,5485	
561	44,0879	561	23,056	561	19,5388	561	20,133	561	16,5173	
562	44,0698	562	23,0925	562	19,5484	562	20,1568	562	16,5683	
563	44,0302	563	23,0702	563	19,5323	563	20,1378	563	16,535	
564	44,0401	564	23,0858	564	19,5593	564	20,1391	564	16,5735	
565	43,9939	565	23,0582	565	19,5363	565	20,1347	565	16,5366	
566	43,9698	566	23,0349	566	19,5471	566	20,1459	566	16,5498	
567	44,0343	567	23,081	567	19,544	567	20,1775	567	16,5681	
568	44,0636	568	23,0787	568	19,5284	568	20,1557	568	16,5734	
569	44,1023	569	23,0812	569	19,5404	569	20,1725	569	16,5912	
570	44,1128	570	23,058	570	19,5822	570	20,1838	570	16,5959	
571	44,1472	571	23,0565	571	19,5237	571	20,1458	571	16,5706	
572	44,2714	572	23,0869	572	19,5756	572	20,1982	572	16,6089	
573	44,3508	573	23,0524	573	19,54	573	20,1697	573	16,5656	
574	44,5141	574	23,0544	574	19,5715	574	20,167	574	16,5966	
575	44,498	575	23,0782	575	19,5877	575	20,1852	575	16,6087	
576	44,5942	576	23,0442	576	19,5564	576	20,1652	576	16,5901	
577	44,624	577	23,0674	577	19,5488	577	20,1671	577	16,5982	
578	44,6314	578	23,0589	578	19,5887	578	20,1842	578	16,6177	
579	44,6774	579	23,0599	579	19,547	579	20,1881	579	16,5921	
580	44,6831	580	23,0599	580	19,5816	580	20,1824	580	16,6159	
581	44,5618	581	23,0455	581	19,5577	581	20,1722	581	16,62	
582	44,6037	582	23,0385	582	19,5565	582	20,1814	582	16,6111	
583	44,6631	583	23,0819	583	19,5653	583	20,1884	583	16,6338	
584	44,6055	584	23,0407	584	19,5591	584	20,1817	584	16,6214	
585	44,6037	585	23,0615	585	19,5818	585	20,1883	585	16,6394	
586	44,7192	586	23,0406	586	19,5861	586	20,1949	586	16,6294	
587	44,7614	587	23,0195	587	19,5383	587	20,1732	587	16,6386	
588	44,7937	588	23,0701	588	19,5853	588	20,1903	588	16,658	
589	44,8262	589	23,0415	589	19,5485	589	20,1588	589	16,6359	
590	44,8629	590	23,0347	590	19,5825	590	20,1851	590	16,6477	
591	44,7248	591	23,0604	591	19,5878	591	20,2014	591	16,6768	
592	44,8048	592	23,0824	592	19,6033	592	20,2221	592	16,6609	
593	44,8322	593	23,0282	593	19,5257	593	20,1825	593	16,6488	
594	44,8922	594	23,0462	594	19,558	594	20,1962	594	16,6455	
595	44,9822	595	23,0441	595	19,5853	595	20,2145	595	16,6557	
596	45,0427	596	23,015	596	19,5566	596	20,1654	596	16,6603	
597	45,1931	597	23,0333	597	19,5669	597	20,1923	597	16,6601	
598	45,4335	598	23,0483	598	19,5563	598	20,1807	598	16,6513	
599	45,2691	599	23,0485	599	19,5793	599	20,1819	599	16,6673	
600	45,6367	600	23,0291	600	19,5831	600	20,2256	600	16,6915	
601	45,794	601	23,0257	601	19,5867	601	20,1742	601	16,6833	
602	45,7522	602	23,078	602	19,6036	602	20,2371	602	16,6997	
603	45,6566	603	23,0222	603	19,58	603	20,203	603	16,6856	
604	45,5281	604	23,0406	604	19,625	604	20,2001	604	16,7197	
605	45,6026	605	23,0045	605	19,5385	605	20,1819	605	16,6797	
606	45,6045	606	23,0454	606	19,5852	606	20,2153	606	16,7193	
607	45,6281	607	23,0365	607	19,5743	607	20,224	607	16,7061	
608	45,6344	608	23,0109	608	19,5829	608	20,2111	608	16,7075	
609	45,6644	609	23,0118	609	19,5814	609	20,212	609	16,7003	
610	45,8319	610	23,0365	610	19,5924	610	20,1912	610	16,7232	
611	45,7224	611	23,0306	611	19,5888	611	20,2048	611	16,7111	
612	45,791	612	23,0241	612	19,5672	612	20,2101	612	16,7446	
613	45,8619	613	23,0186	613	19,5944	613	20,2416	613	16,7357	
614	45,8824	614	22,9898	614	19,5565	614	20,1834	614	16,6892	
615	45,9322	615	23,0246	615	19,6056	615	20,2334	615	16,736	
616	46,8821	616	23,0077	616	19,5768	616	20,1766	616	16,71	
617	47,1831	617	22,9835	617	19,582	617	20,2178	617	16,7333	
618	46,4419	618	23,0389	618	19,6157	618	20,2344	618	16,7746	
619	46,2728	619	23,0252	619	19,6295	619	20,2207	619	16,7513	
620	46,2039	620	23,0065	620	19,5945	620	20,2133	620	16,7582	
621	46,1757	621	23,0153	621	19,5925	621	20,216	621	16,7295	
622	46,0269	622	23,0297	622	19,5927	622	20,2456	622	16,7668	
623	46,2021	623	22,9818	623	19,5693	623	20,2076	623	16,7325	
624	46,4028	624	23,0365	624	19,618	624	20,2382	624	16,7755	
625	47,3416	625	23,0144	625	19,6277	625	20,2379	625	16,7686	
626	46,4698	626	23,0121	626	19,6126	626	20,2271	626	16,772	
627	46,8477	627	22,987	627	19,5911	627	20,2407	627	16,7576	
628	47,1756	628	22,9945	628	19,5968	628	20,2032	628	16,7709	
629	47,5474	629	22,9942	629	19,5879	629	20,2371	629	16,7806	
630	47,3238	630	23,0364	630	19,6203	630	20,2319	630	16,7897	
631	46,9172	631	23,0251	631	19,618	631	20,2571	631	16,7955	
632	46,7948	632	23,0199	632	19,6009	632	20,2382	632	16,8032	
633	46,9945	633	23,0263	633	19,6183	633	20,2503	633	16,831	
634	47,1308	634	23,0071	634	19,6061	634	20,2452	634	16,7969	
635	47,1927	635	22,9843	635	19,6179	635	20,2228	635	16,8025	
636	47,1963	636	22,9743	636	19,5964	636	20,2199	636	16,7777	
637	46,9543	637	22,9835	637	19,6066	637	20,2297	637	16,8098	
638	46,8848	638	22,9743	638	19,5974	638	20,1972	638	16,7573	
639	46,8179	639	22,9695	639	19,6036	639	20,2328	639	16,7906	
640	47,2376	640	22,976	640	19,6224	640	20,2354	640	16,8208	
641	46,9536	641	23,0062	641	19,6398	641	20,2524	641	16,8336	
642	47,0616	642	23,0097	642	19,6263	642	20,2479	642	16,84	
643	46,9678	643	23,0158	643	19,6248	643	20,2611	643	16,8556	
644	46,9395	644	23,008	644	19,634	644	20,2309	644	16,8144	
645	46,9601	645	22,9944	645	19,6413	645	20,2354	645	16,8251	
646	47,4104	646	23,0242	646	19,6451	646	20,2614	646	16,855	
647	47,1249	647	22,9974	647	19,6325	647	20,2427	647	16,8476	
648	47,1477	648	22,9798	648	19,6329	648	20,2511	648	16,8323	
649	47,1869	649	23,0001	649	19,6509	649	20,2563	649	16,8646	
650	47,1525	650	22,9884	650	19,6315	650	20,2521	650	16,839	
651	47,2491	651	22,9858	651	19,628	651	20,2453	651	16,8788	
652	47,2808	652	23,0039	652	19,6337	652	20,243	652	16,895	
653	47,0969	653	22,9676	653	19,6316	653	20,2394	653	16,8533	
654	47,3242	654	22,986	654	19,6495	654	20,2588	654	16,8675	
655	47,1667	655	23,0113	655	19,6487	655	20,2513	655	16,8839	
656	47,3081	656	23,0069	656	19,6628	656	20,2953	656	16,8794	
657	47,4411	657	23,0052	657	19,6493	657	20,2543	657	16,8883	
658	47,79	658	22,9636	658	19,6237	658	20,2652	658	16,8692	
659	48,008	659	23,01	659	19,6659	659	20,2804	659	16,8982	
660	48,8624	660	23,0035	660	19,6414	660	20,2654	660	16,8965	
661	49,2559	661	23,0093	661	19,6463	661	20,2826	661	16,8952	
662	48,2161	662	22,9981	662	19,6403	662	20,2462	662	16,8978	
663	48,1606	663	22,9656	663	19,6272	663	20,2592	663	16,906	
664	48,4786	664	23,0035	664	19,677	664	20,2986	664	16,9427	
665	48,2076	665	22,9846	665	19,658	665	20,282	665	16,917	
666	48,2524	666	22,9869	666	19,6561	666	20,2829	666	16,9169	
667	48,9783	667	22,9813	667	19,6367	667	20,255	667	16,9003	
668	48,7633	668	22,9552	668	19,6698	668	20,2634	668	16,9231	
669	47,9322	669	22,9924	669	19,6853	669	20,2613	669	16,9201	
670	48,0412	670	22,9822	670	19,6448	670	20,2687	670	16,9237	
671	49,0036	671	22,9515	671	19,6391	671	20,2365	671	16,888	
672	49,2753	672	22,9654	672	19,6521	672	20,2704	672	16,9367	
673	49,265	673	22,961	673	19,6481	673	20,2645	673	16,9266	
674	48,7392	674	22,9829	674	19,6815	674	20,2845	674	16,9476	
675	48,3786	675	22,966	675	19,6674	675	20,2889	675	16,9558	
676	48,1787	676	22,9546	676	19,6484	676	20,251	676	16,9444	
677	48,17	677	22,9811	677	19,6797	677	20,2789	677	16,9515	
678	48,3031	678	22,973	678	19,6621	678	20,2666	678	16,9272	
679	48,3526	679	22,9734	679	19,6753	679	20,2893	679	16,9733	
680	48,3696	680	22,974	680	19,6712	680	20,2609	680	16,9629	
681	48,4349	681	22,976	681	19,658	681	20,2696	681	16,9388	
682	48,4206	682	22,973	682	19,6782	682	20,2732	682	16,9529	
683	48,4853	683	22,9499	683	19,6868	683	20,2728	683	16,9596	
684	48,4825	684	22,9645	684	19,6745	684	20,2766	684	16,9668	
685	48,7178	685	23,0011	685	19,6998	685	20,2801	685	16,9897	
686	48,9665	686	22,9871	686	19,6843	686	20,3115	686	16,9889	
687	48,9008	687	22,9308	687	19,6453	687	20,2589	687	16,9737	
688	48,9442	688	22,9627	688	19,6622	688	20,2577	688	16,9758	
689	48,8122	689	22,9714	689	19,6884	689	20,3152	689	16,986	
690	48,6982	690	22,9781	690	19,6781	690	20,2726	690	16,9989	
691	49,0473	691	22,9589	691	19,7124	691	20,2799	691	16,9905	
692	49,4065	692	22,9613	692	19,6902	692	20,2961	692	17,0148	
693	50,5192	693	22,9195	693	19,6739	693	20,2556	693	16,9904	
694	50,5675	694	22,9604	694	19,6803	694	20,2791	694	17,0092	
695	50,0792	695	22,9507	695	19,692	695	20,3036	695	17,0218	
696	50,3752	696	22,9511	696	19,6933	696	20,3059	696	17,0132	
697	50,0525	697	22,9522	697	19,7148	697	20,2875	697	17,0248	
698	49,3434	698	22,9489	698	19,691	698	20,3036	698	17,0347	
699	49,1406	699	22,9346	699	19,672	699	20,2755	699	17,0256	
700	49,0772	700	22,9402	700	19,6814	700	20,3086	700	17,0203	
701	48,9983	701	22,9323	701	19,6915	701	20,2761	701	17,0257	
702	48,891	702	22,9389	702	19,691	702	20,2812	702	17,0256	
703	49,165	703	22,9277	703	19,7016	703	20,2648	703	17,0187	
704	49,688	704	22,9499	704	19,7102	704	20,3198	704	17,0567	
705	49,5635	705	22,9844	705	19,7376	705	20,3259	705	17,0571	
706	49,5118	706	22,9638	706	19,7008	706	20,3095	706	17,0602	
707	49,8544	707	22,946	707	19,6967	707	20,3197	707	17,0618	
708	49,6242	708	22,9487	708	19,7108	708	20,3096	708	17,0374	
709	49,4589	709	22,9239	709	19,6949	709	20,2932	709	17,0529	
710	49,2338	710	22,9269	710	19,688	710	20,2764	710	17,0716	
711	49,2256	711	22,9398	711	19,7208	711	20,3158	711	17,0679	
712	49,1785	712	22,9539	712	19,7103	712	20,3314	712	17,0668	
713	49,2477	713	22,943	713	19,7037	713	20,3091	713	17,0674	
714	49,3065	714	22,911	714	19,682	714	20,2718	714	17,0542	
715	49,3986	715	22,9259	715	19,7378	715	20,3019	715	17,0749	
716	49,3756	716	22,9241	716	19,7079	716	20,3181	716	17,0906	
717	49,3934	717	22,9478	717	19,7222	717	20,312	717	17,084	
718	49,6439	718	22,917	718	19,7113	718	20,3006	718	17,0945	
719	49,8882	719	22,9342	719	19,7119	719	20,2936	719	17,096	
720	50,1398	720	22,9481	720	19,7253	720	20,3265	720	17,0938	
721	49,8388	721	22,9015	721	19,7072	721	20,2884	721	17,0794	
722	49,7396	722	22,9515	722	19,7293	722	20,329	722	17,1244	
723	49,8576	723	22,9182	723	19,7177	723	20,3326	723	17,1019	
724	50,8811	724	22,9117	724	19,7207	724	20,318	724	17,1086	
725	51,3701	725	22,9043	725	19,7247	725	20,3168	725	17,0932	
726	51,516	726	22,926	726	19,7359	726	20,3224	726	17,1101	
727	51,4097	727	22,9105	727	19,7257	727	20,3244	727	17,1203	
728	51,072	728	22,9102	728	19,7263	728	20,3033	728	17,0962	
729	50,723	729	22,8916	729	19,7081	729	20,2903	729	17,1065	
730	50,6731	730	22,9643	730	19,7392	730	20,3513	730	17,1505	
731	50,4443	731	22,8998	731	19,7292	731	20,3408	731	17,1272	
732	50,3823	732	22,9166	732	19,7085	732	20,322	732	17,1207	
733	50,6096	733	22,9554	733	19,775	733	20,3799	733	17,1854	
734	51,0508	734	22,9243	734	19,7286	734	20,3401	734	17,1598	
735	50,6428	735	22,9171	735	19,7408	735	20,3353	735	17,1507	
736	50,3597	736	22,9095	736	19,7322	736	20,3205	736	17,144	
737	50,4306	737	22,8724	737	19,7302	737	20,3185	737	17,1182	
738	50,9436	738	22,9075	738	19,716	738	20,3072	738	17,1182	
739	50,5219	739	22,8882	739	19,7365	739	20,3533	739	17,145	
740	50,5657	740	22,9151	740	19,7535	740	20,3523	740	17,1686	
741	50,4718	741	22,8635	741	19,718	741	20,3115	741	17,113	
742	50,42	742	22,875	742	19,7389	742	20,3178	742	17,1436	
743	50,5147	743	22,901	743	19,7522	743	20,3206	743	17,1583	
744	50,57	744	22,9	744	19,7274	744	20,3348	744	17,181	
745	50,6715	745	22,8972	745	19,7631	745	20,3329	745	17,1835	
746	50,6382	746	22,8857	746	19,7349	746	20,3143	746	17,1719	
747	50,6618	747	22,878	747	19,7106	747	20,3084	747	17,1456	
748	50,6276	748	22,8915	748	19,7199	748	20,3149	748	17,1564	
749	50,9365	749	22,8906	749	19,7565	749	20,3377	749	17,1911	
750	51,7909	750	22,8622	750	19,7304	750	20,3007	750	17,1578	
751	51,5223	751	22,8802	751	19,7361	751	20,3278	751	17,1788	
752	51,1896	752	22,8572	752	19,7529	752	20,3473	752	17,1956	
753	51,005	753	22,8692	753	19,7465	753	20,3405	753	17,1901	
754	50,9388	754	22,8869	754	19,7594	754	20,3535	754	17,1936	
755	50,8209	755	22,859	755	19,7395	755	20,3269	755	17,1675	
756	50,916	756	22,882	756	19,7341	756	20,338	756	17,2057	
757	50,8151	757	22,8684	757	19,7589	757	20,3416	757	17,2468	
758	50,8464	758	22,8499	758	19,7446	758	20,3235	758	17,1864	
759	51,0216	759	22,8717	759	19,7731	759	20,3419	759	17,204	
760	51,1558	760	22,8935	760	19,7476	760	20,3321	760	17,1998	
761	52,1889	761	22,8972	761	19,7631	761	20,359	761	17,2353	
762	52,5065	762	22,8556	762	19,7688	762	20,3552	762	17,2339	
763	51,9504	763	22,8564	763	19,7397	763	20,3399	763	17,1829	
764	52,199	764	22,8902	764	19,7675	764	20,3539	764	17,2397	
765	52,5178	765	22,8757	765	19,7548	765	20,3517	765	17,2247	
766	53,1632	766	22,8754	766	19,7768	766	20,348	766	17,221	
767	52,9009	767	22,8335	767	19,7215	767	20,3392	767	17,2321	
768	52,7248	768	22,8944	768	19,7707	768	20,3832	768	17,2577	
769	52,6497	769	22,8899	769	19,779	769	20,3541	769	17,2727	
770	52,081	770	22,8957	770	19,7767	770	20,3992	770	17,2699	
771	52,4309	771	22,8601	771	19,7501	771	20,3678	771	17,2546	
772	52,1112	772	22,91	772	19,7859	772	20,3875	772	17,2629	
773	51,7353	773	22,8715	773	19,7563	773	20,3494	773	17,2513	
774	52,343	774	22,8627	774	19,7584	774	20,3292	774	17,2516	
775	52,2109	775	22,8508	775	19,7417	775	20,3505	775	17,2596	
776	51,9462	776	22,8675	776	19,7969	776	20,389	776	17,2511	
777	51,9007	777	22,8871	777	19,7786	777	20,3665	777	17,2823	
778	51,8718	778	22,8701	778	19,7653	778	20,3688	778	17,269	
779	51,8911	779	22,8604	779	19,7509	779	20,3516	779	17,2702	
780	51,8571	780	22,8586	780	19,7671	780	20,372	780	17,2769	
781	51,8842	781	22,8874	781	19,8064	781	20,3895	781	17,292	
782	51,9097	782	22,869	782	19,768	782	20,3696	782	17,2973	
783	52,0941	783	22,8597	783	19,7554	783	20,3584	783	17,2523	
784	52,1486	784	22,8787	784	19,7896	784	20,3936	784	17,2966	
785	52,1675	785	22,8223	785	19,7729	785	20,3423	785	17,2766	
786	52,0908	786	22,8719	786	19,7885	786	20,3815	786	17,2869	
787	52,3234	787	22,8414	787	19,7779	787	20,3643	787	17,2939	
788	52,6714	788	22,8639	788	19,7748	788	20,3873	788	17,2884	
789	53,463	789	22,8611	789	19,799	789	20,4054	789	17,3208	
790	53,3841	790	22,8616	790	19,7767	790	20,3921	790	17,3013	
791	52,8505	791	22,8699	791	19,814	791	20,3895	791	17,3206	
792	52,4285	792	22,8597	792	19,7701	792	20,3565	792	17,2837	
793	53,022	793	22,8638	793	19,7865	793	20,3743	793	17,2983	
794	53,0746	794	22,8449	794	19,7871	794	20,3915	794	17,3003	
795	53,4917	795	22,8495	795	19,7936	795	20,3819	795	17,3234	
796	53,4364	796	22,8155	796	19,7538	796	20,3559	796	17,3102	
797	53,6735	797	22,8216	797	19,7855	797	20,388	797	17,3338	
798	54,0177	798	22,8339	798	19,795	798	20,3828	798	17,3381	
799	53,4523	799	22,8251	799	19,7715	799	20,3541	799	17,3131	
800	53,8093	800	22,8437	800	19,7967	800	20,3879	800	17,3313	
801	53,3347	801	22,8662	801	19,8041	801	20,4009	801	17,3568	
802	52,8947	802	22,8525	802	19,815	802	20,3972	802	17,3644	
803	52,7772	803	22,8365	803	19,7805	803	20,3925	803	17,335	
804	53,2118	804	22,8747	804	19,8287	804	20,417	804	17,3667	
805	53,3116	805	22,839	805	19,7868	805	20,386	805	17,3518	
806	53,2641	806	22,8564	806	19,8299	806	20,4263	806	17,3617	
807	53,779	807	22,879	807	19,8146	807	20,4071	807	17,3468	
808	53,2976	808	22,8538	808	19,7988	808	20,3981	808	17,3586	
809	53,0147	809	22,8449	809	19,8146	809	20,4014	809	17,3834	
810	52,9547	810	22,8053	810	19,7725	810	20,385	810	17,3469	
811	53,7567	811	22,8428	811	19,7935	811	20,415	811	17,3528	
812	54,57	812	22,8408	812	19,8066	812	20,4058	812	17,375	
813	53,9777	813	22,824	813	19,7808	813	20,3843	813	17,3424	
814	54,098	814	22,8165	814	19,8046	814	20,4214	814	17,3844	
815	53,7406	815	22,8348	815	19,794	815	20,4079	815	17,3675	
816	53,4404	816	22,8467	816	19,8017	816	20,3966	816	17,3624	
817	53,1426	817	22,868	817	19,8136	817	20,4313	817	17,3924	
818	53,1203	818	22,8526	818	19,8408	818	20,4092	818	17,3888	
819	53,3411	819	22,8139	819	19,8215	819	20,406	819	17,3438	
820	54,3457	820	22,8414	820	19,8078	820	20,397	820	17,3989	
821	53,8956	821	22,8103	821	19,8003	821	20,3966	821	17,4014	
822	53,4285	822	22,811	822	19,782	822	20,3793	822	17,3551	
823	53,1164	823	22,8265	823	19,8132	823	20,4167	823	17,3792	
824	53,1914	824	22,851	824	19,8368	824	20,4142	824	17,4304	
825	53,2171	825	22,8301	825	19,8401	825	20,4179	825	17,4152	
826	53,5158	826	22,85	826	19,8259	826	20,4256	826	17,4338	
827	53,4164	827	22,8112	827	19,8121	827	20,3956	827	17,3914	
828	54,4663	828	22,8236	828	19,8127	828	20,4033	828	17,4176	
829	54,4226	829	22,8482	829	19,8464	829	20,4389	829	17,4657	
830	54,0502	830	22,7932	830	19,814	830	20,4009	830	17,3986	
831	54,5415	831	22,8269	831	19,808	831	20,4167	831	17,4201	
832	54,4633	832	22,8243	832	19,8252	832	20,4182	832	17,4426	
833	54,155	833	22,8462	833	19,8601	833	20,4365	833	17,4566	
834	54,1291	834	22,8221	834	19,8169	834	20,3952	834	17,4519	
835	53,9745	835	22,8546	835	19,8514	835	20,434	835	17,4674	
836	54,02	836	22,8435	836	19,8521	836	20,4181	836	17,4472	
837	54,0142	837	22,8281	837	19,8367	837	20,4169	837	17,4488	
838	53,9784	838	22,8471	838	19,8671	838	20,4397	838	17,4751	
839	54,5009	839	22,8363	839	19,8605	839	20,4308	839	17,4713	
840	54,6903	840	22,8035	840	19,803	840	20,3922	840	17,4312	
841	54,9129	841	22,8147	841	19,8331	841	20,4105	841	17,451	
842	54,9577	842	22,804	842	19,8419	842	20,4145	842	17,4465	
843	54,7308	843	22,8209	843	19,8598	843	20,4234	843	17,4787	
844	54,3288	844	22,8219	844	19,8352	844	20,4149	844	17,4559	
845	54,2261	845	22,8457	845	19,8842	845	20,4293	845	17,4836	
846	54,0556	846	22,8047	846	19,8345	846	20,419	846	17,4624	
847	54,0344	847	22,8529	847	19,8553	847	20,4441	847	17,4913	
848	54,0639	848	22,7873	848	19,8546	848	20,4073	848	17,4801	
849	54,1156	849	22,7963	849	19,8489	849	20,413	849	17,4535	
850	54,1189	850	22,826	850	19,8649	850	20,4361	850	17,489	
851	54,1591	851	22,7998	851	19,8462	851	20,4145	851	17,4722	
852	54,287	852	22,8041	852	19,861	852	20,4047	852	17,4993	
853	54,8133	853	22,7803	853	19,8205	853	20,4135	853	17,4559	
854	54,668	854	22,838	854	19,8808	854	20,4411	854	17,4983	
855	54,9391	855	22,8183	855	19,8695	855	20,4222	855	17,5065	
856	55,1756	856	22,8101	856	19,8674	856	20,4434	856	17,5272	
857	54,8858	857	22,7851	857	19,8396	857	20,4018	857	17,4812	
858	55,5798	858	22,8102	858	19,889	858	20,444	858	17,5146	
859	55,966	859	22,7872	859	19,8815	859	20,4328	859	17,4862	
860	55,8696	860	22,7901	860	19,8503	860	20,4414	860	17,5162	
861	55,8112	861	22,7984	861	19,871	861	20,4203	861	17,5008	
862	55,4654	862	22,8247	862	19,8793	862	20,4197	862	17,5267	
863	56,2604	863	22,8006	863	19,8902	863	20,4395	863	17,5462	
864	56,1991	864	22,8015	864	19,839	864	20,4386	864	17,5091	
865	55,5367	865	22,7997	865	19,8689	865	20,4605	865	17,5344	
866	55,224	866	22,8306	866	19,8875	866	20,4549	866	17,5483	
867	55,0457	867	22,8157	867	19,8968	867	20,4542	867	17,5713	
868	54,8959	868	22,7896	868	19,8792	868	20,448	868	17,5204	
869	54,8466	869	22,7919	869	19,8995	869	20,4285	869	17,5527	
870	54,9793	870	22,7819	870	19,8853	870	20,418	870	17,5413	
871	55,1499	871	22,8007	871	19,86	871	20,4426	871	17,5478	
872	55,3257	872	22,7947	872	19,8767	872	20,4251	872	17,5436	
873	55,4625	873	22,7833	873	19,8701	873	20,4043	873	17,5664	
874	55,3189	874	22,8239	874	19,9193	874	20,4658	874	17,591	
875	55,3183	875	22,7514	875	19,8636	875	20,4121	875	17,5434	
876	55,3122	876	22,806	876	19,8795	876	20,4346	876	17,5621	
877	55,1902	877	22,8286	877	19,8984	877	20,4534	877	17,5748	
878	55,5944	878	22,7949	878	19,8713	878	20,4277	878	17,5448	
879	56,1279	879	22,7904	879	19,8829	879	20,4317	879	17,5678	
880	55,608	880	22,7969	880	19,9212	880	20,4535	880	17,5901	
881	55,6485	881	22,7921	881	19,8822	881	20,4325	881	17,5615	
882	55,5729	882	22,7948	882	19,8906	882	20,4442	882	17,5846	
883	55,5539	883	22,783	883	19,8869	883	20,4286	883	17,5799	
884	55,4979	884	22,7873	884	19,9054	884	20,4642	884	17,5947	
885	55,9237	885	22,7985	885	19,9071	885	20,4593	885	17,6283	
886	56,1105	886	22,7464	886	19,8682	886	20,4233	886	17,5798	
887	56,7853	887	22,7937	887	19,9018	887	20,4493	887	17,603	
888	56,9333	888	22,7884	888	19,9136	888	20,4634	888	17,5906	
889	56,3361	889	22,7834	889	19,9067	889	20,4361	889	17,586	
890	57,4223	890	22,7787	890	19,9081	890	20,4684	890	17,6212	
891	56,7287	891	22,7769	891	19,9025	891	20,4538	891	17,6299	
892	57,1757	892	22,7682	892	19,9024	892	20,4489	892	17,6064	
893	57,6312	893	22,7838	893	19,9251	893	20,4735	893	17,6249	
894	57,8626	894	22,755	894	19,8977	894	20,4423	894	17,5889	
895	57,7369	895	22,7863	895	19,9006	895	20,4518	895	17,6037	
896	57,6752	896	22,7913	896	19,8952	896	20,4417	896	17,6168	
897	57,7149	897	22,7543	897	19,8898	897	20,4548	897	17,5896	
898	56,8481	898	22,7896	898	19,9143	898	20,4618	898	17,6364	
899	56,9015	899	22,7724	899	19,8937	899	20,4379	899	17,6058	
900	56,589	900	22,8021	900	19,9463	900	20,4733	900	17,6285	
901	57,8101	901	22,7372	901	19,867	901	20,4178	901	17,6019	
902	57,5955	902	22,7581	902	19,8946	902	20,4752	902	17,6381	
903	57,564	903	22,7752	903	19,9151	903	20,4815	903	17,6434	
904	56,8445	904	22,7799	904	19,9293	904	20,4677	904	17,6624	
905	56,8101	905	22,7678	905	19,921	905	20,4499	905	17,6303	
906	57,6088	906	22,7365	906	19,8806	906	20,4371	906	17,6293	
907	57,3549	907	22,8055	907	19,9459	907	20,4725	907	17,6824	
908	57,3635	908	22,7506	908	19,8975	908	20,4283	908	17,6562	
909	57,2794	909	22,7652	909	19,9221	909	20,452	909	17,6547	
910	57,2597	910	22,7701	910	19,8905	910	20,4484	910	17,6354	
911	58,1732	911	22,7727	911	19,8964	911	20,4462	911	17,6556	
912	57,7607	912	22,7692	912	19,9218	912	20,4455	912	17,6482	
913	56,8879	913	22,7391	913	19,9272	913	20,4586	913	17,6608	
914	57,9655	914	22,784	914	19,9039	914	20,4448	914	17,6413	
915	57,8441	915	22,7603	915	19,9162	915	20,4405	915	17,6341	
916	58,5438	916	22,7649	916	19,9209	916	20,4693	916	17,6782	
917	57,5994	917	22,792	917	19,9314	917	20,4623	917	17,6945	
918	57,6176	918	22,7321	918	19,9293	918	20,4573	918	17,6761	
919	57,6099	919	22,7702	919	19,9419	919	20,477	919	17,6997	
920	58,0088	920	22,7636	920	19,9252	920	20,4617	920	17,6649	
921	58,085	921	22,7958	921	19,9523	921	20,478	921	17,734	
922	58,1946	922	22,7475	922	19,9053	922	20,4509	922	17,6835	
923	57,4929	923	22,7476	923	19,9349	923	20,4781	923	17,6794	
924	57,6785	924	22,7783	924	19,9267	924	20,4666	924	17,6859	
925	57,2475	925	22,7873	925	19,9685	925	20,487	925	17,7515	
926	56,9939	926	22,7486	926	19,9501	926	20,4738	926	17,706	
927	57,3341	927	22,7623	927	19,9258	927	20,4486	927	17,6846	
928	57,7002	928	22,7227	928	19,9231	928	20,4455	928	17,6743	
929	57,4571	929	22,7882	929	19,9376	929	20,4665	929	17,7258	
930	57,3208	930	22,7677	930	19,955	930	20,4892	930	17,7143	
931	57,2829	931	22,7523	931	19,9267	931	20,4576	931	17,715	
932	57,3684	932	22,7354	932	19,9297	932	20,4639	932	17,7004	
933	57,1739	933	22,7298	933	19,9207	933	20,4544	933	17,6919	
934	57,1505	934	22,7567	934	19,9444	934	20,4876	934	17,7455	
935	57,4389	935	22,7651	935	19,94	935	20,4771	935	17,706	
936	58,3566	936	22,7553	936	19,9487	936	20,4928	936	17,717	
937	58,2142	937	22,7518	937	19,968	937	20,5036	937	17,7463	
938	58,4565	938	22,7698	938	19,9429	938	20,4694	938	17,733	
939	58,9506	939	22,7578	939	19,9721	939	20,4916	939	17,7205	
940	58,2212	940	22,7422	940	19,9442	940	20,4778	940	17,7472	
941	58,1792	941	22,7236	941	19,9084	941	20,4663	941	17,7256	
942	57,7751	942	22,7532	942	19,9513	942	20,4461	942	17,7482	
943	58,1374	943	22,733	943	19,9334	943	20,4539	943	17,7341	
944	58,6212	944	22,7392	944	19,9568	944	20,4815	944	17,7579	
945	58,8615	945	22,7731	945	19,9694	945	20,5107	945	17,7596	
946	59,2942	946	22,7116	946	19,9282	946	20,4533	946	17,7302	
947	59,2948	947	22,7586	947	19,9468	947	20,4743	947	17,765	
948	58,5129	948	22,753	948	19,9331	948	20,454	948	17,7299	
949	58,6004	949	22,7483	949	19,9669	949	20,4811	949	17,759	
950	58,0875	950	22,7361	950	19,9428	950	20,475	950	17,741	
951	57,7676	951	22,7444	951	19,9758	951	20,491	951	17,776	
952	57,9286	952	22,7558	952	19,9706	952	20,5019	952	17,7603	
953	57,8978	953	22,7218	953	19,965	953	20,4826	953	17,7709	
954	58,502	954	22,7584	954	19,9717	954	20,4808	954	17,7786	
955	58,5602	955	22,7183	955	19,9463	955	20,461	955	17,7402	
956	58,409	956	22,7587	956	19,9725	956	20,5043	956	17,7908	
957	58,4729	957	22,7505	957	19,9591	957	20,4957	957	17,7807	
958	58,6506	958	22,7152	958	19,9564	958	20,4778	958	17,767	
959	59,2733	959	22,7499	959	19,9846	959	20,4917	959	17,8119	
960	59,0855	960	22,7345	960	19,9544	960	20,4938	960	17,776	
961	59,6771	961	22,7185	961	19,9669	961	20,4868	961	17,8066	
962	59,7799	962	22,7159	962	19,9686	962	20,4833	962	17,7826	
963	59,4931	963	22,7397	963	19,9758	963	20,5175	963	17,7931	
964	59,7158	964	22,7401	964	19,9624	964	20,4961	964	17,7897	
965	59,4159	965	22,7125	965	19,9276	965	20,4817	965	17,7833	
966	58,9476	966	22,75	966	19,9505	966	20,5098	966	17,8191	
967	59,6446	967	22,7038	967	19,9365	967	20,4773	967	17,8003	
968	59,8804	968	22,7221	968	19,9933	968	20,49	968	17,8187	
969	60,5873	969	22,7047	969	19,9526	969	20,4891	969	17,8259	
970	59,3041	970	22,7366	970	19,9661	970	20,5035	970	17,8209	
971	58,6116	971	22,7217	971	19,9934	971	20,501	971	17,8122	
972	58,6737	972	22,7284	972	19,9825	972	20,501	972	17,8217	
973	59,6923	973	22,6983	973	19,9566	973	20,4694	973	17,7815	
974	59,0438	974	22,7146	974	19,9388	974	20,4877	974	17,7936	
975	58,7641	975	22,742	975	19,991	975	20,4947	975	17,8287	
