Time - Plot 0	Degrees Celsius - Plot 0	Time - Plot 1	Degrees Celsius - Plot 1	Time - Plot 2	Degrees Celsius - Plot 2	Time - Plot 3	Degrees Celsius - Plot 3	Time - Plot 4	Degrees Celsius - Plot 4	
0	59,7897	0	21,5577	0	21,6724	0	21,3663	0	21,4431	
1	59,7726	1	21,5407	1	21,6582	1	21,3644	1	21,4379	
2	60,1409	2	21,5715	2	21,6928	2	21,3976	2	21,4284	
3	60,7365	3	21,584	3	21,6877	3	21,4029	3	21,4726	
4	60,5846	4	21,5781	4	21,7008	4	21,4132	4	21,4563	
5	61,1665	5	21,5798	5	21,6945	5	21,4083	5	21,4566	
6	61,2919	6	21,5778	6	21,6892	6	21,3906	6	21,474	
7	61,4484	7	21,5958	7	21,6839	7	21,4152	7	21,4773	
8	61,3947	8	21,55	8	21,6358	8	21,3529	8	21,4283	
9	60,6574	9	21,5955	9	21,6627	9	21,3846	9	21,4609	
10	60,4097	10	21,5657	10	21,6836	10	21,3832	10	21,4425	
11	60,1203	11	21,5922	11	21,6874	11	21,3889	11	21,4609	
12	59,9487	12	21,6008	12	21,7231	12	21,4075	12	21,4857	
13	59,991	13	21,5861	13	21,679	13	21,3895	13	21,4539	
14	59,9527	14	21,583	14	21,6787	14	21,3915	14	21,4465	
15	59,9269	15	21,5695	15	21,6775	15	21,3771	15	21,4297	
16	59,9081	16	21,5954	16	21,6835	16	21,3945	16	21,4637	
17	59,9127	17	21,596	17	21,6936	17	21,4225	17	21,4775	
18	59,8964	18	21,5643	18	21,6875	18	21,3908	18	21,4596	
19	60,3299	19	21,5673	19	21,6833	19	21,3986	19	21,4929	
20	60,1951	20	21,5937	20	21,714	20	21,398	20	21,4828	
21	60,692	21	21,5779	21	21,6831	21	21,404	21	21,4556	
22	60,4998	22	21,5934	22	21,7171	22	21,3906	22	21,4636	
23	60,9261	23	21,5822	23	21,6893	23	21,4055	23	21,4614	
24	61,6946	24	21,5674	24	21,6925	24	21,4035	24	21,4466	
25	61,0154	25	21,6058	25	21,7205	25	21,4243	25	21,4575	
26	60,5006	26	21,5932	26	21,6979	26	21,3947	26	21,4406	
27	60,2465	27	21,595	27	21,7168	27	21,4202	27	21,4761	
28	60,0756	28	21,5546	28	21,6882	28	21,3746	28	21,4736	
29	60,1658	29	21,6027	29	21,6918	29	21,4188	29	21,4662	
30	60,1648	30	21,595	30	21,7144	30	21,4083	30	21,4912	
31	60,2255	31	21,586	31	21,7083	31	21,4088	31	21,4609	
32	60,1682	32	21,6095	32	21,699	32	21,4104	32	21,4796	
33	60,1594	33	21,5911	33	21,7043	33	21,4314	33	21,4731	
34	60,101	34	21,5886	34	21,6862	34	21,418	34	21,4644	
35	60,1489	35	21,5541	35	21,6627	35	21,376	35	21,4219	
36	60,1584	36	21,5855	36	21,6982	36	21,3893	36	21,4779	
37	60,1507	37	21,5709	37	21,7107	37	21,4041	37	21,4487	
38	60,097	38	21,5894	38	21,6927	38	21,4188	38	21,4491	
39	60,1199	39	21,6028	39	21,7203	39	21,4123	39	21,4692	
40	60,1437	40	21,5692	40	21,6767	40	21,3929	40	21,4384	
41	60,1695	41	21,5959	41	21,7286	41	21,4372	41	21,4637	
42	60,1785	42	21,5906	42	21,7109	42	21,4134	42	21,4726	
43	60,3002	43	21,613	43	21,7229	43	21,4173	43	21,4903	
44	60,2969	44	21,5808	44	21,6916	44	21,3974	44	21,4694	
45	60,3267	45	21,6818	45	21,7093	45	21,3885	45	21,4743	
46	60,3243	46	21,8201	46	21,7107	46	21,4027	46	21,4842	
47	60,3415	47	21,765	47	21,6527	47	21,3883	47	21,4593	
48	60,3136	48	21,7744	48	21,6441	48	21,4025	48	21,4546	
49	60,3194	49	21,7377	49	21,6468	49	21,4269	49	21,4823	
50	60,3051	50	21,721	50	21,6102	50	21,4012	50	21,4633	
51	60,2947	51	21,776	51	21,5812	51	21,4064	51	21,4604	
52	60,2425	52	22,2969	52	21,6205	52	21,4077	52	21,4912	
53	60,2322	53	23,0847	53	21,5898	53	21,4201	53	21,4945	
54	60,1287	54	23,9557	54	21,617	54	21,408	54	21,4696	
55	60,1414	55	24,294	55	21,6074	55	21,4112	55	21,46	
56	60,1484	56	24,7187	56	21,5991	56	21,4053	56	21,465	
57	60,1615	57	24,8366	57	21,5709	57	21,4121	57	21,4505	
58	60,1661	58	24,8582	58	21,5822	58	21,4059	58	21,476	
59	60,1615	59	24,7445	59	21,6056	59	21,426	59	21,497	
60	60,1072	60	24,7162	60	21,6605	60	21,4397	60	21,5028	
61	60,0442	61	24,5696	61	21,6396	61	21,3842	61	21,4458	
62	60,0645	62	24,3948	62	21,7415	62	21,381	62	21,4336	
63	60,051	63	24,3072	63	21,9389	63	21,4096	63	21,4405	
64	60,0652	64	24,2168	64	22,1122	64	21,4177	64	21,4916	
65	59,992	65	24,0944	65	22,3977	65	21,4157	65	21,4736	
66	60,0169	66	24,0859	66	22,6497	66	21,4021	66	21,4627	
67	59,9438	67	24,0438	67	22,9293	67	21,3982	67	21,4759	
68	59,951	68	24,0148	68	23,0257	68	21,3725	68	21,4469	
69	59,9349	69	24,0516	69	23,2343	69	21,4074	69	21,4525	
70	59,8918	70	24,1091	70	23,3462	70	21,3992	70	21,4286	
71	59,9484	71	24,175	71	23,476	71	21,4112	71	21,4818	
72	59,9454	72	24,2424	72	23,5199	72	21,422	72	21,5054	
73	59,8986	73	24,4115	73	23,5751	73	21,4076	73	21,4303	
74	59,8636	74	24,6147	74	23,665	74	21,4489	74	21,4944	
75	59,833	75	24,8287	75	23,7424	75	21,4317	75	21,4526	
76	59,7699	76	24,9694	76	23,7807	76	21,425	76	21,4468	
77	59,7387	77	25,1102	77	23,9055	77	21,4435	77	21,4752	
78	59,6129	78	25,3586	78	24,0034	78	21,4099	78	21,472	
79	59,4642	79	25,585	79	24,1148	79	21,3964	79	21,4457	
80	59,3639	80	25,8484	80	24,2064	80	21,4039	80	21,439	
81	59,0762	81	26,0971	81	24,3549	81	21,3911	81	21,4381	
82	58,7227	82	26,3531	82	24,5058	82	21,415	82	21,4624	
83	57,5748	83	26,8542	83	24,6672	83	21,4057	83	21,4569	
84	57,1938	84	27,2078	84	24,6885	84	21,3835	84	21,4542	
85	57,0665	85	27,7994	85	24,871	85	21,3932	85	21,4595	
86	56,9262	86	29,0271	86	25,1947	86	21,4169	86	21,4923	
87	56,7766	87	29,8344	87	25,2689	87	22,8502	87	21,4147	
88	56,7011	88	30,6014	88	25,4109	88	23,4405	88	21,5348	
89	56,157	89	31,2383	89	25,3881	89	25,2185	89	21,6503	
90	56,1021	90	31,9685	90	25,3959	90	25,9553	90	21,7013	
91	55,9965	91	32,8668	91	25,5956	91	26,3399	91	21,7653	
92	55,9948	92	33,4494	92	25,7357	92	26,4393	92	21,7741	
93	55,9272	93	34,0462	93	25,9967	93	26,7794	93	21,74	
94	55,8439	94	34,9426	94	26,2334	94	27,294	94	21,7076	
95	55,7961	95	35,5834	95	26,4422	95	27,5522	95	21,6686	
96	55,7786	96	36,1348	96	26,6768	96	27,8166	96	21,5502	
97	55,6933	97	36,9979	97	27,162	97	28,4308	97	20,9687	
98	55,4677	98	37,4862	98	27,4536	98	28,6797	98	20,482	
99	55,3772	99	38,2908	99	27,734	99	29,1762	99	19,8928	
100	55,2518	100	38,7656	100	27,9008	100	29,6067	100	19,5046	
101	55,2077	101	39,2805	101	28,0723	101	29,9336	101	19,216	
102	55,179	102	40,3901	102	28,3816	102	30,4191	102	18,8308	
103	54,8715	103	40,8969	103	28,5052	103	30,5607	103	18,6728	
104	54,6829	104	41,4389	104	28,6382	104	30,8467	104	18,3705	
105	54,6386	105	41,9405	105	28,6148	105	31,1051	105	18,0836	
106	54,4828	106	42,4325	106	28,6257	106	31,1385	106	17,934	
107	54,3813	107	43,04	107	28,6568	107	31,226	107	17,7049	
108	54,3731	108	43,2911	108	28,7376	108	31,237	108	17,5364	
109	54,2211	109	43,6014	109	28,7338	109	31,3249	109	17,4566	
110	54,1953	110	44,0667	110	28,8661	110	31,4117	110	17,313	
111	54,1201	111	44,336	111	28,9904	111	31,539	111	17,2022	
112	54,0687	112	44,6953	112	29,0639	112	31,6405	112	17,1405	
113	54,053	113	45,1808	113	29,2981	113	31,8126	113	17,0509	
114	54,0363	114	45,5934	114	29,3816	114	31,9429	114	16,9689	
115	54,0105	115	45,9364	115	29,5066	115	32,2041	115	16,9307	
116	53,9601	116	46,0931	116	29,47	116	32,3487	116	16,8609	
117	53,9511	117	46,3265	117	29,5469	117	32,4634	117	16,7841	
118	53,776	118	46,7241	118	29,7388	118	32,6965	118	16,7237	
119	53,6895	119	46,9401	119	29,9209	119	32,8716	119	16,6915	
120	53,6393	120	47,1512	120	30,1215	120	32,9633	120	16,6599	
121	53,0756	121	47,4639	121	30,2167	121	33,1937	121	16,6087	
122	53,1172	122	47,6543	122	30,2638	122	33,3391	122	16,6088	
123	53,1805	123	47,841	123	30,3259	123	33,5308	123	16,5085	
124	53,0396	124	47,9823	124	30,3848	124	33,6387	124	16,4787	
125	52,9988	125	48,1948	125	30,4525	125	33,7761	125	16,4673	
126	53,0212	126	48,3833	126	30,6313	126	33,9379	126	16,4247	
127	53,0117	127	48,523	127	30,7435	127	34,0732	127	16,388	
128	53,0149	128	48,61	128	30,798	128	34,1149	128	16,3599	
129	52,875	129	48,8136	129	31,0471	129	34,3168	129	16,34	
130	52,7619	130	48,9312	130	30,9946	130	34,4302	130	16,313	
131	52,7295	131	49,0522	131	31,0987	131	34,481	131	16,2933	
132	52,8124	132	49,1849	132	31,2193	132	34,6711	132	16,2504	
133	52,83	133	49,1667	133	31,1886	133	34,7186	133	16,2155	
134	52,8574	134	49,2583	134	31,2863	134	34,8207	134	16,2231	
135	52,6905	135	49,2977	135	31,2977	135	34,8446	135	16,1637	
136	52,5376	136	49,3238	136	31,4069	136	34,9638	136	16,1821	
137	52,5009	137	49,4175	137	31,4409	137	35,0211	137	16,1395	
138	52,4724	138	49,4399	138	31,5097	138	35,0551	138	16,1331	
139	52,3975	139	49,4962	139	31,5157	139	35,1097	139	16,072	
140	52,3715	140	49,5064	140	31,5303	140	35,0999	140	16,0806	
141	52,426	141	49,5809	141	31,5031	141	35,1327	141	16,045	
142	52,4447	142	49,6066	142	31,5776	142	35,1245	142	16,0234	
143	52,375	143	49,6294	143	31,6167	143	35,157	143	16,0231	
144	52,1458	144	49,6711	144	31,6393	144	35,2001	144	16,0156	
145	52,0008	145	49,7269	145	31,665	145	35,2281	145	15,9983	
146	51,9632	146	49,7217	146	31,7385	146	35,2971	146	15,96	
147	51,9094	147	49,7437	147	31,8031	147	35,2759	147	15,9641	
148	51,9063	148	49,7122	148	31,7547	148	35,2894	148	15,9269	
149	51,9925	149	49,717	149	31,8502	149	35,3359	149	15,9124	
150	51,903	150	49,726	150	31,811	150	35,3637	150	15,935	
151	51,8068	151	49,6779	151	31,8818	151	35,3698	151	15,9064	
152	51,734	152	49,6913	152	31,9128	152	35,3483	152	15,895	
153	51,5835	153	49,677	153	31,8556	153	35,3427	153	15,8983	
154	51,4997	154	49,6594	154	31,8612	154	35,3422	154	15,8717	
155	51,3488	155	49,677	155	31,7636	155	35,4171	155	15,8926	
156	51,271	156	49,6731	156	31,7446	156	35,423	156	15,8743	
157	51,2313	157	49,6763	157	31,8572	157	35,4079	157	15,8457	
158	51,2438	158	49,627	158	31,7903	158	35,3918	158	15,8269	
159	51,1535	159	49,6666	159	31,8934	159	35,3775	159	15,8443	
160	51,0941	160	49,6101	160	31,8078	160	35,3348	160	15,8227	
161	51,0727	161	49,6136	161	31,8597	161	35,3847	161	15,8207	
162	51,0137	162	49,6139	162	31,9014	162	35,35	162	15,8324	
163	51,1634	163	49,5755	163	31,7892	163	35,2873	163	15,8153	
164	51,0491	164	49,5941	164	31,8432	164	35,3369	164	15,8044	
165	51,161	165	49,5363	165	31,8319	165	35,313	165	15,7748	
166	51,3085	166	49,505	166	31,8499	166	35,3796	166	15,7702	
167	51,2606	167	49,4766	167	31,845	167	35,3626	167	15,7695	
168	51,0768	168	49,4412	168	31,7612	168	35,3137	168	15,7674	
169	50,9972	169	49,4497	169	31,898	169	35,3003	169	15,78	
170	50,9376	170	49,4393	170	31,839	170	35,3052	170	15,7526	
171	50,7223	171	49,3731	171	31,7667	171	35,3079	171	15,7235	
172	50,7158	172	49,365	172	31,7252	172	35,2857	172	15,7247	
173	50,7292	173	49,3237	173	31,7448	173	35,2589	173	15,6931	
174	50,6893	174	49,269	174	31,7446	174	35,2508	174	15,732	
175	50,5991	175	49,2086	175	31,7383	175	35,2042	175	15,7013	
176	50,4869	176	49,1657	176	31,6778	176	35,1894	176	15,6805	
177	50,311	177	49,143	177	31,7697	177	35,1827	177	15,6708	
178	50,0792	178	49,0762	178	31,6415	178	35,1325	178	15,6569	
179	50,2114	179	49,0456	179	31,6084	179	35,1441	179	15,6681	
180	50,1601	180	49,0345	180	31,6779	180	35,1343	180	15,6748	
181	50,0537	181	49,002	181	31,6487	181	35,1047	181	15,6542	
182	50,1874	182	48,9517	182	31,6601	182	35,0735	182	15,621	
183	50,3417	183	48,9221	183	31,6043	183	35,0295	183	15,6111	
184	50,3342	184	48,9071	184	31,6646	184	34,9825	184	15,587	
185	50,1086	185	48,9452	185	31,5755	185	35,0186	185	15,5986	
186	50,1439	186	48,9348	186	31,6279	186	35,0157	186	15,6137	
187	50,297	187	48,9038	187	31,5519	187	34,9824	187	15,5918	
188	50,2528	188	48,8659	188	31,4946	188	34,938	188	15,5432	
189	50,1944	189	48,8297	189	31,5264	189	34,921	189	15,5679	
190	50,254	190	48,7932	190	31,5119	190	34,9276	190	15,5702	
191	50,3201	191	48,7467	191	31,5131	191	34,904	191	15,5634	
192	50,0152	192	48,7348	192	31,6081	192	34,907	192	15,5702	
193	49,7133	193	48,6913	193	31,4705	193	34,8521	193	15,5573	
194	49,702	194	48,656	194	31,514	194	34,8197	194	15,5371	
195	49,7463	195	48,5929	195	31,4354	195	34,8036	195	15,5265	
196	49,4743	196	48,5663	196	31,4394	196	34,8231	196	15,5263	
197	49,3256	197	48,5099	197	31,4386	197	34,7866	197	15,5178	
198	49,3645	198	48,4045	198	31,3799	198	34,7263	198	15,4731	
199	49,3784	199	48,3781	199	31,3766	199	34,6949	199	15,4683	
200	49,3539	200	48,4035	200	31,3451	200	34,7609	200	15,5287	
201	49,3015	201	48,3563	201	31,3559	201	34,6682	201	15,4759	
202	49,2264	202	48,3413	202	31,3266	202	34,6366	202	15,489	
203	49,1531	203	48,296	203	31,3051	203	34,5679	203	15,4638	
204	49,0524	204	48,2771	204	31,2981	204	34,5951	204	15,4643	
205	48,9888	205	48,2203	205	31,255	205	34,5892	205	15,4398	
206	48,9829	206	48,1542	206	31,2715	206	34,556	206	15,4455	
207	48,9903	207	48,0899	207	31,2593	207	34,5555	207	15,4541	
208	48,9119	208	48,0648	208	31,2414	208	34,4768	208	15,4483	
209	48,8701	209	48,1006	209	31,2317	209	34,4746	209	15,4623	
210	48,8819	210	48,0913	210	31,1894	210	34,52	210	15,4613	
211	48,7407	211	47,9987	211	31,1255	211	34,4034	211	15,4141	
212	48,7062	212	47,955	212	31,1168	212	34,3521	212	15,4044	
213	48,905	213	47,8903	213	31,1263	213	34,3803	213	15,4445	
214	48,9602	214	47,8115	214	31,1258	214	34,4275	214	15,4406	
215	49,0094	215	47,7755	215	31,1207	215	34,3612	215	15,3936	
216	48,8859	216	47,7259	216	31,1464	216	34,3348	216	15,3963	
217	48,9049	217	47,7013	217	30,9994	217	34,2453	217	15,3953	
218	49,0141	218	47,6769	218	31,0897	218	34,2563	218	15,4021	
219	48,9309	219	47,6585	219	31,0865	219	34,2189	219	15,4136	
220	48,9352	220	47,6396	220	31,0077	220	34,1656	220	15,3924	
221	48,5302	221	47,615	221	31,0081	221	34,1707	221	15,3946	
222	48,2127	222	47,6047	222	30,9633	222	34,2024	222	15,3973	
223	48,2419	223	47,5485	223	31,0055	223	34,1212	223	15,4072	
224	48,1939	224	47,458	224	30,9489	224	34,1042	224	15,3728	
225	48,0204	225	47,4861	225	30,952	225	34,1035	225	15,3769	
226	48,0063	226	47,4369	226	30,8579	226	34,0626	226	15,3519	
227	48,031	227	47,4137	227	30,888	227	34,0177	227	15,3505	
228	47,9249	228	47,3758	228	30,9022	228	33,9915	228	15,3592	
229	47,9456	229	47,3469	229	30,9226	229	33,9927	229	15,3727	
230	47,572	230	47,2957	230	30,9012	230	34,0164	230	15,3682	
231	46,9331	231	47,2426	231	30,8666	231	33,9776	231	15,336	
232	47,6737	232	47,2042	232	30,8126	232	33,8863	232	15,3446	
233	47,8986	233	47,171	233	30,7672	233	33,8907	233	15,3386	
234	47,8767	234	47,1431	234	30,7619	234	33,9332	234	15,3417	
235	47,9033	235	47,0825	235	30,7503	235	33,8607	235	15,3167	
236	47,8707	236	47,0237	236	30,7225	236	33,8489	236	15,3237	
237	47,9246	237	46,9942	237	30,7453	237	33,8548	237	15,3368	
238	48,3372	238	46,9327	238	30,7557	238	33,8441	238	15,3293	
239	48,3462	239	46,9122	239	30,702	239	33,8589	239	15,3172	
240	47,8815	240	46,8736	240	30,7259	240	33,8457	240	15,3219	
241	47,5234	241	46,8238	241	30,6721	241	33,7298	241	15,3288	
242	47,4346	242	46,7928	242	30,6397	242	33,6262	242	15,3202	
243	47,2128	243	46,7061	243	30,4742	243	33,3984	243	15,2916	
244	47,0724	244	46,737	244	30,4397	244	33,3917	244	15,3004	
245	47,0254	245	46,6981	245	30,3942	245	33,2877	245	15,2801	
246	46,9855	246	46,641	246	30,394	246	33,2533	246	15,3137	
247	46,9391	247	46,6036	247	30,2451	247	33,2399	247	15,2681	
248	46,9089	248	46,5406	248	30,3077	248	33,1564	248	15,2762	
249	46,9284	249	46,5123	249	30,2772	249	33,1523	249	15,3177	
250	46,9485	250	46,4481	250	30,3065	250	33,1412	250	15,2764	
251	46,9256	251	46,4173	251	30,2447	251	33,0772	251	15,2819	
252	46,9353	252	46,3151	252	30,0719	252	33,0066	252	15,2659	
253	46,916	253	46,2896	253	30,0724	253	32,9978	253	15,2641	
254	47,0341	254	46,267	254	30,1815	254	32,9983	254	15,286	
255	47,0222	255	46,2173	255	30,117	255	32,9822	255	15,2697	
256	47,1979	256	46,1271	256	30,0744	256	32,9524	256	15,2652	
257	47,2496	257	46,1134	257	30,0399	257	32,9316	257	15,2612	
258	47,1076	258	46,0649	258	30,08	258	32,9139	258	15,2555	
259	46,6614	259	46,0427	259	30,0453	259	32,8774	259	15,2552	
260	46,4759	260	45,9897	260	29,9924	260	32,8078	260	15,2402	
261	46,3589	261	45,9981	261	30,0447	261	32,7995	261	15,2308	
262	46,3433	262	45,9567	262	29,9975	262	32,759	262	15,2187	
263	46,3816	263	45,9716	263	30,008	263	32,8299	263	15,2541	
264	46,5321	264	45,912	264	29,9931	264	32,7701	264	15,2666	
265	46,7695	265	45,855	265	29,9922	265	32,7977	265	15,2438	
266	46,8334	266	45,7544	266	29,9377	266	32,6964	266	15,2095	
267	46,549	267	45,6943	267	29,942	267	32,7121	267	15,2444	
268	46,534	268	45,6267	268	29,8946	268	32,6727	268	15,2197	
269	46,4328	269	45,5964	269	29,8743	269	32,6229	269	15,2177	
270	46,1711	270	45,6047	270	29,8385	270	32,6215	270	15,2367	
271	45,7806	271	45,5795	271	29,8012	271	32,5491	271	15,2422	
272	46,0537	272	45,5302	272	29,793	272	32,4935	272	15,223	
273	46,1255	273	45,5	273	29,8748	273	32,5319	273	15,2196	
274	45,8507	274	45,4358	274	29,822	274	32,4971	274	15,199	
275	45,8267	275	45,4067	275	29,7651	275	32,4531	275	15,2081	
276	45,7048	276	45,419	276	29,7899	276	32,4974	276	15,2589	
277	45,6525	277	45,3573	277	29,732	277	32,4346	277	15,2184	
278	45,6061	278	45,3721	278	29,7691	278	32,4382	278	15,2288	
279	45,6208	279	45,3052	279	29,7299	279	32,3757	279	15,2053	
280	45,5395	280	45,2349	280	29,7113	280	32,3463	280	15,206	
281	45,2695	281	45,1832	281	29,6368	281	32,3682	281	15,2015	
282	44,8042	282	45,2041	282	29,6335	282	32,3734	282	15,2377	
283	44,734	283	45,1332	283	29,6496	283	32,2595	283	15,2121	
284	45,1512	284	45,1384	284	29,6191	284	32,3013	284	15,2213	
285	45,6827	285	45,1055	285	29,6281	285	32,2291	285	15,1899	
286	45,747	286	45,0915	286	29,6337	286	32,2568	286	15,2003	
287	45,6485	287	45,1001	287	29,6546	287	32,3095	287	15,2205	
288	45,4114	288	45,0611	288	29,5544	288	32,2368	288	15,2157	
289	45,3307	289	45,0831	289	29,5433	289	32,221	289	15,2364	
290	45,2048	290	45,0452	290	29,543	290	32,1846	290	15,2013	
291	45,2258	291	45,0195	291	29,5207	291	32,1924	291	15,235	
292	45,3011	292	44,9874	292	29,4284	292	32,1509	292	15,2153	
293	45,1551	293	44,9704	293	29,5386	293	32,1708	293	15,2435	
294	45,1173	294	44,9588	294	29,5255	294	32,1535	294	15,2121	
295	45,1003	295	44,9112	295	29,5534	295	32,1354	295	15,2352	
296	44,9753	296	44,8367	296	29,4214	296	32,1253	296	15,2611	
297	44,9364	297	44,7272	297	29,4699	297	32,0976	297	15,2287	
298	44,9177	298	44,5886	298	29,4771	298	32,0648	298	15,2436	
299	44,8734	299	44,5675	299	29,4989	299	32,0524	299	15,2615	
300	44,8869	300	44,4984	300	29,4341	300	32,0088	300	15,2115	
301	44,9141	301	44,4742	301	29,4472	301	31,9741	301	15,2258	
302	44,8152	302	44,4575	302	29,4388	302	31,93	302	15,2272	
303	44,9007	303	44,4375	303	29,3418	303	31,9167	303	15,2419	
304	44,8783	304	44,3629	304	29,3913	304	31,8826	304	15,2444	
305	44,7997	305	44,3069	305	29,3369	305	31,8495	305	15,2199	
306	44,6352	306	44,2976	306	29,344	306	31,8359	306	15,2713	
307	44,5506	307	44,2374	307	29,2496	307	31,828	307	15,26	
308	44,4438	308	44,2212	308	29,2839	308	31,8215	308	15,2639	
309	44,3742	309	44,1722	309	29,2705	309	31,7109	309	15,2645	
310	44,3305	310	44,1363	310	29,2082	310	31,7502	310	15,2515	
311	44,2925	311	44,1181	311	29,1663	311	31,7431	311	15,2676	
312	44,1774	312	44,054	312	29,2419	312	31,7439	312	15,2632	
313	44,2401	313	44,0077	313	29,1447	313	31,7263	313	15,2644	
314	44,2322	314	43,9253	314	29,1595	314	31,6397	314	15,2561	
315	44,0637	315	43,8825	315	29,143	315	31,626	315	15,2836	
316	44,251	316	43,8888	316	29,0637	316	31,5962	316	15,2905	
317	44,3045	317	43,7625	317	29,1131	317	31,5858	317	15,2714	
318	44,3654	318	43,7168	318	29,0494	318	31,5256	318	15,2337	
319	44,423	319	43,6834	319	29,0221	319	31,5007	319	15,2661	
320	44,6552	320	43,6626	320	29,0694	320	31,4826	320	15,2681	
321	44,722	321	43,6196	321	29,0479	321	31,4667	321	15,2606	
322	44,1608	322	43,6176	322	28,9663	322	31,4708	322	15,2971	
323	44,1694	323	43,6165	323	28,9737	323	31,4387	323	15,2999	
324	44,0521	324	43,5929	324	28,9412	324	31,3646	324	15,2804	
325	43,7066	325	43,5716	325	28,9822	325	31,3581	325	15,2904	
326	43,7445	326	43,5315	326	28,8724	326	31,3345	326	15,2822	
327	43,7205	327	43,5275	327	28,9371	327	31,3351	327	15,2734	
328	43,6453	328	43,4999	328	28,9816	328	31,3189	328	15,2631	
329	43,6728	329	43,4727	329	28,8613	329	31,3206	329	15,2643	
330	43,7939	330	43,4527	330	28,9041	330	31,2989	330	15,2824	
331	43,7633	331	43,4139	331	28,8554	331	31,3029	331	15,2717	
332	43,6532	332	43,3461	332	28,8601	332	31,2349	332	15,2569	
333	43,7601	333	43,3211	333	28,8405	333	31,2397	333	15,2699	
334	43,8136	334	43,2811	334	28,8559	334	31,2104	334	15,2641	
335	43,7214	335	43,2719	335	28,8372	335	31,2091	335	15,2813	
336	43,4917	336	43,1999	336	28,88	336	31,2054	336	15,278	
337	43,4667	337	43,1202	337	28,8134	337	31,1676	337	15,2606	
338	43,4491	338	43,045	338	28,8093	338	31,1216	338	15,2626	
339	43,2423	339	43,0054	339	28,7465	339	31,1224	339	15,3006	
340	43,1818	340	42,9003	340	28,7008	340	31,104	340	15,2576	
341	43,1765	341	42,8508	341	28,7693	341	31,0893	341	15,2908	
342	43,2376	342	42,8135	342	28,7292	342	31,0567	342	15,2992	
343	43,2037	343	42,721	343	28,6255	343	30,9862	343	15,2563	
344	43,0793	344	42,7053	344	28,6426	344	30,9586	344	15,2812	
345	42,9781	345	42,7145	345	28,6166	345	30,9331	345	15,2791	
346	43,1555	346	42,6946	346	28,5913	346	30,9121	346	15,2535	
347	43,3005	347	42,6461	347	28,5506	347	30,8621	347	15,2624	
348	43,2245	348	42,6748	348	28,705	348	30,9124	348	15,2823	
349	43,2541	349	42,6361	349	28,5029	349	30,8319	349	15,2374	
350	42,8679	350	42,6128	350	28,5767	350	30,8191	350	15,2783	
351	43,2105	351	42,5731	351	28,4837	351	30,793	351	15,2695	
352	43,2737	352	42,5786	352	28,5359	352	30,793	352	15,2865	
353	43,2569	353	42,5349	353	28,4959	353	30,7817	353	15,2552	
354	43,2255	354	42,5105	354	28,4429	354	30,7786	354	15,2759	
355	42,9947	355	42,474	355	28,4056	355	30,747	355	15,2609	
356	43,1927	356	42,4546	356	28,4433	356	30,7386	356	15,2758	
357	42,8144	357	42,363	357	28,4004	357	30,7245	357	15,2605	
358	42,7821	358	42,3765	358	28,5107	358	30,709	358	15,2801	
359	42,4772	359	42,2784	359	28,4259	359	30,6498	359	15,2567	
360	42,5515	360	42,2541	360	28,4229	360	30,6656	360	15,2475	
361	42,5864	361	42,2	361	28,3323	361	30,6044	361	15,2378	
362	42,6	362	42,1722	362	28,3541	362	30,588	362	15,2684	
363	42,5064	363	42,1427	363	28,2856	363	30,569	363	15,2186	
364	42,4166	364	42,1305	364	28,3312	364	30,5483	364	15,2296	
365	42,334	365	42,1063	365	28,3176	365	30,5403	365	15,2329	
366	42,2625	366	42,0448	366	28,2995	366	30,5237	366	15,2193	
367	41,9581	367	42,0637	367	28,2932	367	30,5052	367	15,2716	
368	41,9421	368	42,0214	368	28,2984	368	30,4737	368	15,2721	
369	41,942	369	41,9872	369	28,2784	369	30,4749	369	15,248	
370	42,0793	370	41,9084	370	28,2146	370	30,4771	370	15,2293	
371	42,1507	371	41,8749	371	28,1826	371	30,3807	371	15,2331	
372	42,2059	372	41,8342	372	28,1456	372	30,3659	372	15,23	
373	42,2286	373	41,8329	373	28,1994	373	30,3984	373	15,2396	
374	42,2485	374	41,8138	374	28,1546	374	30,3989	374	15,2524	
375	41,6387	375	41,7715	375	28,1	375	30,3256	375	15,2186	
376	42,0354	376	41,7612	376	28,0472	376	30,3325	376	15,2438	
377	41,9614	377	41,7355	377	28,0249	377	30,2825	377	15,2098	
378	41,9506	378	41,7326	378	28,0451	378	30,2867	378	15,2264	
379	41,9066	379	41,7109	379	28,1215	379	30,253	379	15,2037	
380	41,9926	380	41,6472	380	28,0707	380	30,2206	380	15,2009	
381	42,0143	381	41,6058	381	28,0551	381	30,2112	381	15,1899	
382	42,2041	382	41,5532	382	28,0024	382	30,2018	382	15,1999	
383	42,5453	383	41,5222	383	28,0205	383	30,1517	383	15,2172	
384	42,5877	384	41,4704	384	27,9906	384	30,1196	384	15,1771	
385	42,6098	385	41,4164	385	27,9232	385	30,1247	385	15,1918	
386	42,5353	386	41,396	386	27,9996	386	30,1281	386	15,1943	
387	42,574	387	41,3654	387	28,0044	387	30,1023	387	15,2115	
388	42,0448	388	41,2883	388	27,9678	388	30,0592	388	15,2021	
389	41,6562	389	41,2273	389	27,8618	389	30,0328	389	15,1773	
390	41,7367	390	41,2279	390	27,9368	390	30,0151	390	15,1865	
391	41,686	391	41,1264	391	27,8119	391	29,9722	391	15,1483	
392	41,8055	392	41,0939	392	27,7574	392	29,9432	392	15,1447	
393	41,9042	393	41,1094	393	27,8423	393	29,9448	393	15,16	
394	41,4016	394	41,081	394	27,8221	394	29,8968	394	15,1391	
395	41,2654	395	41,0263	395	27,7431	395	29,8739	395	15,1426	
396	41,239	396	40,9729	396	27,7743	396	29,8322	396	15,1151	
397	41,1609	397	40,9596	397	27,694	397	29,847	397	15,1444	
398	41,1662	398	40,9268	398	27,6876	398	29,8416	398	15,1579	
399	41,2606	399	40,8716	399	27,6684	399	29,8041	399	15,1414	
400	41,341	400	40,8141	400	27,7054	400	29,7959	400	15,134	
401	41,2707	401	40,749	401	27,5854	401	29,741	401	15,1023	
402	41,2468	402	40,6869	402	27,6634	402	29,7126	402	15,0906	
403	41,2696	403	40,6521	403	27,6353	403	29,7245	403	15,1265	
404	41,1399	404	40,6097	404	27,6032	404	29,6609	404	15,1074	
405	41,0557	405	40,5748	405	27,5546	405	29,6181	405	15,0921	
406	40,9945	406	40,56	406	27,5223	406	29,6009	406	15,1071	
407	41,0814	407	40,5645	407	27,498	407	29,6101	407	15,0968	
408	41,2061	408	40,5223	408	27,509	408	29,5524	408	15,0832	
409	41,2808	409	40,5094	409	27,4376	409	29,5554	409	15,0953	
410	41,3173	410	40,4267	410	27,3882	410	29,4756	410	15,0859	
411	41,1952	411	40,3978	411	27,392	411	29,4558	411	15,0712	
412	41,0596	412	40,3562	412	27,4036	412	29,4396	412	15,0714	
413	40,7831	413	40,332	413	27,4121	413	29,4166	413	15,0543	
414	40,6896	414	40,2993	414	27,4154	414	29,378	414	15,0543	
415	40,657	415	40,3124	415	27,3937	415	29,4218	415	15,0876	
416	40,6325	416	40,2832	416	27,2991	416	29,4003	416	15,063	
417	40,6668	417	40,2288	417	27,2445	417	29,3397	417	15,0526	
418	40,5152	418	40,2119	418	27,2963	418	29,3184	418	15,0268	
419	40,4198	419	40,1986	419	27,254	419	29,3092	419	15,0313	
420	40,3718	420	40,1599	420	27,2761	420	29,2804	420	15,0412	
421	40,366	421	40,1193	421	27,2765	421	29,2888	421	15,0287	
422	40,5045	422	40,0882	422	27,2564	422	29,2405	422	15,0313	
423	40,4338	423	40,0779	423	27,2512	423	29,2513	423	15,0365	
424	40,3823	424	40,0364	424	27,2224	424	29,2489	424	15,016	
425	40,4145	425	40,0196	425	27,2092	425	29,2334	425	15,0193	
426	40,3192	426	40,0186	426	27,2251	426	29,2149	426	15,0602	
427	40,1098	427	39,9463	427	27,085	427	29,1574	427	15,0205	
428	40,0636	428	39,9638	428	27,1461	428	29,1601	428	15,0222	
429	39,9516	429	39,931	429	27,1501	429	29,1137	429	14,9924	
430	40,0335	430	39,8652	430	27,1255	430	29,0878	430	15,0077	
431	39,7352	431	39,8395	431	27,0552	431	29,0519	431	14,9947	
432	39,7122	432	39,833	432	27,0651	432	29,0322	432	14,9947	
433	39,9598	433	39,8179	433	27,064	433	29,0325	433	14,9879	
434	40,0748	434	39,8021	434	27,0593	434	29,0457	434	15,0013	
435	40,1176	435	39,7925	435	27,0322	435	29,003	435	14,9543	
436	40,294	436	39,7561	436	27,0476	436	28,9403	436	14,958	
437	40,0889	437	39,7255	437	26,9964	437	28,9744	437	14,9972	
438	40,145	438	39,6536	438	27,0509	438	28,9333	438	14,9223	
439	40,0124	439	39,6373	439	27,0104	439	28,9582	439	14,9675	
440	39,9229	440	39,5876	440	26,9893	440	28,9513	440	14,9806	
441	39,8288	441	39,4991	441	27,0352	441	28,8907	441	14,974	
442	39,8505	442	39,499	442	26,9808	442	28,9324	442	14,9829	
443	39,8212	443	39,4585	443	26,9583	443	28,8662	443	14,9668	
444	39,7352	444	39,4256	444	26,9424	444	28,84	444	14,9612	
445	39,6103	445	39,4249	445	26,8681	445	28,8322	445	14,9424	
446	39,4735	446	39,3477	446	26,8834	446	28,8027	446	14,9664	
447	39,4212	447	39,2871	447	26,8999	447	28,7632	447	14,9288	
448	39,4686	448	39,2916	448	26,8201	448	28,7438	448	14,9848	
449	39,2822	449	39,2447	449	26,8414	449	28,7533	449	14,9421	
450	39,6297	450	39,2399	450	26,7918	450	28,7099	450	14,954	
451	39,8668	451	39,2173	451	26,8075	451	28,7172	451	14,9565	
452	39,76	452	39,1667	452	26,7729	452	28,6538	452	14,9529	
453	39,7049	453	39,1392	453	26,7295	453	28,6642	453	14,9477	
454	39,5391	454	39,0814	454	26,68	454	28,6261	454	14,9344	
455	39,6561	455	39,0308	455	26,6967	455	28,6027	455	14,9474	
456	39,7079	456	39,027	456	26,7947	456	28,6333	456	14,9707	
457	39,6358	457	39,0246	457	26,772	457	28,5574	457	14,9463	
458	39,6105	458	38,9904	458	26,6573	458	28,554	458	14,9286	
459	39,4797	459	39,0141	459	26,6213	459	28,5402	459	14,9675	
460	39,4971	460	38,9401	460	26,5927	460	28,5122	460	14,9387	
461	39,6603	461	38,921	461	26,6017	461	28,4801	461	14,9391	
462	39,7852	462	38,8738	462	26,6002	462	28,4528	462	14,9186	
463	39,3654	463	38,8124	463	26,6108	463	28,4666	463	14,9402	
464	39,1751	464	38,7662	464	26,6414	464	28,4058	464	14,9463	
465	39,1561	465	38,6855	465	26,5267	465	28,3567	465	14,9281	
466	39,1327	466	38,6452	466	26,4133	466	28,3024	466	14,9147	
467	39,116	467	38,6291	467	26,4795	467	28,2993	467	14,953	
468	39,1868	468	38,568	468	26,4409	468	28,2589	468	14,9378	
469	39,1394	469	38,5169	469	26,4482	469	28,2402	469	14,9198	
470	38,872	470	38,507	470	26,4019	470	28,1978	470	14,9546	
471	38,8532	471	38,4898	471	26,3515	471	28,1729	471	14,9618	
472	38,8178	472	38,4534	472	26,3424	472	28,1243	472	14,934	
473	38,6989	473	38,4506	473	26,3146	473	28,0673	473	14,946	
474	38,5037	474	38,4148	474	26,2878	474	28,0994	474	14,9499	
475	38,3884	475	38,4091	475	26,2773	475	28,0456	475	14,9527	
476	38,4784	476	38,3595	476	26,2466	476	27,9815	476	14,9407	
477	38,3905	477	38,3387	477	26,2137	477	27,96	477	14,937	
478	38,444	478	38,305	478	26,2212	478	27,9114	478	14,9731	
479	38,4132	479	38,2687	479	26,31	479	27,8936	479	14,9508	
480	38,5064	480	38,239	480	26,2365	480	27,881	480	14,951	
481	38,1588	481	38,2252	481	26,1947	481	27,8779	481	14,984	
482	38,0649	482	38,1859	482	26,2215	482	27,8712	482	14,9825	
483	37,8246	483	38,1672	483	26,1709	483	27,7995	483	14,9524	
484	37,9937	484	38,1619	484	26,1325	484	27,8012	484	14,9832	
485	38,2086	485	38,128	485	26,0935	485	27,7689	485	14,9801	
486	38,2732	486	38,0983	486	26,131	486	27,7917	486	15,0055	
487	38,2411	487	38,095	487	26,0022	487	27,7248	487	14,9536	
488	38,3784	488	38,0678	488	26,0011	488	27,7435	488	14,9782	
489	38,249	489	38,0499	489	26,05	489	27,7447	489	14,9799	
490	38,2475	490	38,0538	490	26,0138	490	27,7251	490	14,9653	
491	38,2699	491	38,016	491	26,0294	491	27,7138	491	14,9463	
492	38,5049	492	37,9538	492	25,9627	492	27,6831	492	14,92	
493	38,7151	493	38,0093	493	26,0131	493	27,7145	493	14,9942	
494	38,6485	494	37,9458	494	26,0009	494	27,6679	494	14,9541	
495	38,7132	495	37,9461	495	25,9714	495	27,6828	495	14,9649	
496	38,8565	496	37,9162	496	26,0243	496	27,6974	496	14,9787	
497	38,5894	497	37,8479	497	25,9708	497	27,6736	497	15	
498	38,3839	498	37,798	498	25,9882	498	27,6553	498	15,001	
499	38,5647	499	37,7247	499	25,9817	499	27,6087	499	15,0038	
500	38,4913	500	37,6462	500	25,9377	500	27,5977	500	14,9871	
501	38,4108	501	37,6401	501	25,974	501	27,5897	501	15,0104	
502	38,4798	502	37,5548	502	25,8665	502	27,5422	502	14,9896	
503	38,3457	503	37,5444	503	25,8881	503	27,5307	503	14,9999	
504	38,0518	504	37,4986	504	25,8814	504	27,4675	504	14,9865	
505	37,6357	505	37,4776	505	25,8672	505	27,4543	505	15,0246	
506	37,5572	506	37,4671	506	25,817	506	27,4377	506	15,0196	
507	37,5065	507	37,4248	507	25,7828	507	27,4256	507	15,0604	
508	37,5538	508	37,389	508	25,7937	508	27,3781	508	15,0352	
509	37,3258	509	37,352	509	25,6832	509	27,3601	509	15,0432	
510	37,3755	510	37,3401	510	25,7193	510	27,3613	510	15,0354	
511	37,3528	511	37,3014	511	25,7401	511	27,3524	511	15,0378	
512	37,4763	512	37,2707	512	25,7799	512	27,3143	512	15,0365	
513	37,6301	513	37,2516	513	25,6181	513	27,288	513	15,0409	
514	37,7349	514	37,2333	514	25,6439	514	27,262	514	15,045	
515	37,8551	515	37,2378	515	25,6763	515	27,2878	515	15,0434	
516	37,7611	516	37,2123	516	25,701	516	27,2577	516	15,0726	
517	37,6263	517	37,1758	517	25,785	517	27,2601	517	15,0579	
518	37,4834	518	37,109	518	25,6188	518	27,2506	518	15,024	
519	37,4705	519	37,1104	519	25,6453	519	27,2219	519	15,0769	
520	37,402	520	37,1068	520	25,6195	520	27,2649	520	15,0894	
521	37,3773	521	37,084	521	25,729	521	27,2362	521	15,0842	
522	37,4792	522	37,0451	522	25,6599	522	27,2186	522	15,085	
523	37,4558	523	37,0033	523	25,6323	523	27,2089	523	15,0872	
524	37,418	524	36,9687	524	25,6626	524	27,1996	524	15,0872	
525	37,7249	525	36,9592	525	25,6335	525	27,1795	525	15,1046	
526	37,6904	526	36,8836	526	25,6573	526	27,133	526	15,0595	
527	37,8507	527	36,8701	527	25,5384	527	27,133	527	15,0805	
528	37,6299	528	36,8361	528	25,5771	528	27,1312	528	15,0939	
529	37,4206	529	36,8468	529	25,5752	529	27,1038	529	15,101	
530	37,3029	530	36,8378	530	25,611	530	27,1071	530	15,1023	
531	37,2939	531	36,7679	531	25,5342	531	27,1006	531	15,1091	
532	37,1118	532	36,8067	532	25,6055	532	27,0761	532	15,1349	
533	37,0412	533	36,7674	533	25,5238	533	27,068	533	15,1325	
534	36,9498	534	36,6475	534	25,4659	534	27,0606	534	15,0935	
535	36,8986	535	36,6255	535	25,4776	535	27,0488	535	15,1321	
536	36,8671	536	36,555	536	25,3445	536	27,005	536	15,1122	
537	36,8768	537	36,5232	537	25,4234	537	26,9829	537	15,1022	
538	36,8674	538	36,5018	538	25,3814	538	26,9494	538	15,136	
539	36,8189	539	36,4803	539	25,4325	539	26,9613	539	15,1118	
540	36,7735	540	36,481	540	25,4596	540	26,9596	540	15,1487	
541	36,7567	541	36,4211	541	25,4175	541	26,927	541	15,1333	
542	36,7015	542	36,3757	542	25,3891	542	26,86	542	15,1047	
543	36,6476	543	36,3588	543	25,3574	543	26,8783	543	15,127	
544	36,6287	544	36,3566	544	25,3953	544	26,8214	544	15,141	
545	36,4516	545	36,3409	545	25,3487	545	26,8663	545	15,1326	
546	36,0441	546	36,2799	546	25,3537	546	26,8166	546	15,1347	
547	36,3142	547	36,2298	547	25,2795	547	26,8123	547	15,1261	
548	36,4902	548	36,2173	548	25,229	548	26,7723	548	15,1152	
549	36,5221	549	36,214	549	25,2772	549	26,7591	549	15,1381	
550	36,5087	550	36,2263	550	25,3037	550	26,7889	550	15,1453	
551	36,6682	551	36,1456	551	25,2832	551	26,7528	551	15,1294	
552	36,5516	552	36,1391	552	25,2114	552	26,7193	552	15,146	
553	36,0407	553	36,0895	553	25,1632	553	26,6754	553	15,1389	
554	36,1448	554	36,0884	554	25,275	554	26,6947	554	15,1654	
555	36,0648	555	36,0254	555	25,1429	555	26,6315	555	15,1383	
556	36,0541	556	36,0337	556	25,1673	556	26,6502	556	15,1648	
557	36,1585	557	35,9972	557	25,207	557	26,6267	557	15,1587	
558	36,0117	558	35,9923	558	25,1708	558	26,6151	558	15,1551	
559	36,1932	559	35,905	559	25,1038	559	26,5506	559	15,1061	
560	36,2214	560	35,8974	560	25,1831	560	26,5599	560	15,1732	
561	36,2225	561	35,8646	561	25,0985	561	26,5905	561	15,1783	
562	36,3031	562	35,8298	562	25,1196	562	26,5361	562	15,1515	
563	36,2607	563	35,7916	563	25,072	563	26,5046	563	15,1335	
564	36,069	564	35,7982	564	25,0663	564	26,5028	564	15,1426	
565	35,8917	565	35,7466	565	25,1012	565	26,4984	565	15,1573	
566	35,896	566	35,7336	566	25,0054	566	26,4687	566	15,1783	
567	35,876	567	35,7358	567	25,0468	567	26,4677	567	15,1563	
568	35,934	568	35,6635	568	24,9936	568	26,4334	568	15,1359	
569	35,8951	569	35,6755	569	25,026	569	26,4564	569	15,173	
570	35,8867	570	35,627	570	24,9539	570	26,3961	570	15,1607	
571	35,9978	571	35,5995	571	24,937	571	26,4024	571	15,1556	
572	36,1262	572	35,5592	572	24,9421	572	26,3773	572	15,1603	
573	36,094	573	35,5263	573	24,9448	573	26,3804	573	15,1715	
574	36,0399	574	35,5215	574	24,9154	574	26,3713	574	15,1804	
575	35,9239	575	35,4932	575	24,8972	575	26,3456	575	15,1588	
576	35,6748	576	35,4739	576	24,9046	576	26,3176	576	15,1534	
577	35,5944	577	35,4245	577	24,85	577	26,2796	577	15,1546	
578	35,6304	578	35,4376	578	24,8665	578	26,323	578	15,194	
579	35,6714	579	35,4121	579	24,9051	579	26,2591	579	15,1753	
580	35,735	580	35,4267	580	24,8574	580	26,2662	580	15,1768	
581	35,6859	581	35,3741	581	24,8406	581	26,2387	581	15,1499	
582	35,6855	582	35,3474	582	24,8487	582	26,2415	582	15,1475	
583	35,7318	583	35,338	583	24,8708	583	26,232	583	15,1717	
584	35,8042	584	35,2865	584	24,8528	584	26,2121	584	15,1507	
585	35,6962	585	35,2953	585	24,8187	585	26,2309	585	15,174	
586	35,6223	586	35,2295	586	24,756	586	26,2226	586	15,2065	
587	35,3677	587	35,1886	587	24,8263	587	26,1781	587	15,1478	
588	35,441	588	35,1831	588	24,8268	588	26,1838	588	15,1545	
589	35,3876	589	35,1582	589	24,7824	589	26,1522	589	15,174	
590	35,3994	590	35,127	590	24,7726	590	26,1282	590	15,1746	
591	35,5556	591	35,1169	591	24,7968	591	26,126	591	15,1738	
592	35,5951	592	35,0696	592	24,7728	592	26,1241	592	15,211	
593	35,5709	593	35,044	593	24,7403	593	26,1172	593	15,202	
594	35,4161	594	34,9963	594	24,7232	594	26,069	594	15,1592	
595	35,4854	595	34,9829	595	24,7202	595	26,0669	595	15,1651	
596	35,4759	596	34,9652	596	24,7118	596	26,0505	596	15,1657	
597	35,4896	597	34,9314	597	24,7244	597	26,0579	597	15,1603	
598	35,3403	598	34,8913	598	24,6981	598	26,0217	598	15,1633	
599	35,1781	599	34,8363	599	24,6988	599	25,9648	599	15,1488	
600	35,1241	600	34,8583	600	24,5991	600	25,9715	600	15,1598	
601	35,0989	601	34,8107	601	24,5982	601	25,9531	601	15,1632	
602	34,998	602	34,7979	602	24,5494	602	25,9346	602	15,1487	
603	35,0201	603	34,7559	603	24,6346	603	25,9342	603	15,1684	
604	34,9639	604	34,7228	604	24,5861	604	25,9132	604	15,1547	
605	35,0609	605	34,6743	605	24,5674	605	25,9242	605	15,1725	
606	35,045	606	34,6597	606	24,5848	606	25,8651	606	15,1834	
607	34,8834	607	34,6082	607	24,5384	607	25,9023	607	15,1376	
608	34,8276	608	34,574	608	24,4982	608	25,8575	608	15,1581	
609	34,8694	609	34,5915	609	24,4993	609	25,8449	609	15,1907	
610	34,9514	610	34,5538	610	24,4788	610	25,7772	610	15,1552	
611	35,0639	611	34,5986	611	24,5032	611	25,7686	611	15,1794	
612	35,0258	612	34,5484	612	24,4634	612	25,7887	612	15,1687	
613	35,1297	613	34,5268	613	24,4907	613	25,7858	613	15,1744	
614	35,1401	614	34,4889	614	24,4662	614	25,7637	614	15,1488	
615	34,8647	615	34,4602	615	24,4074	615	25,7645	615	15,1724	
616	34,6659	616	34,4468	616	24,3995	616	25,7495	616	15,1673	
617	34,6984	617	34,4284	617	24,4713	617	25,7325	617	15,1567	
618	34,432	618	34,3761	618	24,3538	618	25,71	618	15,1526	
619	34,5873	619	34,3368	619	24,3745	619	25,6821	619	15,1564	
620	34,4665	620	34,3322	620	24,4342	620	25,7039	620	15,1851	
621	34,3693	621	34,283	621	24,3959	621	25,6462	621	15,1741	
622	34,4688	622	34,2257	622	24,296	622	25,6229	622	15,1291	
623	34,461	623	34,2129	623	24,3375	623	25,612	623	15,1328	
624	34,4139	624	34,2318	624	24,3466	624	25,63	624	15,1739	
625	34,4102	625	34,2152	625	24,2981	625	25,6076	625	15,1684	
626	34,3845	626	34,1745	626	24,2661	626	25,5591	626	15,1552	
627	34,348	627	34,1995	627	24,2733	627	25,5857	627	15,1858	
628	34,3399	628	34,1629	628	24,2128	628	25,5663	628	15,172	
629	34,3231	629	34,1396	629	24,2635	629	25,5381	629	15,1564	
630	34,2944	630	34,123	630	24,2273	630	25,5393	630	15,1666	
631	34,0516	631	34,1079	631	24,2735	631	25,498	631	15,1579	
632	33,9353	632	34,0694	632	24,2658	632	25,5041	632	15,1773	
633	34,1376	633	34,0545	633	24,2646	633	25,5014	633	15,1694	
634	34,3617	634	34,0124	634	24,2627	634	25,4972	634	15,1532	
635	34,3767	635	33,9935	635	24,1812	635	25,4526	635	15,1321	
636	34,2769	636	33,9398	636	24,1383	636	25,4324	636	15,1479	
637	34,274	637	33,9014	637	24,1228	637	25,4258	637	15,1537	
638	33,8823	638	33,8991	638	24,1474	638	25,4165	638	15,1471	
639	34,1549	639	33,902	639	24,1475	639	25,4208	639	15,1633	
640	34,0785	640	33,8499	640	24,0878	640	25,3702	640	15,1385	
641	34,2934	641	33,8469	641	24,1027	641	25,3544	641	15,1497	
642	34,2703	642	33,8028	642	24,089	642	25,2953	642	15,1606	
643	34,4105	643	33,7835	643	24,0303	643	25,2707	643	15,1339	
644	34,4108	644	33,7873	644	24,0941	644	25,2745	644	15,1544	
645	34,4377	645	33,7493	645	24,0747	645	25,2362	645	15,1453	
646	34,1716	646	33,7244	646	23,9952	646	25,2404	646	15,1486	
647	33,8896	647	33,6825	647	24,0276	647	25,2425	647	15,1445	
648	33,8775	648	33,6787	648	24,0389	648	25,2306	648	15,1464	
649	33,8398	649	33,6527	649	23,9474	649	25,1468	649	15,1304	
650	33,8996	650	33,6043	650	23,9326	650	25,1301	650	15,1112	
651	33,9971	651	33,5992	651	23,9389	651	25,1378	651	15,1266	
652	34,0403	652	33,5535	652	23,9003	652	25,1205	652	15,1339	
653	34,0152	653	33,5099	653	23,8559	653	25,0979	653	15,123	
654	34,0387	654	33,5012	654	23,8967	654	25,1051	654	15,1351	
655	34,085	655	33,4713	655	23,9058	655	25,0986	655	15,1352	
656	34,3782	656	33,4266	656	23,8735	656	25,0791	656	15,1321	
657	34,3537	657	33,3645	657	23,8438	657	25,0079	657	15,1066	
658	34,3398	658	33,3639	658	23,8376	658	25,0409	658	15,1403	
659	34,0646	659	33,3887	659	23,8635	659	25,0063	659	15,1169	
660	33,8728	660	33,3308	660	23,8492	660	25,017	660	15,1	
661	33,8553	661	33,291	661	23,8425	661	24,9854	661	15,1105	
662	33,7138	662	33,2835	662	23,8085	662	24,9811	662	15,1405	
663	33,6572	663	33,1923	663	23,7487	663	24,9001	663	15,0984	
664	33,6176	664	33,2515	664	23,7805	664	24,9867	664	15,1533	
665	33,6254	665	33,1854	665	23,7214	665	24,9234	665	15,1075	
666	33,7267	666	33,2127	666	23,8312	666	24,9141	666	15,1239	
667	33,9567	667	33,1797	667	23,7747	667	24,8935	667	15,1127	
668	34,0028	668	33,1883	668	23,7233	668	24,8606	668	15,1048	
669	34,1052	669	33,1749	669	23,7075	669	24,8622	669	15,1102	
670	33,9402	670	33,1394	670	23,6858	670	24,8467	670	15,086	
671	33,5954	671	33,1786	671	23,7178	671	24,8948	671	15,1311	
672	33,3414	672	33,1157	672	23,6827	672	24,8597	672	15,1029	
673	33,283	673	33,0735	673	23,7059	673	24,8521	673	15,1119	
674	33,3064	674	33,0469	674	23,6223	674	24,8324	674	15,1087	
675	33,2797	675	32,9636	675	23,6551	675	24,8213	675	15,0908	
676	33,3017	676	32,9393	676	23,6415	676	24,7618	676	15,078	
677	33,3294	677	32,9262	677	23,5814	677	24,7869	677	15,05	
678	33,3311	678	32,8721	678	23,611	678	24,73	678	15,0574	
679	33,3213	679	32,8649	679	23,5891	679	24,7435	679	15,0896	
680	33,3758	680	32,8338	680	23,6083	680	24,7259	680	15,0785	
681	33,2277	681	32,7985	681	23,5141	681	24,6823	681	15,0726	
682	33,1148	682	32,8113	682	23,5336	682	24,6905	682	15,0761	
683	33,0132	683	32,81	683	23,6199	683	24,6646	683	15,0877	
684	32,9645	684	32,7264	684	23,5544	684	24,6564	684	15,029	
685	33,0393	685	32,7488	685	23,5756	685	24,6975	685	15,0922	
686	33,022	686	32,7402	686	23,5253	686	24,6283	686	15,064	
687	32,9005	687	32,7341	687	23,5442	687	24,633	687	15,0597	
688	32,9439	688	32,7	688	23,462	688	24,5826	688	15,0226	
689	33,002	689	32,6982	689	23,4237	689	24,5835	689	15,0331	
690	33,0635	690	32,6605	690	23,4974	690	24,5815	690	15,0434	
691	32,9727	691	32,6664	691	23,3856	691	24,5695	691	15,0333	
692	32,9874	692	32,6243	692	23,4448	692	24,5611	692	15,0224	
693	32,9792	693	32,5288	693	23,3489	693	24,5183	693	14,9807	
694	32,9932	694	32,5355	694	23,3638	694	24,5392	694	15,0061	
695	32,8593	695	32,5037	695	23,4069	695	24,492	695	15,0004	
696	32,7913	696	32,5124	696	23,3674	696	24,5126	696	14,9978	
697	32,7515	697	32,4738	697	23,3985	697	24,452	697	14,983	
698	32,7314	698	32,4895	698	23,3694	698	24,4754	698	15,0027	
699	32,7595	699	32,4498	699	23,3237	699	24,4463	699	14,9819	
700	32,73	700	32,4344	700	23,3602	700	24,4369	700	14,9543	
701	32,611	701	32,3789	701	23,2895	701	24,3885	701	14,9742	
702	32,6508	702	32,3334	702	23,29	702	24,422	702	14,9318	
703	32,6183	703	32,3261	703	23,2339	703	24,3532	703	14,9568	
704	32,6378	704	32,3033	704	23,2228	704	24,3705	704	14,9394	
705	32,6351	705	32,2633	705	23,2008	705	24,3146	705	14,903	
706	32,6796	706	32,2495	706	23,2149	706	24,3186	706	14,9186	
707	32,4911	707	32,2179	707	23,2218	707	24,318	707	14,9051	
708	32,4243	708	32,2262	708	23,2084	708	24,2787	708	14,8949	
709	32,5418	709	32,2357	709	23,1991	709	24,2708	709	14,8879	
710	32,7159	710	32,1828	710	23,1595	710	24,2245	710	14,849	
711	32,7819	711	32,1736	711	23,1251	711	24,2242	711	14,8724	
712	32,8893	712	32,1529	712	23,1752	712	24,2114	712	14,871	
713	32,7109	713	32,0873	713	23,1322	713	24,2039	713	14,8487	
714	32,4557	714	32,0819	714	23,168	714	24,2085	714	14,8447	
715	32,424	715	32,0627	715	23,1202	715	24,2109	715	14,8538	
716	32,4008	716	32,0479	716	23,0693	716	24,1912	716	14,8263	
717	32,4366	717	32,0049	717	23,086	717	24,1233	717	14,8241	
718	32,1977	718	32,0212	718	23,0485	718	24,1297	718	14,8416	
719	31,9511	719	32,0102	719	23,0152	719	24,1097	719	14,8357	
720	32,1568	720	31,9963	720	23,0173	720	24,0934	720	14,824	
721	32,1564	721	31,964	721	23,0335	721	24,0769	721	14,8055	
722	32,0824	722	31,9435	722	22,9649	722	24,0675	722	14,8094	
723	32,1408	723	31,8973	723	22,9842	723	24,0603	723	14,8073	
724	32,1248	724	31,8638	724	22,9939	724	24,0436	724	14,7991	
725	32,0408	725	31,8655	725	22,9417	725	24,0202	725	14,8022	
726	32,0312	726	31,7968	726	22,9008	726	24,003	726	14,7615	
727	31,9879	727	31,8205	727	22,9413	727	23,999	727	14,7618	
728	31,9123	728	31,7658	728	22,9344	728	23,9509	728	14,7434	
729	31,8521	729	31,7678	729	22,9265	729	23,9653	729	14,7355	
730	31,8882	730	31,7396	730	22,9426	730	23,9251	730	14,7559	
731	31,4406	731	31,716	731	22,9026	731	23,9155	731	14,7186	
732	31,591	732	31,7227	732	22,8573	732	23,8863	732	14,7459	
733	31,928	733	31,6959	733	22,8913	733	23,906	733	14,7415	
734	31,6932	734	31,6466	734	22,8142	734	23,8465	734	14,6796	
735	31,9624	735	31,6605	735	22,8287	735	23,8648	735	14,7128	
736	32,0016	736	31,6443	736	22,7788	736	23,8338	736	14,714	
737	31,9395	737	31,6445	737	22,7889	737	23,8183	737	14,6917	
738	31,7916	738	31,6008	738	22,7467	738	23,841	738	14,6774	
739	31,7304	739	31,5645	739	22,7314	739	23,7804	739	14,6763	
740	31,7787	740	31,5449	740	22,7652	740	23,7706	740	14,6679	
741	31,8751	741	31,5158	741	22,7453	741	23,7767	741	14,6584	
742	31,9462	742	31,504	742	22,6799	742	23,7398	742	14,6406	
743	32,0577	743	31,4864	743	22,7071	743	23,7343	743	14,649	
744	32,0742	744	31,4532	744	22,6235	744	23,7042	744	14,6477	
745	32,0156	745	31,4198	745	22,6665	745	23,6852	745	14,6343	
746	31,9649	746	31,4065	746	22,6748	746	23,6988	746	14,6556	
747	31,8974	747	31,3752	747	22,6097	747	23,6511	747	14,609	
748	31,8906	748	31,3781	748	22,6547	748	23,6871	748	14,6205	
749	31,5814	749	31,3331	749	22,571	749	23,6414	749	14,593	
750	31,5374	750	31,355	750	22,6035	750	23,6256	750	14,6076	
751	31,4514	751	31,3493	751	22,6034	751	23,6388	751	14,6194	
752	31,4393	752	31,2645	752	22,5923	752	23,6096	752	14,6192	
753	31,4446	753	31,203	753	22,5199	753	23,6007	753	14,5844	
754	31,2974	754	31,1565	754	22,544	754	23,5207	754	14,552	
755	31,2889	755	31,17	755	22,5921	755	23,5849	755	14,6047	
756	31,3124	756	31,1427	756	22,585	756	23,53	756	14,5695	
757	31,2215	757	31,146	757	22,5949	757	23,53	757	14,6032	
758	31,2297	758	31,1331	758	22,5014	758	23,5047	758	14,593	
759	31,274	759	31,1175	759	22,445	759	23,5051	759	14,5939	
760	31,1959	760	31,0804	760	22,4422	760	23,4644	760	14,5629	
761	31,2115	761	31,0766	761	22,4857	761	23,4535	761	14,5848	
762	31,3433	762	31,0593	762	22,5024	762	23,429	762	14,5701	
763	31,271	763	31,0284	763	22,4443	763	23,4386	763	14,5688	
764	31,3323	764	31,0274	764	22,4011	764	23,4285	764	14,5597	
765	31,1622	765	30,9778	765	22,4013	765	23,3881	765	14,5352	
766	31,1037	766	30,9855	766	22,4327	766	23,3925	766	14,5587	
767	31,3857	767	30,9707	767	22,368	767	23,3946	767	14,5441	
768	31,468	768	30,9786	768	22,3595	768	23,3865	768	14,5378	
769	31,5761	769	30,9404	769	22,3191	769	23,3253	769	14,5148	
770	31,5892	770	30,9177	770	22,3313	770	23,347	770	14,5256	
771	31,6733	771	30,898	771	22,3346	771	23,365	771	14,5256	
772	31,5617	772	30,9154	772	22,4004	772	23,3584	772	14,5424	
773	31,6251	773	30,8537	773	22,3093	773	23,3132	773	14,5064	
774	31,3883	774	30,8644	774	22,3386	774	23,3131	774	14,5168	
775	31,2341	775	30,7965	775	22,3677	775	23,2618	775	14,4985	
776	31,0825	776	30,7715	776	22,2866	776	23,2697	776	14,484	
777	31,076	777	30,7655	777	22,2796	777	23,2575	777	14,4913	
778	31,0335	778	30,734	778	22,2933	778	23,2627	778	14,4908	
779	31,0528	779	30,7229	779	22,231	779	23,2099	779	14,4762	
780	31,1017	780	30,7358	780	22,2601	780	23,2229	780	14,4989	
781	31,1003	781	30,6837	781	22,2408	781	23,197	781	14,478	
782	31,0688	782	30,6934	782	22,2401	782	23,193	782	14,492	
783	31,0492	783	30,6323	783	22,2012	783	23,1717	783	14,4739	
784	30,9867	784	30,6143	784	22,1869	784	23,172	784	14,4743	
785	30,8478	785	30,5883	785	22,2422	785	23,1804	785	14,4698	
786	30,4976	786	30,5258	786	22,2189	786	23,1463	786	14,4765	
787	30,5934	787	30,4894	787	22,2368	787	23,1376	787	14,4672	
788	30,6488	788	30,4566	788	22,1369	788	23,1301	788	14,4811	
789	30,638	789	30,3906	789	22,1405	789	23,0769	789	14,439	
790	30,5657	790	30,3494	790	22,1387	790	23,0377	790	14,4458	
791	30,701	791	30,3203	791	22,0266	791	23,0203	791	14,4297	
792	30,7123	792	30,3885	792	22,1023	792	23,0217	792	14,4702	
793	30,7069	793	30,358	793	22,1128	793	23,0459	793	14,4698	
794	30,7028	794	30,312	794	21,9793	794	23,0015	794	14,4303	
795	30,7606	795	30,2648	795	22,0336	795	22,9279	795	14,4267	
796	30,8265	796	30,2903	796	22,0186	796	22,9413	796	14,4164	
797	30,7721	797	30,2826	797	22,0392	797	22,944	797	14,421	
798	30,7586	798	30,2637	798	22,022	798	22,9041	798	14,4123	
799	30,7697	799	30,2525	799	21,97	799	22,9326	799	14,4329	
800	30,7	800	30,2279	800	21,94	800	22,8757	800	14,3941	
801	30,6076	801	30,2563	801	22,0416	801	22,9449	801	14,4358	
802	30,7403	802	30,1796	802	21,9814	802	22,864	802	14,3909	
803	30,7345	803	30,1781	803	21,9501	803	22,8734	803	14,418	
804	30,433	804	30,1455	804	21,9556	804	22,8353	804	14,3945	
805	30,318	805	30,1479	805	21,8879	805	22,8756	805	14,3945	
806	30,2927	806	30,1433	806	21,949	806	22,8387	806	14,4184	
807	30,3731	807	30,132	807	21,9448	807	22,9069	807	14,4108	
808	30,69	808	30,1048	808	21,9325	808	22,844	808	14,3894	
809	30,6287	809	30,1315	809	21,8756	809	22,8269	809	14,4127	
810	30,2981	810	30,0551	810	21,8583	810	22,7978	810	14,4001	
811	30,2815	811	30,0431	811	21,8353	811	22,7966	811	14,3903	
812	30,2447	812	30,0537	812	21,8616	812	22,7983	812	14,3696	
813	30,1226	813	30,0192	813	21,8188	813	22,7914	813	14,3922	
814	30,12	814	29,9719	814	21,7778	814	22,7907	814	14,3653	
815	30,1311	815	29,9563	815	21,8502	815	22,7532	815	14,3919	
816	30,1811	816	29,9449	816	21,8563	816	22,7403	816	14,4066	
817	30,1483	817	29,9189	817	21,8083	817	22,7255	817	14,4112	
818	30,1884	818	29,8955	818	21,8184	818	22,7082	818	14,3751	
819	30,1408	819	29,8556	819	21,834	819	22,7219	819	14,3808	
820	30,2039	820	29,7949	820	21,7804	820	22,6664	820	14,3636	
821	30,1992	821	29,8055	821	21,8485	821	22,7032	821	14,3878	
822	30,0996	822	29,8099	822	21,7316	822	22,6608	822	14,387	
823	29,9174	823	29,7911	823	21,7624	823	22,6849	823	14,3969	
824	29,9334	824	29,7419	824	21,7142	824	22,6344	824	14,3614	
825	29,8568	825	29,7566	825	21,7191	825	22,6435	825	14,3691	
826	29,8135	826	29,7108	826	21,6507	826	22,5884	826	14,3437	
827	29,905	827	29,659	827	21,6876	827	22,5898	827	14,3885	
828	29,934	828	29,6415	828	21,6681	828	22,5589	828	14,3498	
829	29,9953	829	29,666	829	21,6715	829	22,5713	829	14,347	
830	29,9882	830	29,6385	830	21,702	830	22,5361	830	14,3491	
831	30,0371	831	29,5892	831	21,6106	831	22,5408	831	14,3277	
832	30,1081	832	29,6019	832	21,6708	832	22,5181	832	14,352	
833	30,2269	833	29,6005	833	21,6429	833	22,5053	833	14,3625	
834	30,1833	834	29,5661	834	21,6044	834	22,4996	834	14,3524	
835	30,1328	835	29,5526	835	21,5993	835	22,4666	835	14,3388	
836	29,8235	836	29,5367	836	21,6232	836	22,4724	836	14,3594	
837	29,696	837	29,5145	837	21,6254	837	22,4722	837	14,3306	
838	29,6431	838	29,5034	838	21,6408	838	22,4303	838	14,319	
839	29,5757	839	29,4819	839	21,5883	839	22,4608	839	14,3381	
840	29,6398	840	29,4558	840	21,5725	840	22,4492	840	14,3427	
841	29,6486	841	29,4519	841	21,5496	841	22,4159	841	14,3459	
842	29,6246	842	29,4334	842	21,5276	842	22,4044	842	14,3072	
843	29,651	843	29,4332	843	21,5383	843	22,4392	843	14,3188	
844	29,6069	844	29,3689	844	21,4717	844	22,3769	844	14,3276	
845	29,6354	845	29,3621	845	21,4525	845	22,3686	845	14,3045	
846	29,6204	846	29,3328	846	21,5348	846	22,3898	846	14,3491	
847	29,5411	847	29,294	847	21,4943	847	22,3725	847	14,3442	
848	29,4769	848	29,2963	848	21,4725	848	22,3502	848	14,3532	
849	29,4021	849	29,2772	849	21,4679	849	22,3063	849	14,3095	
850	29,4255	850	29,2688	850	21,466	850	22,3234	850	14,3353	
851	29,3935	851	29,2063	851	21,4358	851	22,2909	851	14,3116	
852	29,3534	852	29,1604	852	21,4597	852	22,2669	852	14,3261	
853	29,3669	853	29,159	853	21,4242	853	22,2537	853	14,3018	
854	29,3353	854	29,1584	854	21,5298	854	22,2986	854	14,3336	
855	29,3007	855	29,1495	855	21,3976	855	22,2744	855	14,3331	
856	29,384	856	29,1097	856	21,3722	856	22,2174	856	14,2981	
857	29,3749	857	29,035	857	21,3481	857	22,2028	857	14,282	
858	29,4087	858	29,0831	858	21,3468	858	22,2412	858	14,3231	
859	29,5197	859	29,0565	859	21,4248	859	22,2273	859	14,3381	
860	29,6817	860	29,0732	860	21,4155	860	22,2204	860	14,3364	
861	29,6411	861	29,0353	861	21,4124	861	22,2272	861	14,3294	
862	29,5063	862	29,0184	862	21,3641	862	22,1927	862	14,2971	
863	29,5233	863	28,9842	863	21,2822	863	22,1564	863	14,2968	
864	29,5555	864	28,9767	864	21,3037	864	22,1593	864	14,3073	
865	29,6949	865	28,9277	865	21,3116	865	22,127	865	14,2948	
866	29,7135	866	28,9054	866	21,3508	866	22,1396	866	14,3037	
867	29,5524	867	28,8952	867	21,2647	867	22,073	867	14,3244	
868	29,3888	868	28,8549	868	21,2725	868	22,0467	868	14,2574	
869	29,1743	869	28,8927	869	21,2892	869	22,1135	869	14,319	
870	29,0816	870	28,8512	870	21,2554	870	22,0841	870	14,3198	
871	29,0561	871	28,8133	871	21,1755	871	22,0279	871	14,261	
872	29,0625	872	28,8215	872	21,2231	872	22,0495	872	14,2926	
873	29,2039	873	28,7835	873	21,2029	873	22,0468	873	14,2956	
874	29,1186	874	28,7909	874	21,2024	874	22,0751	874	14,3151	
875	28,9452	875	28,7216	875	21,1748	875	22,0025	875	14,2545	
876	29,0279	876	28,7507	876	21,2007	876	21,9825	876	14,2996	
877	29,0175	877	28,7806	877	21,2114	877	22,0296	877	14,3213	
878	28,8867	878	28,7125	878	21,1556	878	21,9607	878	14,2491	
879	28,946	879	28,7559	879	21,1984	879	22,0095	879	14,3144	
880	29,0604	880	28,7339	880	21,1445	880	21,9794	880	14,3017	
881	29,2984	881	28,6829	881	21,2007	881	21,938	881	14,2801	
882	29,0806	882	28,6476	882	21,1533	882	21,9768	882	14,2858	
883	28,8386	883	28,6349	883	21,159	883	21,9493	883	14,2691	
884	28,8226	884	28,603	884	21,0928	884	21,9211	884	14,2487	
885	28,7934	885	28,6045	885	21,1042	885	21,9297	885	14,2827	
886	28,7369	886	28,5501	886	21,0732	886	21,8859	886	14,2438	
887	28,827	887	28,565	887	21,1663	887	21,8714	887	14,2565	
888	28,9425	888	28,5255	888	21,1185	888	21,8729	888	14,237	
889	28,8778	889	28,5189	889	21,0564	889	21,9037	889	14,268	
890	28,862	890	28,4786	890	21,0505	890	21,9087	890	14,2568	
891	28,7224	891	28,4768	891	20,9946	891	21,8746	891	14,2725	
892	28,6384	892	28,4475	892	21,0272	892	21,8901	892	14,2562	
893	28,6463	893	28,4508	893	21,0983	893	21,8831	893	14,2734	
894	28,642	894	28,4148	894	21,0507	894	21,8426	894	14,2613	
895	28,599	895	28,3972	895	21,0453	895	21,8514	895	14,2439	
896	28,5557	896	28,3888	896	21,0971	896	21,8178	896	14,2502	
897	28,5681	897	28,3779	897	21,0458	897	21,8282	897	14,2649	
898	28,5001	898	28,3093	898	20,9596	898	21,7805	898	14,2484	
899	28,4612	899	28,3182	899	20,9938	899	21,79	899	14,2441	
900	28,5597	900	28,3343	900	20,9914	900	21,7909	900	14,2365	
901	28,4971	901	28,3112	901	20,9701	901	21,7909	901	14,2455	
902	28,3755	902	28,2965	902	20,9643	902	21,7553	902	14,2416	
903	28,3402	903	28,2944	903	20,9802	903	21,7295	903	14,2195	
904	28,4325	904	28,2407	904	20,928	904	21,7408	904	14,2176	
905	28,447	905	28,2435	905	20,937	905	21,7417	905	14,2552	
906	28,4479	906	28,1952	906	20,9316	906	21,7188	906	14,2178	
907	28,4587	907	28,1855	907	20,9351	907	21,7076	907	14,2003	
908	28,5821	908	28,1683	908	20,8751	908	21,6804	908	14,1972	
909	28,717	909	28,1451	909	20,8982	909	21,6684	909	14,1966	
910	28,8029	910	28,1439	910	20,9211	910	21,6368	910	14,2182	
911	28,5371	911	28,1735	911	20,83	911	21,6628	911	14,2	
912	28,3499	912	28,1223	912	20,8606	912	21,6109	912	14,1717	
913	28,2803	913	28,1364	913	20,8619	913	21,6473	913	14,2059	
914	28,2362	914	28,0802	914	20,8276	914	21,5993	914	14,1419	
915	28,2311	915	28,0915	915	20,8518	915	21,6206	915	14,1924	
916	28,3422	916	28,034	916	20,8021	916	21,5766	916	14,1705	
917	28,2849	917	28,0013	917	20,8255	917	21,5753	917	14,1164	
918	28,2747	918	28,02	918	20,8074	918	21,6018	918	14,1544	
919	28,2767	919	27,9941	919	20,8268	919	21,5757	919	14,1553	
920	28,5096	920	27,9582	920	20,7873	920	21,5495	920	14,1405	
921	28,5219	921	27,9452	921	20,761	921	21,5497	921	14,153	
922	28,4922	922	27,8951	922	20,8068	922	21,5609	922	14,1362	
923	28,4623	923	27,8681	923	20,782	923	21,5248	923	14,1041	
924	28,4773	924	27,8883	924	20,7862	924	21,492	924	14,1393	
925	28,6006	925	27,8631	925	20,7064	925	21,47	925	14,1301	
926	28,4875	926	27,854	926	20,7294	926	21,468	926	14,1337	
927	28,3035	927	27,8809	927	20,6754	927	21,4722	927	14,1289	
928	28,2027	928	27,8308	928	20,6596	928	21,437	928	14,0973	
929	28,012	929	27,8386	929	20,6608	929	21,4046	929	14,0976	
930	28,0165	930	27,8144	930	20,7132	930	21,403	930	14,1108	
931	28,0781	931	27,8113	931	20,6404	931	21,4037	931	14,0796	
932	28,011	932	27,7518	932	20,6782	932	21,4087	932	14,0832	
933	27,917	933	27,7402	933	20,6291	933	21,3876	933	14,0901	
934	27,848	934	27,7413	934	20,5951	934	21,3702	934	14,0726	
935	27,8329	935	27,6899	935	20,6141	935	21,3536	935	14,0569	
936	27,7902	936	27,6735	936	20,5757	936	21,3547	936	14,0546	
937	27,7865	937	27,6587	937	20,5366	937	21,318	937	14,0443	
938	27,7378	938	27,6973	938	20,5987	938	21,3383	938	14,0586	
939	27,6979	939	27,6662	939	20,5589	939	21,3127	939	14,0243	
940	27,6559	940	27,6584	940	20,5648	940	21,2911	940	14,0588	
941	27,6575	941	27,6138	941	20,5517	941	21,325	941	14,0609	
942	27,6662	942	27,5797	942	20,5776	942	21,2935	942	14,0502	
943	27,7444	943	27,5507	943	20,4678	943	21,2596	943	14,018	
944	27,733	944	27,548	944	20,5509	944	21,2872	944	14,0244	
945	27,6918	945	27,5052	945	20,4998	945	21,2333	945	14,0207	
946	27,6439	946	27,4713	946	20,4846	946	21,2466	946	14,0164	
947	27,7141	947	27,5131	947	20,4579	947	21,1923	947	14,0019	
948	27,7316	948	27,4852	948	20,5047	948	21,2069	948	14,0142	
949	27,7178	949	27,4525	949	20,507	949	21,1874	949	13,9817	
950	27,7	950	27,4236	950	20,4446	950	21,1616	950	13,9748	
951	27,725	951	27,4132	951	20,4674	951	21,1772	951	13,9962	
952	27,78	952	27,3832	952	20,4382	952	21,1432	952	13,9659	
953	27,6785	953	27,3903	953	20,4173	953	21,1485	953	13,9902	
954	27,5706	954	27,3716	954	20,3957	954	21,1496	954	13,9818	
955	27,4854	955	27,3673	955	20,4003	955	21,1083	955	13,9674	
956	27,5341	956	27,3675	956	20,3906	956	21,1152	956	13,9815	
957	27,5882	957	27,3444	957	20,3731	957	21,0924	957	13,9424	
958	27,5748	958	27,3135	958	20,3334	958	21,0556	958	13,9325	
959	27,5027	959	27,2902	959	20,3295	959	21,0185	959	13,9048	
960	27,3636	960	27,2779	960	20,3516	960	21,0819	960	13,9399	
961	27,4469	961	27,2213	961	20,3393	961	21,0543	961	13,9222	
962	27,4728	962	27,1955	962	20,3285	962	21,073	962	13,9438	
963	27,4832	963	27,1916	963	20,29	963	21,0449	963	13,927	
964	27,4817	964	27,1488	964	20,2488	964	21,0018	964	13,9347	
965	27,5422	965	27,1481	965	20,251	965	20,9941	965	13,9108	
966	27,4822	966	27,1784	966	20,3008	966	20,9771	966	13,9384	
967	27,2946	967	27,1507	967	20,2479	967	20,9716	967	13,9072	
968	27,2344	968	27,0929	968	20,1973	968	20,9328	968	13,8882	
969	27,201	969	27,0796	969	20,2053	969	20,9243	969	13,8882	
970	27,2288	970	27,0721	970	20,1787	970	20,9152	970	13,8696	
971	27,2516	971	27,0736	971	20,1708	971	20,913	971	13,8588	
972	27,4034	972	27,0084	972	20,2109	972	20,8796	972	13,8643	
973	27,3478	973	27,0138	973	20,2045	973	20,8841	973	13,8479	
974	27,3968	974	27,0107	974	20,2488	974	20,9265	974	13,8829	
975	27,4652	975	26,9614	975	20,1371	975	20,8879	975	13,8636	
976	27,5712	976	26,9739	976	20,1055	976	20,8758	976	13,8423	
977	27,5737	977	26,9511	977	20,149	977	20,8557	977	13,835	
978	27,4917	978	26,9613	978	20,1611	978	20,8635	978	13,892	
979	27,2737	979	26,8932	979	20,1828	979	20,8316	979	13,8317	
980	27,1523	980	26,8793	980	20,1517	980	20,8351	980	13,8663	
981	27,1917	981	26,848	981	20,0932	981	20,7947	981	13,8308	
982	27,1726	982	26,8096	982	20,064	982	20,7769	982	13,8302	
983	27,1166	983	26,8098	983	20,1525	983	20,789	983	13,838	
984	27,03	984	26,8404	984	20,0794	984	20,7871	984	13,8604	
985	27,1401	985	26,7787	985	20,0671	985	20,734	985	13,8037	
986	26,9655	986	26,792	986	20,0582	986	20,7351	986	13,8358	
987	27,047	987	26,7574	987	20,032	987	20,7463	987	13,8242	
988	26,9306	988	26,7649	988	20,0556	988	20,7462	988	13,8345	
989	26,9369	989	26,7727	989	19,9809	989	20,7512	989	13,8091	
990	26,9446	990	26,6952	990	20,0401	990	20,67	990	13,7818	
991	26,8363	991	26,7074	991	20,0187	991	20,6642	991	13,7794	
992	26,8783	992	26,6766	992	19,9943	992	20,684	992	13,8126	
993	26,8384	993	26,6906	993	19,9457	993	20,6786	993	13,8047	
994	26,8226	994	26,6872	994	19,9703	994	20,6648	994	13,7761	
995	26,8568	995	26,6769	995	19,9087	995	20,6696	995	13,8024	
996	26,7885	996	26,6617	996	19,8588	996	20,613	996	13,7612	
997	26,6116	997	26,6008	997	19,9276	997	20,6206	997	13,7569	
998	26,5916	998	26,6	998	19,9685	998	20,5994	998	13,7804	
999	26,7373	999	26,6	999	19,9011	999	20,6197	999	13,7823	
1000	26,7947	1000	26,5707	1000	19,8859	1000	20,5984	1000	13,7656	
1001	26,756	1001	26,556	1001	19,8678	1001	20,6092	1001	13,7779	
1002	27,0511	1002	26,5255	1002	19,8727	1002	20,5501	1002	13,7552	
1003	27,0248	1003	26,5257	1003	19,9179	1003	20,5394	1003	13,7706	
1004	27,032	1004	26,5124	1004	19,8842	1004	20,5512	1004	13,752	
1005	26,9605	1005	26,501	1005	19,8428	1005	20,5483	1005	13,7686	
1006	26,7911	1006	26,4824	1006	19,8663	1006	20,501	1006	13,7478	
1007	26,704	1007	26,4459	1007	19,8681	1007	20,5166	1007	13,7506	
1008	26,5089	1008	26,4234	1008	19,8288	1008	20,5152	1008	13,774	
1009	26,4538	1009	26,4107	1009	19,8568	1009	20,5347	1009	13,7569	
1010	26,535	1010	26,4186	1010	19,8368	1010	20,5257	1010	13,794	
1011	26,4805	1011	26,3637	1011	19,764	1011	20,4818	1011	13,7051	
1012	26,573	1012	26,3673	1012	19,8122	1012	20,466	1012	13,7364	
1013	26,593	1013	26,3509	1013	19,8347	1013	20,4889	1013	13,758	
1014	26,5206	1014	26,2954	1014	19,8248	1014	20,4264	1014	13,7395	
1015	26,5513	1015	26,3135	1015	19,8161	1015	20,4361	1015	13,7479	
1016	26,5911	1016	26,2816	1016	19,7417	1016	20,4106	1016	13,7127	
1017	26,6875	1017	26,2622	1017	19,7645	1017	20,4173	1017	13,7147	
1018	26,685	1018	26,2492	1018	19,7134	1018	20,4322	1018	13,702	
1019	26,7132	1019	26,2314	1019	19,7263	1019	20,3839	1019	13,6997	
1020	26,4708	1020	26,2112	1020	19,686	1020	20,3901	1020	13,7026	
1021	26,2456	1021	26,1825	1021	19,6871	1021	20,3807	1021	13,7161	
1022	26,2779	1022	26,1806	1022	19,7355	1022	20,3628	1022	13,7123	
1023	26,2705	1023	26,1982	1023	19,7409	1023	20,397	1023	13,7305	
1024	26,2557	1024	26,1794	1024	19,6749	1024	20,3439	1024	13,721	
1025	26,2169	1025	26,1387	1025	19,6194	1025	20,2974	1025	13,6771	
1026	26,3082	1026	26,1594	1026	19,7128	1026	20,3666	1026	13,7228	
1027	26,4104	1027	26,1451	1027	19,6082	1027	20,3289	1027	13,6921	
1028	26,2328	1028	26,1054	1028	19,6414	1028	20,3018	1028	13,7011	
1029	26,4031	1029	26,0838	1029	19,6178	1029	20,2911	1029	13,6984	
1030	26,5085	1030	26,1003	1030	19,583	1030	20,3218	1030	13,7012	
1031	26,463	1031	26,0726	1031	19,6141	1031	20,3064	1031	13,6914	
1032	26,4825	1032	26,0567	1032	19,5895	1032	20,2804	1032	13,6929	
1033	26,4424	1033	26,0435	1033	19,5833	1033	20,2771	1033	13,6991	
1034	26,4526	1034	26,0538	1034	19,6099	1034	20,2922	1034	13,7072	
1035	26,4822	1035	26,0369	1035	19,5716	1035	20,2487	1035	13,6954	
1036	26,4417	1036	26,0423	1036	19,6857	1036	20,2479	1036	13,6975	
1037	26,416	1037	25,9611	1037	19,5327	1037	20,1999	1037	13,6645	
1038	26,2688	1038	25,9586	1038	19,5763	1038	20,242	1038	13,6839	
1039	26,1802	1039	25,9558	1039	19,5408	1039	20,2217	1039	13,6806	
1040	26,2455	1040	25,9346	1040	19,5849	1040	20,2151	1040	13,6635	
1041	26,3245	1041	25,9071	1041	19,5535	1041	20,2192	1041	13,6505	
1042	26,4862	1042	25,9196	1042	19,576	1042	20,2375	1042	13,6836	
1043	26,4866	1043	25,8682	1043	19,5486	1043	20,1531	1043	13,6437	
1044	26,3268	1044	25,9064	1044	19,5257	1044	20,2085	1044	13,6827	
1045	26,5309	1045	25,7856	1045	19,4864	1045	20,1313	1045	13,6365	
1046	26,5387	1046	25,7708	1046	19,4534	1046	20,1302	1046	13,6416	
1047	26,2619	1047	25,7516	1047	19,4375	1047	20,1422	1047	13,677	
1048	25,9604	1048	25,7757	1048	19,4674	1048	20,1318	1048	13,6465	
1049	25,886	1049	25,7444	1049	19,4131	1049	20,1121	1049	13,6549	
1050	25,9175	1050	25,7147	1050	19,4255	1050	20,0795	1050	13,6536	
1051	25,9608	1051	25,7549	1051	19,4545	1051	20,1047	1051	13,6498	
1052	26,0632	1052	25,7057	1052	19,4122	1052	20,0794	1052	13,6483	
1053	26,1408	1053	25,6937	1053	19,3949	1053	20,0427	1053	13,6257	
1054	26,0566	1054	25,6935	1054	19,4412	1054	20,0734	1054	13,6589	
1055	25,7312	1055	25,6573	1055	19,3825	1055	20,0313	1055	13,6175	
1056	25,7654	1056	25,6493	1056	19,3683	1056	20,0399	1056	13,6576	
1057	25,7763	1057	25,695	1057	19,3958	1057	20,0526	1057	13,6609	
1058	25,6894	1058	25,629	1058	19,3977	1058	20,0123	1058	13,6152	
1059	25,7129	1059	25,605	1059	19,3118	1059	19,9682	1059	13,6285	
1060	25,6819	1060	25,5919	1060	19,2977	1060	20,0025	1060	13,6358	
1061	25,6919	1061	25,6012	1061	19,3636	1061	20,0114	1061	13,6233	
1062	25,6953	1062	25,5921	1062	19,3311	1062	19,9572	1062	13,6041	
1063	25,6514	1063	25,5986	1063	19,3852	1063	19,9694	1063	13,6293	
1064	25,6611	1064	25,5793	1064	19,3425	1064	19,997	1064	13,6422	
1065	25,6642	1065	25,5615	1065	19,2719	1065	19,9729	1065	13,6228	
1066	25,6934	1066	25,5747	1066	19,3612	1066	19,9559	1066	13,6199	
1067	25,7016	1067	25,5703	1067	19,276	1067	19,9419	1067	13,6107	
1068	25,7011	1068	25,5833	1068	19,3019	1068	19,9616	1068	13,6233	
1069	25,7804	1069	25,5493	1069	19,2753	1069	19,9389	1069	13,6038	
1070	25,8716	1070	25,5751	1070	19,2685	1070	19,9591	1070	13,6461	
1071	25,8364	1071	25,5295	1071	19,2872	1071	19,9095	1071	13,6186	
1072	25,9078	1072	25,5569	1072	19,3252	1072	19,9597	1072	13,6296	
1073	26,0011	1073	25,4918	1073	19,2764	1073	19,9186	1073	13,622	
1074	26,0379	1074	25,4974	1074	19,2811	1074	19,9413	1074	13,6263	
1075	26,0923	1075	25,4703	1075	19,2828	1075	19,9345	1075	13,6223	
1076	26,2452	1076	25,4374	1076	19,2776	1076	19,8966	1076	13,5914	
1077	26,2356	1077	25,3948	1077	19,2809	1077	19,9254	1077	13,6213	
1078	25,8479	1078	25,4027	1078	19,2917	1078	19,9339	1078	13,6656	
1079	25,7069	1079	25,3622	1079	19,2857	1079	19,8984	1079	13,6304	
1080	25,7389	1080	25,3125	1080	19,2509	1080	19,8371	1080	13,6017	
1081	25,751	1081	25,2939	1081	19,2203	1081	19,8407	1081	13,6115	
1082	25,7648	1082	25,2531	1082	19,1646	1082	19,812	1082	13,5846	
1083	25,6544	1083	25,2568	1083	19,2015	1083	19,8537	1083	13,6155	
1084	25,4948	1084	25,2364	1084	19,1872	1084	19,8332	1084	13,6273	
1085	25,3476	1085	25,1826	1085	19,1269	1085	19,7939	1085	13,6002	
1086	25,2966	1086	25,2152	1086	19,1445	1086	19,8053	1086	13,5931	
1087	25,217	1087	25,203	1087	19,0729	1087	19,765	1087	13,5884	
1088	25,2231	1088	25,2025	1088	19,147	1088	19,755	1088	13,6113	
1089	25,2697	1089	25,2316	1089	19,1785	1089	19,7975	1089	13,6234	
1090	25,2694	1090	25,2146	1090	19,143	1090	19,7658	1090	13,6182	
1091	25,3695	1091	25,1943	1091	19,1397	1091	19,7496	1091	13,6273	
1092	25,2904	1092	25,1934	1092	19,1092	1092	19,7392	1092	13,6087	
1093	25,2674	1093	25,1699	1093	19,1488	1093	19,7289	1093	13,5893	
1094	25,2893	1094	25,1404	1094	19,0944	1094	19,7182	1094	13,5952	
1095	25,6131	1095	25,1416	1095	19,1184	1095	19,755	1095	13,6151	
1096	25,725	1096	25,105	1096	19,1168	1096	19,7097	1096	13,6057	
1097	25,8718	1097	25,1196	1097	19,112	1097	19,7068	1097	13,5977	
1098	25,8288	1098	25,0993	1098	19,0621	1098	19,6831	1098	13,611	
1099	25,8207	1099	25,0589	1099	19,0572	1099	19,6776	1099	13,5988	
1100	25,6219	1100	25,0728	1100	19,0849	1100	19,6831	1100	13,5909	
1101	25,4579	1101	25,082	1101	19,0932	1101	19,6691	1101	13,6264	
1102	25,128	1102	25,1014	1102	19,1094	1102	19,6843	1102	13,6174	
1103	25,1214	1103	25,0419	1103	19,0572	1103	19,6387	1103	13,5664	
1104	25,0986	1104	25,0421	1104	19,0849	1104	19,6641	1104	13,5995	
1105	25,0634	1105	25,0429	1105	19,041	1105	19,6549	1105	13,586	
1106	25,0364	1106	25,0025	1106	19,019	1106	19,6224	1106	13,5891	
1107	25,1308	1107	24,9666	1107	19,0371	1107	19,6376	1107	13,5934	
1108	25,1099	1108	24,9565	1108	19,0597	1108	19,6464	1108	13,5794	
1109	25,1322	1109	24,9408	1109	19,042	1109	19,6136	1109	13,5912	
1110	25,1292	1110	24,963	1110	19,0681	1110	19,614	1110	13,5917	
1111	25,0846	1111	24,9263	1111	18,9704	1111	19,5938	1111	13,5832	
1112	25,1778	1112	24,8908	1112	19,0064	1112	19,6098	1112	13,628	
1113	25,1506	1113	24,8628	1113	19,0007	1113	19,587	1113	13,5888	
1114	25,0317	1114	24,8817	1114	18,9997	1114	19,6002	1114	13,6135	
1115	24,861	1115	24,8408	1115	19,0027	1115	19,5724	1115	13,6033	
1116	24,8803	1116	24,7995	1116	18,9802	1116	19,5489	1116	13,5711	
1117	24,9212	1117	24,8193	1117	19,0153	1117	19,5784	1117	13,6069	
1118	24,9718	1118	24,8141	1118	18,9426	1118	19,5679	1118	13,613	
1119	25,0582	1119	24,7916	1119	18,9039	1119	19,5263	1119	13,5717	
1120	25,009	1120	24,7997	1120	18,8816	1120	19,4936	1120	13,5809	
1121	25,0569	1121	24,797	1121	18,8846	1121	19,526	1121	13,5972	
1122	25,0484	1122	24,7938	1122	18,9033	1122	19,4887	1122	13,5735	
1123	24,8815	1123	24,7545	1123	18,9094	1123	19,4948	1123	13,5777	
1124	24,7745	1124	24,7152	1124	18,8603	1124	19,488	1124	13,5895	
1125	24,7631	1125	24,7344	1125	18,8962	1125	19,4978	1125	13,6113	
1126	24,7498	1126	24,7099	1126	18,9006	1126	19,4874	1126	13,5798	
1127	24,78	1127	24,6887	1127	18,8802	1127	19,488	1127	13,5866	
1128	24,7342	1128	24,6774	1128	18,856	1128	19,4543	1128	13,5871	
1129	24,725	1129	24,644	1129	18,8566	1129	19,4672	1129	13,5672	
1130	24,7898	1130	24,6746	1130	18,858	1130	19,4681	1130	13,5891	
1131	24,8623	1131	24,6431	1131	18,8524	1131	19,463	1131	13,5988	
1132	24,7214	1132	24,6513	1132	18,8792	1132	19,4637	1132	13,6008	
1133	24,6337	1133	24,6008	1133	18,913	1133	19,4552	1133	13,5947	
1134	24,6613	1134	24,5955	1134	18,8968	1134	19,4551	1134	13,5899	
1135	24,5336	1135	24,5633	1135	18,8102	1135	19,4204	1135	13,5812	
1136	24,5242	1136	24,6009	1136	18,8267	1136	19,4463	1136	13,5963	
1137	24,5361	1137	24,5578	1137	18,8384	1137	19,4324	1137	13,5885	
1138	24,5188	1138	24,5474	1138	18,866	1138	19,4025	1138	13,5895	
1139	24,5775	1139	24,5329	1139	18,7987	1139	19,3742	1139	13,5763	
1140	24,6149	1140	24,4999	1140	18,7703	1140	19,3591	1140	13,5535	
1141	24,7014	1141	24,5574	1141	18,7957	1141	19,4201	1141	13,611	
1142	24,7119	1142	24,5285	1142	18,7444	1142	19,3888	1142	13,5957	
1143	24,6356	1143	24,5138	1143	18,7975	1143	19,3725	1143	13,5942	
1144	24,793	1144	24,5115	1144	18,7828	1144	19,3678	1144	13,5947	
1145	24,8815	1145	24,5235	1145	18,7949	1145	19,3643	1145	13,5882	
1146	24,6395	1146	24,4765	1146	18,7672	1146	19,3132	1146	13,5651	
1147	24,5537	1147	24,48	1147	18,7422	1147	19,34	1147	13,5811	
1148	24,5285	1148	24,4768	1148	18,7708	1148	19,3477	1148	13,5897	
1149	24,5372	1149	24,4136	1149	18,7125	1149	19,3246	1149	13,5708	
1150	24,5344	1150	24,4143	1150	18,7184	1150	19,3429	1150	13,5944	
1151	24,6499	1151	24,392	1151	18,7512	1151	19,3409	1151	13,5772	
1152	24,8017	1152	24,3831	1152	18,7707	1152	19,323	1152	13,5735	
1153	24,9019	1153	24,3517	1153	18,7344	1153	19,3251	1153	13,598	
1154	24,8373	1154	24,2707	1154	18,7261	1154	19,305	1154	13,5483	
1155	24,6571	1155	24,2942	1155	18,7046	1155	19,2958	1155	13,5677	
1156	24,5452	1156	24,2774	1156	18,6697	1156	19,2951	1156	13,5965	
1157	24,5912	1157	24,2528	1157	18,654	1157	19,2813	1157	13,5674	
1158	24,5195	1158	24,2304	1158	18,6842	1158	19,255	1158	13,5567	
1159	24,3872	1159	24,2564	1159	18,6643	1159	19,2593	1159	13,5729	
1160	24,2736	1160	24,2107	1160	18,6402	1160	19,2481	1160	13,5846	
1161	24,1876	1161	24,2465	1161	18,6653	1161	19,2328	1161	13,5844	
1162	24,2303	1162	24,1907	1162	18,6904	1162	19,2332	1162	13,5848	
1163	24,1917	1163	24,1762	1163	18,6649	1163	19,1939	1163	13,5583	
1164	24,2314	1164	24,1482	1164	18,6026	1164	19,1938	1164	13,5582	
1165	24,2669	1165	24,1714	1165	18,661	1165	19,1967	1165	13,5611	
1166	24,2045	1166	24,1552	1166	18,6005	1166	19,1994	1166	13,5748	
1167	24,2583	1167	24,1404	1167	18,617	1167	19,1703	1167	13,5875	
1168	24,132	1168	24,1314	1168	18,6394	1168	19,1737	1168	13,5818	
1169	24,2175	1169	24,0991	1169	18,6012	1169	19,1378	1169	13,5702	
1170	24,3614	1170	24,1111	1170	18,5714	1170	19,1466	1170	13,5932	
1171	24,1797	1171	24,0814	1171	18,5896	1171	19,1267	1171	13,5633	
1172	24,1829	1172	24,0878	1172	18,5784	1172	19,1521	1172	13,5797	
1173	24,1086	1173	24,0767	1173	18,6001	1173	19,1462	1173	13,5767	
1174	24,1388	1174	24,11	1174	18,5656	1174	19,1474	1174	13,596	
1175	24,1794	1175	24,0947	1175	18,5426	1175	19,1519	1175	13,5796	
1176	24,15	1176	24,0726	1176	18,5864	1176	19,1412	1176	13,5902	
1177	24,1178	1177	24,0279	1177	18,5383	1177	19,1115	1177	13,569	
1178	24,0918	1178	24,0343	1178	18,5727	1178	19,1345	1178	13,5697	
1179	24,0643	1179	24,0575	1179	18,6278	1179	19,135	1179	13,6107	
1180	24,0855	1180	24,0037	1180	18,5021	1180	19,0958	1180	13,5761	
1181	24,0969	1181	23,9996	1181	18,5687	1181	19,0959	1181	13,5857	
1182	24,1646	1182	23,9979	1182	18,5384	1182	19,0898	1182	13,552	
1183	24,4533	1183	23,9815	1183	18,5458	1183	19,0981	1183	13,6118	
1184	24,3813	1184	23,9679	1184	18,5582	1184	19,0911	1184	13,5862	
1185	24,2034	1185	23,9267	1185	18,5111	1185	19,0882	1185	13,5689	
1186	24,0572	1186	23,9021	1186	18,5216	1186	19,0763	1186	13,5814	
1187	23,9432	1187	23,8714	1187	18,5102	1187	19,0227	1187	13,5422	
1188	23,956	1188	23,8111	1188	18,4781	1188	19,0219	1188	13,5439	
1189	23,9374	1189	23,826	1189	18,5102	1189	19,055	1189	13,5952	
1190	23,8842	1190	23,8374	1190	18,5088	1190	19,0204	1190	13,5771	
1191	23,7782	1191	23,8006	1191	18,5056	1191	19,0204	1191	13,5939	
1192	23,7735	1192	23,8113	1192	18,4926	1192	19,0141	1192	13,5804	
1193	23,7318	1193	23,7832	1193	18,4643	1193	18,9783	1193	13,5968	
1194	23,8011	1194	23,787	1194	18,4387	1194	19,0015	1194	13,6002	
1195	23,8268	1195	23,7839	1195	18,4157	1195	18,9377	1195	13,578	
1196	23,8085	1196	23,7786	1196	18,4184	1196	18,9841	1196	13,5541	
1197	23,8132	1197	23,7615	1197	18,386	1197	18,9513	1197	13,595	
1198	23,6763	1198	23,7238	1198	18,4065	1198	18,9594	1198	13,5817	
1199	23,7216	1199	23,7422	1199	18,4731	1199	18,9623	1199	13,5918	
1200	23,7589	1200	23,6743	1200	18,353	1200	18,934	1200	13,5681	
1201	23,7399	1201	23,6969	1201	18,4152	1201	18,9372	1201	13,5818	
