Time - Plot 0	Degrees Celsius - Plot 0	Time - Plot 1	Degrees Celsius - Plot 1	Time - Plot 2	Degrees Celsius - Plot 2	Time - Plot 3	Degrees Celsius - Plot 3	Time - Plot 4	Degrees Celsius - Plot 4	
0	59,4035	0	26,5303	0	25,8055	0	15,1918	0	15,0285	
1	59,6848	1	26,5163	1	25,809	1	15,1973	1	15,0377	
2	59,6408	2	31,8348	2	25,7802	2	15,1725	2	15,0115	
3	59,6895	3	37,8007	3	25,7729	3	15,1523	3	15,0289	
4	59,5718	4	38,2086	4	25,434	4	15,3534	4	15,0095	
5	59,5911	5	37,7618	5	25,0395	5	15,5679	5	14,9931	
6	59,5994	6	39,3738	6	19,5708	6	16,2909	6	14,9979	
7	59,5921	7	40,3526	7	17,6398	7	17,0245	7	15,0264	
8	59,5837	8	41,3334	8	16,6648	8	18,076	8	15,0173	
9	59,6248	9	42,2571	9	17,3953	9	19,5094	9	15,0087	
10	59,5828	10	42,6795	10	18,5025	10	20,9637	10	14,9761	
11	59,5906	11	42,9684	11	19,7592	11	22,1462	11	15,005	
12	59,5371	12	43,1789	12	21,3223	12	23,9515	12	14,974	
13	59,5602	13	43,3733	13	22,2933	13	24,8366	13	14,979	
14	59,543	14	43,637	14	23,6121	14	26,0637	14	14,9947	
15	59,4982	15	43,7943	15	24,222	15	27,1092	15	15,0126	
16	59,496	16	43,8935	16	24,8418	16	27,5865	16	14,9953	
17	59,3812	17	44,1782	17	25,369	17	28,4035	17	14,9792	
18	59,3491	18	44,4251	18	25,8283	18	28,8671	18	14,9944	
19	59,255	19	44,608	19	26,0833	19	29,374	19	14,9959	
20	59,1685	20	45,0899	20	26,4894	20	29,8244	20	15,0277	
21	59,1148	21	45,4575	21	26,6561	21	29,9596	21	15,0032	
22	59,1163	22	46,1198	22	26,9652	22	30,3519	22	14,9905	
23	59,0827	23	46,5056	23	27,0692	23	30,4776	23	14,9803	
24	59,0866	24	46,7205	24	27,1836	24	30,7134	24	14,9901	
25	59,0724	25	46,9677	25	27,5346	25	31,0655	25	15,0019	
26	58,9846	26	47,1602	26	27,688	26	31,3809	26	14,984	
27	58,6961	27	47,3027	27	27,8193	27	31,5906	27	14,9763	
28	58,44	28	47,607	28	27,9687	28	31,8817	28	14,9863	
29	58,3465	29	47,951	29	28,1181	29	32,0658	29	14,9612	
30	58,4025	30	48,3892	30	28,4124	30	32,4579	30	14,9963	
31	58,4529	31	48,5252	31	28,4999	31	32,5507	31	14,982	
32	58,4312	32	48,7079	32	28,4942	32	32,7857	32	14,9901	
33	58,258	33	48,902	33	28,784	33	32,9172	33	14,957	
34	58,1474	34	49,1267	34	28,7575	34	33,099	34	14,9964	
35	57,9017	35	49,2989	35	28,9098	35	33,214	35	14,9742	
36	57,4393	36	49,6757	36	29,1751	36	33,4394	36	14,9765	
37	56,9628	37	49,8176	37	29,1756	37	33,6114	37	14,9661	
38	56,3202	38	50,0548	38	29,4344	38	33,7937	38	14,9661	
39	56,0949	39	50,2964	39	29,3878	39	33,9576	39	14,9627	
40	56,045	40	50,3848	40	29,5544	40	34,0257	40	14,9767	
41	56,262	41	50,6214	41	29,6057	41	34,3713	41	14,9624	
42	56,1983	42	50,6283	42	29,7186	42	34,4551	42	14,9805	
43	56,2126	43	50,8005	43	29,8331	43	34,5246	43	14,9684	
44	56,2743	44	50,9659	44	29,9428	44	34,6928	44	14,9837	
45	56,1102	45	51,0352	45	30,0424	45	34,792	45	14,9979	
46	56,0285	46	51,1644	46	30,1485	46	34,9865	46	14,9711	
47	55,9493	47	51,1727	47	30,2162	47	34,9304	47	14,9702	
48	55,9149	48	51,2064	48	30,2594	48	35,06	48	14,9444	
49	55,7464	49	51,3347	49	30,3355	49	35,0875	49	14,9605	
50	55,769	50	51,3892	50	30,3266	50	35,2583	50	14,9501	
51	55,6508	51	51,4359	51	30,4188	51	35,3159	51	14,953	
52	55,5921	52	51,4427	52	30,4478	52	35,3556	52	14,9248	
53	55,5553	53	51,4704	53	30,5046	53	35,5375	53	15,0024	
54	55,6023	54	51,4704	54	30,6052	54	35,4785	54	14,9124	
55	55,6014	55	51,5061	55	30,6659	55	35,6751	55	14,9625	
56	55,5902	56	51,5128	56	30,647	56	35,6487	56	14,9214	
57	55,4515	57	51,556	57	30,7219	57	35,7603	57	14,9216	
58	55,3616	58	51,5836	58	30,6687	58	35,7812	58	14,9429	
59	54,4968	59	51,6274	59	30,8162	59	35,7887	59	14,9648	
60	54,3416	60	51,6211	60	30,7854	60	35,8071	60	14,9636	
61	54,8194	61	51,6336	61	30,7497	61	35,8207	61	14,9288	
62	54,5618	62	51,641	62	30,9484	62	35,8529	62	14,9541	
63	54,2348	63	51,6475	63	30,8573	63	35,8721	63	14,9764	
64	54,074	64	51,5612	64	30,9067	64	35,8535	64	14,927	
65	53,7611	65	51,5577	65	30,8011	65	35,8971	65	14,9248	
66	53,7005	66	51,5798	66	30,8208	66	35,9008	66	14,9185	
67	53,7494	67	51,5816	67	30,9021	67	35,9115	67	14,9471	
68	53,6479	68	51,6067	68	30,9008	68	35,9622	68	14,9458	
69	53,6566	69	51,5144	69	30,8219	69	35,9267	69	14,9339	
70	53,6504	70	51,5652	70	30,8581	70	35,8958	70	14,9511	
71	53,644	71	51,5982	71	30,9119	71	35,9208	71	14,9313	
72	53,6147	72	51,5924	72	30,8609	72	35,9556	72	14,9558	
73	53,578	73	51,5983	73	30,9472	73	35,9804	73	14,961	
74	53,5544	74	51,5785	74	30,9962	74	35,9281	74	14,9387	
75	53,5239	75	51,544	75	30,9907	75	35,9577	75	14,9602	
76	53,3672	76	51,5396	76	30,9759	76	36,0088	76	14,9243	
77	53,2654	77	51,4676	77	30,8998	77	35,9626	77	14,8957	
78	53,2229	78	51,4536	78	30,9564	78	35,9708	78	14,9136	
79	53,3302	79	51,4459	79	30,8885	79	35,9518	79	14,9552	
80	53,391	80	51,3919	80	30,975	80	36,0019	80	14,9248	
81	53,3181	81	51,4007	81	30,9952	81	35,9542	81	14,9105	
82	53,2403	82	51,4081	82	30,9595	82	35,8944	82	14,932	
83	53,1531	83	51,4111	83	30,9311	83	35,8918	83	14,9146	
84	52,9364	84	51,3855	84	30,9487	84	35,8705	84	14,9372	
85	52,8508	85	51,3627	85	30,9401	85	35,8601	85	14,8994	
86	52,861	86	51,3701	86	30,8931	86	35,8886	86	14,9299	
87	52,8463	87	51,3383	87	30,9679	87	35,8728	87	14,8934	
88	52,8423	88	51,3377	88	30,8564	88	35,8988	88	14,937	
89	52,8305	89	51,303	89	30,8817	89	35,8824	89	14,8907	
90	52,8625	90	51,2775	90	30,9131	90	35,8626	90	14,9163	
91	52,7822	91	51,2493	91	30,805	91	35,8851	91	14,9101	
92	52,7768	92	51,2306	92	30,7991	92	35,861	92	14,9137	
93	52,7969	93	51,206	93	30,8737	93	35,874	93	14,9269	
94	52,6917	94	51,1381	94	30,9094	94	35,8062	94	14,9107	
95	52,653	95	51,0625	95	30,9458	95	35,8078	95	14,8952	
96	52,6334	96	51,0215	96	30,7748	96	35,8354	96	14,8909	
97	52,5388	97	51,0252	97	30,8316	97	35,8148	97	14,91	
98	52,5359	98	50,9998	98	30,8411	98	35,763	98	14,9105	
99	52,5823	99	50,9912	99	30,837	99	35,7748	99	14,8983	
100	52,5517	100	50,9479	100	30,8155	100	35,8001	100	14,9165	
101	52,5742	101	50,9123	101	30,8084	101	35,7206	101	14,9088	
102	52,4986	102	50,8589	102	30,803	102	35,7119	102	14,8709	
103	52,4179	103	50,8766	103	30,8126	103	35,7449	103	14,9154	
104	52,3637	104	50,8875	104	30,7147	104	35,6829	104	14,8747	
105	52,1859	105	50,842	105	30,7356	105	35,751	105	14,885	
106	52,0995	106	50,7961	106	30,6625	106	35,6292	106	14,8471	
107	52,1298	107	50,7652	107	30,8026	107	35,6559	107	14,8929	
108	52,0484	108	50,7389	108	30,8497	108	35,6443	108	14,8978	
109	52,0139	109	50,6736	109	30,7053	109	35,6614	109	14,899	
110	51,9373	110	50,6506	110	30,7335	110	35,6264	110	14,8677	
111	51,9624	111	50,6308	111	30,7636	111	35,6545	111	14,8872	
112	51,9278	112	50,6002	112	30,7288	112	35,5875	112	14,889	
113	51,8086	113	50,5615	113	30,7768	113	35,5189	113	14,9059	
114	51,7606	114	50,5274	114	30,6491	114	35,4783	114	14,8636	
115	51,6661	115	50,4942	115	30,6478	115	35,456	115	14,8393	
116	51,6396	116	50,4769	116	30,5734	116	35,5273	116	14,8939	
117	51,708	117	50,4512	117	30,62	117	35,447	117	14,8612	
118	51,8353	118	50,3787	118	30,6225	118	35,4228	118	14,8608	
119	51,8919	119	50,3332	119	30,6753	119	35,4431	119	14,8543	
120	51,8591	120	50,3445	120	30,6366	120	35,4602	120	14,9113	
121	51,6315	121	50,2717	121	30,5258	121	35,408	121	14,89	
122	51,5722	122	50,2279	122	30,5608	122	35,3548	122	14,8549	
123	51,4821	123	50,2277	123	30,5742	123	35,2858	123	14,8543	
124	51,3797	124	50,186	124	30,5012	124	35,282	124	14,8675	
125	51,3632	125	50,1243	125	30,6208	125	35,2579	125	14,832	
126	51,371	126	50,1308	126	30,6152	126	35,3145	126	14,8801	
127	51,3859	127	50,1134	127	30,5421	127	35,2576	127	14,866	
128	51,3414	128	50,0594	128	30,4937	128	35,2796	128	14,8732	
129	51,1546	129	50,0006	129	30,5401	129	35,1962	129	14,8612	
130	51,0457	130	50,0054	130	30,5855	130	35,1927	130	14,8624	
131	51,1138	131	49,9647	131	30,4998	131	35,1571	131	14,8785	
132	51,0631	132	49,8803	132	30,4752	132	35,1232	132	14,8621	
133	51,037	133	49,8426	133	30,4086	133	35,1308	133	14,8527	
134	50,8023	134	49,8022	134	30,4084	134	35,0609	134	14,8658	
135	50,7413	135	49,8031	135	30,36	135	35,0679	135	14,8525	
136	50,725	136	49,7568	136	30,3835	136	35,0323	136	14,8353	
137	50,749	137	49,7571	137	30,4261	137	35,071	137	14,8504	
138	50,7238	138	49,7451	138	30,3988	138	34,9985	138	14,8437	
139	50,7557	139	49,6726	139	30,2866	139	34,9335	139	14,8195	
140	50,6861	140	49,6079	140	30,3933	140	34,869	140	14,8381	
141	50,6447	141	49,6021	141	30,2741	141	34,8354	141	14,8631	
142	50,7056	142	49,5564	142	30,2615	142	34,7523	142	14,8303	
143	50,7023	143	49,5364	143	30,2116	143	34,7638	143	14,8474	
144	50,7581	144	49,5017	144	30,0762	144	34,6987	144	14,8178	
145	50,6339	145	49,4638	145	30,2078	145	34,6753	145	14,8068	
146	50,5277	146	49,4201	146	30,0674	146	34,6367	146	14,8285	
147	50,3796	147	49,382	147	30,0936	147	34,6613	147	14,8312	
148	50,3915	148	49,3462	148	30,0502	148	34,5544	148	14,8005	
149	50,4177	149	49,3627	149	30,0279	149	34,5964	149	14,8384	
150	50,4533	150	49,3009	150	30,0328	150	34,5057	150	14,8362	
151	50,39	151	49,2225	151	30,0048	151	34,4943	151	14,8008	
152	50,3765	152	49,1959	152	30,1112	152	34,5015	152	14,8162	
153	50,5367	153	49,1528	153	30,0825	153	34,4958	153	14,8695	
154	50,464	154	49,0855	154	29,991	154	34,4436	154	14,8178	
155	50,4145	155	49,066	155	30,1137	155	34,3878	155	14,8162	
156	50,1313	156	48,9952	156	29,8884	156	34,3704	156	14,8015	
157	50,1601	157	48,9198	157	29,9129	157	34,3433	157	14,781	
158	50,0721	158	48,8649	158	29,9714	158	34,3977	158	14,8116	
159	50,0558	159	48,8024	159	29,8904	159	34,2918	159	14,8001	
160	49,892	160	48,7751	160	29,8081	160	34,2834	160	14,8153	
161	49,8513	161	48,7547	161	29,8725	161	34,3124	161	14,81	
162	49,792	162	48,7628	162	29,8394	162	34,2326	162	14,7841	
163	49,7492	163	48,7928	163	29,8895	163	34,2671	163	14,835	
164	49,6748	164	48,7102	164	29,8164	164	34,2084	164	14,7928	
165	49,7001	165	48,7016	165	29,779	165	34,1706	165	14,8058	
166	49,5889	166	48,6905	166	29,7762	166	34,1299	166	14,7968	
167	49,5534	167	48,6412	167	29,7214	167	34,1526	167	14,7828	
168	49,4645	168	48,6077	168	29,8266	168	34,151	168	14,794	
169	49,4536	169	48,5202	169	29,6398	169	34,0465	169	14,7801	
170	49,4892	170	48,5119	170	29,7052	170	34,0526	170	14,7945	
171	49,5517	171	48,4765	171	29,751	171	34,0964	171	14,7899	
172	49,3737	172	48,4403	172	29,6596	172	34,0822	172	14,7598	
173	49,1513	173	48,4143	173	29,7974	173	34,0142	173	14,7917	
174	49,087	174	48,3739	174	29,5978	174	33,9681	174	14,7567	
175	49,0709	175	48,3601	175	29,7263	175	33,9655	175	14,804	
176	48,9916	176	48,2995	176	29,5274	176	33,943	176	14,7349	
177	49,1049	177	48,2435	177	29,5448	177	33,9177	177	14,7559	
178	49,1393	178	48,1839	178	29,7433	178	33,8704	178	14,7664	
179	49,1727	179	48,1651	179	29,6947	179	33,9152	179	14,7724	
180	48,9763	180	48,0855	180	29,5973	180	33,8894	180	14,7938	
181	48,8853	181	48,0332	181	29,5785	181	33,8397	181	14,7581	
182	48,9218	182	47,9512	182	29,559	182	33,8017	182	14,7408	
183	48,8986	183	47,8763	183	29,5022	183	33,7821	183	14,7342	
184	48,9081	184	47,8691	184	29,5405	184	33,7987	184	14,784	
185	48,9284	185	47,83	185	29,4863	185	33,7222	185	14,7486	
186	48,9396	186	47,7661	186	29,4434	186	33,6612	186	14,7309	
187	48,8627	187	47,7408	187	29,4977	187	33,6417	187	14,7335	
188	48,7504	188	47,7339	188	29,5024	188	33,6366	188	14,7906	
189	48,7616	189	47,7184	189	29,4058	189	33,5979	189	14,7528	
190	48,6624	190	47,6353	190	29,4629	190	33,5232	190	14,7449	
191	48,6817	191	47,6478	191	29,4032	191	33,5612	191	14,7664	
192	48,624	192	47,6252	192	29,3953	192	33,5017	192	14,736	
193	48,585	193	47,5465	193	29,3887	193	33,498	193	14,7374	
194	48,5148	194	47,5081	194	29,4842	194	33,5284	194	14,716	
195	48,5397	195	47,5206	195	29,3337	195	33,5186	195	14,7664	
196	48,4845	196	47,4808	196	29,3154	196	33,4423	196	14,7265	
197	48,4002	197	47,4387	197	29,3169	197	33,3744	197	14,7142	
198	48,4016	198	47,401	198	29,199	198	33,429	198	14,7611	
199	48,3429	199	47,3559	199	29,3099	199	33,3543	199	14,7433	
200	48,3347	200	47,3367	200	29,1422	200	33,3279	200	14,7121	
201	48,295	201	47,2865	201	29,293	201	33,3361	201	14,7238	
202	48,1274	202	47,2877	202	29,2815	202	33,2862	202	14,7031	
203	48,1209	203	47,2288	203	29,2203	203	33,2702	203	14,7064	
204	48,249	204	47,1969	204	29,1968	204	33,2646	204	14,7179	
205	48,2834	205	47,183	205	29,1389	205	33,2398	205	14,7141	
206	48,3111	206	47,1086	206	29,1631	206	33,209	206	14,6914	
207	48,3025	207	47,0813	207	29,1354	207	33,18	207	14,6829	
208	48,2877	208	47,0528	208	29,1074	208	33,1793	208	14,6907	
209	48,1241	209	47,0062	209	29,133	209	33,1785	209	14,7052	
210	48,0785	210	46,9828	210	29,1237	210	33,0976	210	14,6939	
211	48,0117	211	46,931	211	29,1379	211	33,1066	211	14,6888	
212	47,9617	212	46,9014	212	29,0622	212	33,0523	212	14,6783	
213	47,941	213	46,8364	213	29,0959	213	33,0301	213	14,6896	
214	47,948	214	46,7835	214	29,1076	214	33,0811	214	14,6938	
215	47,9645	215	46,7644	215	29,0901	215	33,073	215	14,7151	
216	48,0157	216	46,7572	216	28,9289	216	33,0076	216	14,6959	
217	47,9779	217	46,7315	217	29,012	217	32,9516	217	14,6647	
218	48,0005	218	46,7209	218	29,0408	218	32,9344	218	14,72	
219	47,9632	219	46,6589	219	28,9213	219	32,9143	219	14,6677	
220	47,954	220	46,6646	220	28,8551	220	32,9013	220	14,6955	
221	47,7913	221	46,582	221	28,8889	221	32,851	221	14,6606	
222	47,4123	222	46,5445	222	28,9341	222	32,8487	222	14,6706	
223	47,2747	223	46,5328	223	28,8746	223	32,8185	223	14,6628	
224	47,2421	224	46,518	224	28,9834	224	32,7942	224	14,6519	
225	47,3585	225	46,4798	225	28,8457	225	32,8455	225	14,6445	
226	47,3199	226	46,4541	226	28,8498	226	32,7539	226	14,6429	
227	47,3202	227	46,4108	227	28,8175	227	32,7471	227	14,6546	
228	47,3059	228	46,3867	228	28,9409	228	32,7204	228	14,6337	
229	47,2968	229	46,3672	229	28,8514	229	32,748	229	14,6426	
230	47,3611	230	46,277	230	28,8365	230	32,6666	230	14,629	
231	47,3077	231	46,2971	231	28,88	231	32,7432	231	14,6297	
232	47,1014	232	46,2864	232	28,8145	232	32,6761	232	14,6529	
233	47,0298	233	46,2223	233	28,7997	233	32,6665	233	14,6185	
234	46,9421	234	46,1792	234	28,7222	234	32,6385	234	14,6071	
235	46,7623	235	46,1429	235	28,7215	235	32,6233	235	14,6189	
236	46,7488	236	46,1306	236	28,7439	236	32,6216	236	14,621	
237	46,9143	237	46,1206	237	28,7737	237	32,5749	237	14,6302	
238	46,8708	238	46,1019	238	28,6639	238	32,541	238	14,6491	
239	46,8627	239	46,0217	239	28,6652	239	32,5321	239	14,6096	
240	46,9086	240	46,0313	240	28,6858	240	32,5615	240	14,6366	
241	46,9744	241	45,9399	241	28,6151	241	32,4854	241	14,6188	
242	46,9675	242	45,8759	242	28,5751	242	32,4442	242	14,5727	
243	46,9779	243	45,8526	243	28,6018	243	32,4346	243	14,5706	
244	46,9776	244	45,8025	244	28,6065	244	32,4486	244	14,5687	
245	46,8594	245	45,7787	245	28,5762	245	32,38	245	14,5675	
246	46,5957	246	45,7073	246	28,5442	246	32,3739	246	14,5747	
247	46,5161	247	45,6929	247	28,5338	247	32,3945	247	14,5718	
248	46,4382	248	45,6122	248	28,5474	248	32,3044	248	14,5622	
249	46,3545	249	45,5686	249	28,5564	249	32,2875	249	14,5766	
250	46,3249	250	45,5387	250	28,5081	250	32,2756	250	14,5601	
251	46,2818	251	45,5381	251	28,4944	251	32,2872	251	14,5657	
252	46,1541	252	45,5018	252	28,473	252	32,2063	252	14,5384	
253	46,254	253	45,4843	253	28,5249	253	32,2412	253	14,5452	
254	46,2415	254	45,4191	254	28,4855	254	32,1958	254	14,5559	
255	46,2626	255	45,3616	255	28,4554	255	32,1213	255	14,5492	
256	46,2733	256	45,3536	256	28,4149	256	32,1451	256	14,5787	
257	46,2888	257	45,2755	257	28,449	257	32,0989	257	14,5227	
258	46,2134	258	45,2482	258	28,3775	258	32,068	258	14,5223	
259	46,1079	259	45,2251	259	28,4078	259	32,0644	259	14,5443	
260	45,9354	260	45,1473	260	28,3485	260	32,0091	260	14,5097	
261	45,8643	261	45,0873	261	28,3145	261	31,9653	261	14,5181	
262	45,8571	262	45,0621	262	28,2564	262	32,0003	262	14,5117	
263	45,8305	263	45,0504	263	28,2732	263	31,9547	263	14,5188	
264	45,7181	264	45,0065	264	28,2617	264	31,9178	264	14,519	
265	45,734	265	44,9593	265	28,1257	265	31,8795	265	14,5158	
266	45,7894	266	44,9368	266	28,254	266	31,8712	266	14,5093	
267	45,585	267	44,882	267	28,0934	267	31,806	267	14,4964	
268	45,5667	268	44,8894	268	28,1833	268	31,8243	268	14,4902	
269	45,6754	269	44,8532	269	28,1258	269	31,7534	269	14,4602	
270	45,5236	270	44,8608	270	28,1504	270	31,723	270	14,5117	
271	45,4645	271	44,8193	271	28,0952	271	31,7299	271	14,5073	
272	45,3845	272	44,7843	272	28,1439	272	31,7188	272	14,4537	
273	45,3622	273	44,7655	273	28,0528	273	31,6895	273	14,4963	
274	45,2852	274	44,7216	274	28,0685	274	31,6977	274	14,4703	
275	45,3637	275	44,6945	275	28,0391	275	31,6965	275	14,5039	
276	45,3593	276	44,663	276	28,0109	276	31,6233	276	14,4544	
277	45,3111	277	44,6212	277	28,0109	277	31,6416	277	14,4739	
278	45,2495	278	44,5426	278	27,9966	278	31,6161	278	14,4728	
279	45,2716	279	44,4759	279	27,9487	279	31,5975	279	14,473	
280	45,2845	280	44,4707	280	28,0583	280	31,5903	280	14,4867	
281	45,2276	281	44,4395	281	28,0605	281	31,5409	281	14,4885	
282	45,1943	282	44,3911	282	28,0128	282	31,4778	282	14,4654	
283	45,158	283	44,3923	283	27,8831	283	31,4899	283	14,4653	
284	45,1743	284	44,3035	284	27,8745	284	31,4405	284	14,4551	
285	45,1587	285	44,2995	285	27,8658	285	31,4731	285	14,4601	
286	45,0279	286	44,2667	286	27,9073	286	31,4492	286	14,4478	
287	44,9244	287	44,2658	287	27,8047	287	31,4159	287	14,4422	
288	44,7989	288	44,2853	288	27,7763	288	31,3431	288	14,4316	
289	44,9447	289	44,2667	289	27,8003	289	31,3412	289	14,4297	
290	45,0292	290	44,211	290	27,8457	290	31,307	290	14,4217	
291	44,8872	291	44,0892	291	27,7828	291	31,2547	291	14,3815	
292	44,85	292	44,0504	292	27,8103	292	31,322	292	14,4383	
293	44,787	293	44,0188	293	27,7844	293	31,3243	293	14,4559	
294	44,7501	294	43,9058	294	27,8426	294	31,2321	294	14,4062	
295	44,718	295	43,882	295	27,7369	295	31,1963	295	14,3908	
296	44,7412	296	43,9226	296	27,7282	296	31,2097	296	14,4354	
297	44,8298	297	43,8691	297	27,7464	297	31,1842	297	14,4095	
298	44,8191	298	43,8448	298	27,7303	298	31,153	298	14,4093	
299	44,9307	299	43,822	299	27,7604	299	31,1131	299	14,3927	
300	44,8874	300	43,7598	300	27,6789	300	31,0868	300	14,4122	
301	44,8765	301	43,7212	301	27,6034	301	31,0703	301	14,3897	
302	44,848	302	43,6477	302	27,691	302	31,0429	302	14,3667	
303	44,7821	303	43,668	303	27,7464	303	30,9916	303	14,3985	
304	44,5776	304	43,6423	304	27,5366	304	30,9674	304	14,3616	
305	44,5234	305	43,6345	305	27,573	305	30,9507	305	14,3675	
306	44,5103	306	43,6602	306	27,5637	306	30,9207	306	14,3724	
307	44,4715	307	43,5834	307	27,5159	307	30,9168	307	14,3846	
308	44,4621	308	43,5308	308	27,4225	308	30,9139	308	14,3545	
309	44,4646	309	43,497	309	27,5108	309	30,9187	309	14,3584	
310	44,4457	310	43,4868	310	27,4613	310	30,8704	310	14,3651	
311	44,3765	311	43,4416	311	27,4597	311	30,8782	311	14,3845	
312	44,2978	312	43,3856	312	27,5188	312	30,8215	312	14,3332	
313	44,2678	313	43,3774	313	27,4917	313	30,8114	313	14,3658	
314	44,1816	314	43,3967	314	27,4613	314	30,8365	314	14,3623	
315	44,0949	315	43,3584	315	27,4828	315	30,7828	315	14,3635	
316	44,0179	316	43,3265	316	27,498	316	30,758	316	14,3421	
317	43,916	317	43,2817	317	27,4445	317	30,7385	317	14,3644	
318	43,8465	318	43,2083	318	27,4068	318	30,716	318	14,3224	
319	43,7661	319	43,2302	319	27,4069	319	30,7306	319	14,3735	
320	43,7672	320	43,1406	320	27,3556	320	30,6654	320	14,3154	
321	43,8431	321	43,148	321	27,3946	321	30,6799	321	14,3625	
322	43,842	322	43,1085	322	27,3748	322	30,6676	322	14,3406	
323	43,847	323	43,0546	323	27,3367	323	30,6319	323	14,342	
324	43,8517	324	43,0301	324	27,3703	324	30,6246	324	14,3794	
325	43,803	325	42,9708	325	27,2861	325	30,5562	325	14,3076	
326	43,8362	326	42,9467	326	27,2258	326	30,5463	326	14,3444	
327	43,805	327	42,9257	327	27,2757	327	30,5421	327	14,3286	
328	43,7201	328	42,872	328	27,2405	328	30,5173	328	14,3101	
329	43,6782	329	42,8314	329	27,2243	329	30,4527	329	14,3081	
330	43,7102	330	42,7989	330	27,2268	330	30,4585	330	14,2915	
331	43,709	331	42,7356	331	27,1139	331	30,4499	331	14,3099	
332	43,7083	332	42,705	332	27,1551	332	30,4618	332	14,2972	
333	43,665	333	42,674	333	27,1269	333	30,404	333	14,2786	
334	43,7224	334	42,6469	334	27,1306	334	30,3847	334	14,2957	
335	43,6893	335	42,6113	335	27,1218	335	30,3698	335	14,2835	
336	43,7327	336	42,6187	336	27,1086	336	30,3533	336	14,2983	
337	43,457	337	42,5952	337	27,0965	337	30,3291	337	14,2961	
338	43,2448	338	42,5823	338	27,1079	338	30,3189	338	14,3034	
339	43,106	339	42,5324	339	27,0823	339	30,2924	339	14,2841	
340	43,1601	340	42,4765	340	27,0831	340	30,2485	340	14,2754	
341	43,2096	341	42,4518	341	27,0506	341	30,2551	341	14,3187	
342	43,324	342	42,4113	342	26,9897	342	30,2588	342	14,2801	
343	43,1896	343	42,345	343	26,9653	343	30,2011	343	14,2512	
344	43,1957	344	42,2929	344	27,0082	344	30,1588	344	14,2741	
345	43,1295	345	42,2728	345	27,0067	345	30,1615	345	14,2882	
346	43,0586	346	42,2309	346	26,9835	346	30,1487	346	14,2629	
347	43,0449	347	42,1844	347	26,9208	347	30,1111	347	14,3067	
348	43,009	348	42,1601	348	26,9079	348	30,1002	348	14,2952	
349	42,9498	349	42,1449	349	26,8827	349	30,0792	349	14,2672	
350	42,8811	350	42,1119	350	26,9665	350	30,0317	350	14,28	
351	42,9078	351	42,0775	351	26,8784	351	29,9993	351	14,2706	
352	42,8459	352	42,0585	352	26,8978	352	29,9956	352	14,2925	
353	42,9782	353	42,015	353	26,775	353	29,953	353	14,2723	
354	42,937	354	41,9933	354	26,8666	354	29,9856	354	14,2686	
355	42,9201	355	42,0167	355	26,7937	355	29,9656	355	14,2831	
356	42,8843	356	41,9839	356	26,7349	356	29,9592	356	14,2685	
357	42,9433	357	41,9421	357	26,7991	357	29,9014	357	14,2404	
358	42,9704	358	41,9521	358	26,8522	358	29,9035	358	14,266	
359	42,9464	359	41,9234	359	26,7561	359	29,8825	359	14,2666	
360	42,9081	360	41,8697	360	26,7569	360	29,8659	360	14,2583	
361	42,7896	361	41,7986	361	26,788	361	29,8729	361	14,2326	
362	42,5447	362	41,7675	362	26,7173	362	29,7973	362	14,2369	
363	42,4935	363	41,7238	363	26,7702	363	29,8129	363	14,2651	
364	42,4559	364	41,6848	364	26,7316	364	29,8007	364	14,26	
365	42,5239	365	41,6507	365	26,6749	365	29,7521	365	14,2331	
366	42,3919	366	41,6432	366	26,6771	366	29,7713	366	14,2435	
367	42,3115	367	41,6254	367	26,7237	367	29,7524	367	14,2587	
368	42,4149	368	41,5571	368	26,6865	368	29,7322	368	14,2535	
369	42,305	369	41,5143	369	26,6082	369	29,6786	369	14,2477	
370	42,0799	370	41,4999	370	26,5819	370	29,6566	370	14,2559	
371	42,1559	371	41,4823	371	26,5329	371	29,6515	371	14,2226	
372	42,0987	372	41,4364	372	26,6411	372	29,6606	372	14,2518	
373	42,0251	373	41,3933	373	26,5705	373	29,6081	373	14,2092	
374	42,1033	374	41,3519	374	26,5299	374	29,5549	374	14,1972	
375	42,1015	375	41,3434	375	26,5878	375	29,5689	375	14,2186	
376	42,1891	376	41,3321	376	26,6103	376	29,5833	376	14,245	
377	42,1041	377	41,3396	377	26,5519	377	29,5938	377	14,2314	
378	42,0126	378	41,2881	378	26,4902	378	29,5021	378	14,2186	
379	41,9535	379	41,2587	379	26,4289	379	29,5266	379	14,1985	
380	41,9816	380	41,2131	380	26,4533	380	29,4546	380	14,2209	
381	42,1104	381	41,1725	381	26,4594	381	29,4399	381	14,1965	
382	42,0953	382	41,083	382	26,4252	382	29,4374	382	14,2039	
383	41,9946	383	41,0655	383	26,4019	383	29,4456	383	14,2085	
384	41,9474	384	41,0136	384	26,412	384	29,4416	384	14,2244	
385	41,9127	385	41,0412	385	26,464	385	29,4215	385	14,2402	
386	41,9017	386	40,9589	386	26,3905	386	29,343	386	14,1822	
387	41,7535	387	40,9757	387	26,3491	387	29,3539	387	14,1942	
388	41,7573	388	40,9262	388	26,3116	388	29,3613	388	14,1907	
389	41,6544	389	40,9038	389	26,3588	389	29,2831	389	14,1878	
390	41,5756	390	40,8662	390	26,2305	390	29,2846	390	14,216	
391	41,4241	391	40,8073	391	26,2935	391	29,2661	391	14,1748	
392	41,4754	392	40,7832	392	26,2341	392	29,2134	392	14,1815	
393	41,3584	393	40,749	393	26,2443	393	29,2024	393	14,2037	
394	41,3349	394	40,7114	394	26,1647	394	29,2001	394	14,2081	
395	41,3434	395	40,6403	395	26,1577	395	29,1593	395	14,1768	
396	41,321	396	40,6254	396	26,1474	396	29,1645	396	14,1568	
397	41,3586	397	40,639	397	26,2059	397	29,134	397	14,1802	
398	41,3501	398	40,6149	398	26,191	398	29,1087	398	14,2156	
399	41,4147	399	40,564	399	26,1757	399	29,0709	399	14,1683	
400	41,3528	400	40,5295	400	26,1535	400	29,085	400	14,1997	
401	41,369	401	40,5194	401	26,2183	401	29,0701	401	14,1512	
402	41,3622	402	40,4728	402	26,0258	402	29,0329	402	14,1889	
403	41,3602	403	40,4089	403	26,1342	403	29,0342	403	14,1706	
404	41,3678	404	40,3931	404	26,1002	404	28,9867	404	14,1721	
405	41,2731	405	40,3693	405	26,0959	405	29,0008	405	14,1539	
406	41,1905	406	40,3579	406	25,9806	406	28,9544	406	14,1413	
407	41,1078	407	40,3365	407	26,0773	407	28,9375	407	14,1547	
408	41,0888	408	40,3622	408	26,059	408	28,9484	408	14,1805	
409	40,9733	409	40,3279	409	25,9822	409	28,9072	409	14,1664	
410	40,9071	410	40,2743	410	26,0082	410	28,9246	410	14,1535	
411	40,9411	411	40,2516	411	26,0182	411	28,9011	411	14,1812	
412	40,8928	412	40,196	412	26,0411	412	28,9	412	14,1467	
413	40,9326	413	40,1926	413	25,9669	413	28,8617	413	14,1699	
414	40,9414	414	40,1779	414	25,928	414	28,8827	414	14,1883	
415	40,7671	415	40,0929	415	25,9372	415	28,8236	415	14,1614	
416	40,7396	416	40,0582	416	25,8411	416	28,7674	416	14,1549	
417	40,7718	417	40,0439	417	25,8267	417	28,8118	417	14,1789	
418	40,6642	418	39,9839	418	25,881	418	28,7831	418	14,148	
419	40,6702	419	39,9787	419	25,8229	419	28,7718	419	14,1718	
420	40,7187	420	39,9573	420	25,8701	420	28,7322	420	14,1785	
421	40,8047	421	39,9351	421	25,8697	421	28,6905	421	14,1705	
422	40,538	422	39,9183	422	25,7545	422	28,7102	422	14,1781	
423	40,6454	423	39,8913	423	25,7824	423	28,6608	423	14,1609	
424	40,7845	424	39,8687	424	25,7577	424	28,6347	424	14,1536	
425	40,7246	425	39,8673	425	25,7605	425	28,6314	425	14,1569	
426	40,5686	426	39,7945	426	25,6447	426	28,5362	426	14,1206	
427	40,5053	427	39,7791	427	25,6844	427	28,5531	427	14,1501	
428	40,4762	428	39,7662	428	25,6831	428	28,558	428	14,1546	
429	40,4573	429	39,7087	429	25,6815	429	28,5046	429	14,1424	
430	40,427	430	39,7139	430	25,624	430	28,4995	430	14,153	
431	40,5094	431	39,6534	431	25,6335	431	28,4675	431	14,134	
432	40,4577	432	39,6176	432	25,6557	432	28,4445	432	14,1417	
433	40,5284	433	39,5996	433	25,611	433	28,4607	433	14,1209	
434	40,5333	434	39,564	434	25,6926	434	28,4658	434	14,1313	
435	40,519	435	39,5039	435	25,7138	435	28,4756	435	14,147	
436	40,4959	436	39,4733	436	25,6365	436	28,4263	436	14,1252	
437	40,1017	437	39,4545	437	25,7261	437	28,4454	437	14,1212	
438	40,1213	438	39,4149	438	25,6883	438	28,4497	438	14,1188	
439	40,0645	439	39,3658	439	25,7387	439	28,4397	439	14,0872	
440	40,0254	440	39,3685	440	25,7542	440	28,4363	440	14,1039	
441	40,1268	441	39,3496	441	25,7436	441	28,4851	441	14,1255	
442	40,0152	442	39,3029	442	25,6982	442	28,485	442	14,1207	
443	39,9662	443	39,2667	443	25,738	443	28,4555	443	14,1066	
444	39,8899	444	39,1883	444	25,677	444	28,3687	444	14,0931	
445	39,9241	445	39,2471	445	25,6978	445	28,4055	445	14,1027	
446	39,8831	446	39,1949	446	25,7219	446	28,4041	446	14,1093	
447	39,9683	447	39,1406	447	25,7028	447	28,3856	447	14,1173	
448	39,9537	448	39,109	448	25,6434	448	28,4021	448	14,0878	
449	39,8051	449	39,0736	449	25,6902	449	28,3117	449	14,0902	
450	39,719	450	39,085	450	25,5997	450	28,3199	450	14,0976	
451	39,6753	451	39,0315	451	25,6012	451	28,2837	451	14,0481	
452	39,7209	452	38,9757	452	25,6142	452	28,2769	452	14,0797	
453	39,7147	453	38,9911	453	25,5202	453	28,2345	453	14,0535	
454	39,6792	454	38,978	454	25,5362	454	28,2895	454	14,0897	
455	39,6605	455	38,994	455	25,5454	455	28,2554	455	14,0861	
456	39,6117	456	38,9565	456	25,6363	456	28,2297	456	14,0963	
457	39,5903	457	38,934	457	25,5262	457	28,1952	457	14,0734	
458	39,5006	458	38,8702	458	25,4625	458	28,1675	458	14,0477	
459	39,4456	459	38,8575	459	25,5417	459	28,182	459	14,0709	
460	39,5996	460	38,7851	460	25,4812	460	28,1301	460	14,0555	
461	39,63	461	38,7795	461	25,5019	461	28,1879	461	14,087	
462	39,5528	462	38,7488	462	25,4292	462	28,1268	462	14,0556	
463	39,4613	463	38,6786	463	25,4857	463	28,1275	463	14,0696	
464	39,4499	464	38,6346	464	25,3472	464	28,0718	464	14,0342	
465	39,4376	465	38,6371	465	25,4493	465	28,0828	465	14,0759	
466	39,449	466	38,6245	466	25,4054	466	28,0649	466	14,0911	
467	39,4452	467	38,6248	467	25,3949	467	28,0623	467	14,0652	
468	39,4068	468	38,5922	468	25,3019	468	27,9889	468	14,0581	
469	39,3759	469	38,5768	469	25,4449	469	27,9663	469	14,0562	
470	39,3552	470	38,5765	470	25,431	470	27,9773	470	14,0926	
471	39,351	471	38,4968	471	25,3777	471	28	471	14,0579	
472	39,3038	472	38,4642	472	25,382	472	27,936	472	14,0484	
473	39,3423	473	38,4431	473	25,338	473	27,9345	473	14,0287	
474	39,3671	474	38,4231	474	25,2578	474	27,9001	474	14,026	
475	39,3764	475	38,4265	475	25,3217	475	27,9239	475	14,0519	
476	39,3294	476	38,411	476	25,3782	476	27,8973	476	14,0545	
477	39,2639	477	38,3668	477	25,2059	477	27,8499	477	14,038	
478	39,1629	478	38,3564	478	25,2875	478	27,8723	478	14,0607	
479	39,1407	479	38,2576	479	25,2763	479	27,8315	479	14,0194	
480	39,1369	480	38,2443	480	25,2033	480	27,8048	480	14,0277	
481	39,081	481	38,215	481	25,2855	481	27,763	481	14,0168	
482	38,9609	482	38,2052	482	25,2261	482	27,7908	482	14,034	
483	38,8734	483	38,1379	483	25,1693	483	27,7558	483	14,0229	
484	38,9032	484	38,1088	484	25,2225	484	27,7326	484	14,0028	
485	38,7623	485	38,0911	485	25,1134	485	27,7448	485	14,0399	
486	38,7189	486	38,06	486	25,1547	486	27,7116	486	14,0306	
487	38,7249	487	38,0204	487	25,1831	487	27,6537	487	14,0002	
488	38,7633	488	38,0044	488	25,132	488	27,6658	488	14,0258	
489	38,7789	489	37,9541	489	25,0838	489	27,6131	489	13,9825	
490	38,7614	490	37,9796	490	25,1007	490	27,6021	490	14,0066	
491	38,7792	491	37,9667	491	25,0777	491	27,5905	491	14,0216	
492	38,812	492	37,8885	492	25,0439	492	27,5812	492	14,0113	
493	38,7827	493	37,8485	493	25,0488	493	27,547	493	14,0014	
494	38,7292	494	37,8395	494	25,1143	494	27,5417	494	14,0241	
495	38,6484	495	37,7882	495	25,0369	495	27,5502	495	14,0299	
496	38,6811	496	37,7685	496	25,0151	496	27,5341	496	13,9889	
497	38,5699	497	37,7532	497	25,0222	497	27,4578	497	14,0199	
498	38,5877	498	37,706	498	24,9112	498	27,4809	498	13,9942	
499	38,5812	499	37,6625	499	24,947	499	27,4379	499	13,9874	
500	38,626	500	37,6595	500	24,934	500	27,4603	500	14,0272	
501	38,6187	501	37,645	501	24,8636	501	27,457	501	14,021	
502	38,6015	502	37,6101	502	24,9719	502	27,3935	502	14,001	
503	38,5326	503	37,5934	503	24,8936	503	27,3522	503	14,017	
504	38,5273	504	37,5972	504	25,0094	504	27,3828	504	14,0122	
505	38,5065	505	37,5273	505	24,8451	505	27,3551	505	14,0219	
506	38,4997	506	37,5052	506	24,8412	506	27,3248	506	13,9969	
507	38,5119	507	37,4611	507	24,8632	507	27,3053	507	13,9834	
508	38,4008	508	37,3926	508	24,8492	508	27,2904	508	13,9936	
509	38,2567	509	37,3702	509	24,8118	509	27,2776	509	13,9797	
510	38,2612	510	37,3895	510	24,8484	510	27,2651	510	13,9813	
511	38,2237	511	37,3742	511	24,8338	511	27,2572	511	13,9605	
512	38,155	512	37,37	512	24,7295	512	27,2445	512	13,9972	
513	38,0984	513	37,3557	513	24,7462	513	27,1961	513	13,943	
514	38,1806	514	37,3427	514	24,6493	514	27,1815	514	13,9569	
515	38,1669	515	37,3116	515	24,7015	515	27,1393	515	13,9723	
516	38,1267	516	37,2936	516	24,7079	516	27,1673	516	13,994	
517	38,1009	517	37,2315	517	24,7745	517	27,115	517	13,9716	
518	38,0541	518	37,245	518	24,7451	518	27,1583	518	13,9806	
519	38,0263	519	37,22	519	24,6968	519	27,1345	519	13,9628	
520	38,0168	520	37,164	520	24,6471	520	27,0968	520	13,9456	
521	37,8788	521	37,0991	521	24,6622	521	27,0812	521	13,9375	
522	37,7156	522	37,1187	522	24,6429	522	27,1133	522	13,9713	
523	37,8531	523	37,0955	523	24,6506	523	27,0781	523	13,9538	
524	37,7324	524	37,1097	524	24,5761	524	27,0821	524	13,9603	
525	37,6065	525	37,0645	525	24,589	525	27,0548	525	13,9456	
526	37,5395	526	37,0345	526	24,6097	526	27,0519	526	13,9812	
527	37,6353	527	37,0109	527	24,5726	527	27,0432	527	13,9715	
528	37,6376	528	37,0071	528	24,6274	528	27,0261	528	13,9623	
529	37,5894	529	36,97	529	24,5846	529	26,9462	529	13,9301	
530	37,5477	530	36,9681	530	24,553	530	26,9547	530	13,9226	
531	37,5625	531	36,9448	531	24,5364	531	26,9543	531	13,9521	
532	37,5372	532	36,9183	532	24,4548	532	26,9416	532	13,9179	
533	37,5798	533	36,8663	533	24,4924	533	26,8986	533	13,9387	
534	37,5429	534	36,8287	534	24,471	534	26,8861	534	13,9324	
535	37,4771	535	36,8585	535	24,5144	535	26,9162	535	13,9475	
536	37,4203	536	36,7639	536	24,4631	536	26,8882	536	13,9182	
537	37,4519	537	36,733	537	24,4644	537	26,8971	537	13,9272	
538	37,3466	538	36,7462	538	24,5005	538	26,8849	538	13,9454	
539	37,3593	539	36,6763	539	24,4425	539	26,8389	539	13,9194	
540	37,3758	540	36,6432	540	24,5073	540	26,8455	540	13,9309	
541	37,3408	541	36,6647	541	24,4284	541	26,8229	541	13,9495	
542	37,2932	542	36,6024	542	24,3853	542	26,7728	542	13,9213	
543	37,3668	543	36,5908	543	24,4099	543	26,7932	543	13,9451	
544	37,3565	544	36,537	544	24,3786	544	26,7832	544	13,9217	
545	37,3265	545	36,5185	545	24,4455	545	26,748	545	13,9285	
546	37,3501	546	36,5266	546	24,3851	546	26,7482	546	13,943	
547	37,0836	547	36,4928	547	24,4016	547	26,7178	547	13,9195	
548	36,9954	548	36,4468	548	24,3626	548	26,6761	548	13,8874	
549	36,9503	549	36,4409	549	24,3202	549	26,6739	549	13,9128	
550	36,8999	550	36,4229	550	24,283	550	26,6576	550	13,902	
551	36,9132	551	36,3649	551	24,2722	551	26,6109	551	13,9059	
552	36,9479	552	36,3505	552	24,3238	552	26,6308	552	13,9098	
553	36,924	553	36,3683	553	24,3271	553	26,6341	553	13,9422	
554	36,8958	554	36,297	554	24,2853	554	26,5797	554	13,8786	
555	36,9127	555	36,3122	555	24,2094	555	26,5851	555	13,9098	
556	36,9225	556	36,257	556	24,2642	556	26,5213	556	13,8773	
557	36,9085	557	36,25	557	24,1811	557	26,5332	557	13,9126	
558	36,8864	558	36,232	558	24,1647	558	26,5815	558	13,9271	
559	36,8633	559	36,172	559	24,261	559	26,4997	559	13,8741	
560	36,8897	560	36,1667	560	24,2078	560	26,4995	560	13,9168	
561	36,9277	561	36,1283	561	24,2116	561	26,524	561	13,8843	
562	36,9152	562	36,1227	562	24,2083	562	26,4613	562	13,8934	
563	36,8703	563	36,0828	563	24,1258	563	26,4455	563	13,887	
564	36,9142	564	36,0246	564	24,1558	564	26,4363	564	13,9091	
565	36,9195	565	36,0376	565	24,1431	565	26,3887	565	13,9106	
566	36,9032	566	35,9833	566	24,1151	566	26,3853	566	13,8666	
567	36,8425	567	35,9996	567	24,0757	567	26,412	567	13,8922	
568	36,8809	568	35,9388	568	24,1382	568	26,3725	568	13,8713	
569	36,8683	569	35,9308	569	24,0554	569	26,3346	569	13,8746	
570	36,8278	570	35,8837	570	24,0059	570	26,3169	570	13,8976	
571	36,8363	571	35,9121	571	24,071	571	26,3191	571	13,8937	
572	36,8471	572	35,8597	572	24,0354	572	26,3124	572	13,8978	
573	36,8291	573	35,8174	573	24,0362	573	26,291	573	13,8991	
574	36,5815	574	35,8047	574	24,0116	574	26,265	574	13,8723	
575	36,4848	575	35,737	575	23,9743	575	26,2259	575	13,8396	
576	36,4838	576	35,7479	576	24,0165	576	26,2364	576	13,8745	
577	36,4316	577	35,7446	577	23,9853	577	26,2468	577	13,8973	
578	36,4211	578	35,757	578	24,0124	578	26,2564	578	13,8895	
579	36,4205	579	35,7009	579	23,9407	579	26,231	579	13,9124	
580	36,4538	580	35,6477	580	23,8457	580	26,2056	580	13,8972	
581	36,4693	581	35,6162	581	23,9197	581	26,1606	581	13,8732	
582	36,4664	582	35,589	582	23,9627	582	26,1771	582	13,8589	
583	36,4146	583	35,6005	583	23,9989	583	26,1712	583	13,9164	
584	36,2961	584	35,5381	584	23,8305	584	26,1079	584	13,8709	
585	36,2666	585	35,5378	585	23,9162	585	26,1274	585	13,8549	
586	36,2494	586	35,5484	586	23,9392	586	26,1385	586	13,899	
587	36,0958	587	35,5125	587	23,8665	587	26,1042	587	13,8662	
588	36,1149	588	35,4932	588	23,8488	588	26,0818	588	13,8556	
589	36,0259	589	35,4151	589	23,8385	589	26,0356	589	13,8461	
590	35,9441	590	35,4154	590	23,8288	590	26,0727	590	13,8922	
591	35,9276	591	35,3519	591	23,8289	591	26,053	591	13,8742	
592	35,9911	592	35,3098	592	23,8346	592	26,0049	592	13,8599	
593	36,0916	593	35,3056	593	23,7954	593	25,9917	593	13,8632	
594	36,1302	594	35,2894	594	23,8065	594	25,9669	594	13,8744	
595	36,1186	595	35,2886	595	23,7721	595	25,9288	595	13,8621	
596	36,1321	596	35,2318	596	23,6953	596	25,9111	596	13,8553	
597	36,0562	597	35,2314	597	23,8135	597	25,9182	597	13,881	
598	36,0355	598	35,2018	598	23,7382	598	25,9294	598	13,8771	
599	35,9687	599	35,1931	599	23,878	599	25,9264	599	13,8807	
600	35,8999	600	35,1488	600	23,7627	600	25,86	600	13,8465	
601	35,8865	601	35,1236	601	23,6975	601	25,8322	601	13,8313	
602	35,8257	602	35,1175	602	23,6861	602	25,86	602	13,8603	
603	35,8083	603	35,1331	603	23,7019	603	25,8299	603	13,86	
604	35,7654	604	35,1225	604	23,704	604	25,8433	604	13,8678	
605	35,7808	605	35,0513	605	23,6235	605	25,7672	605	13,8458	
606	35,7869	606	35,0435	606	23,6837	606	25,8165	606	13,8803	
607	35,8084	607	35,0178	607	23,6903	607	25,7901	607	13,8422	
608	35,8078	608	34,988	608	23,5831	608	25,7477	608	13,8452	
609	35,7443	609	35,01	609	23,6342	609	25,7747	609	13,8824	
610	35,5612	610	34,977	610	23,6146	610	25,7495	610	13,8402	
611	35,5595	611	34,9293	611	23,5423	611	25,7079	611	13,8317	
612	35,5503	612	34,9025	612	23,5824	612	25,7248	612	13,8339	
613	35,5055	613	34,8872	613	23,599	613	25,716	613	13,8593	
614	35,5978	614	34,8364	614	23,5893	614	25,6727	614	13,8562	
615	35,6854	615	34,8244	615	23,5508	615	25,638	615	13,8636	
616	35,56	616	34,8515	616	23,5649	616	25,6937	616	13,8812	
617	35,5539	617	34,8147	617	23,5419	617	25,6575	617	13,8766	
618	35,6056	618	34,7613	618	23,5134	618	25,6584	618	13,8651	
619	35,6537	619	34,7532	619	23,4996	619	25,6186	619	13,8435	
620	35,5834	620	34,7261	620	23,4689	620	25,5662	620	13,835	
621	35,3431	621	34,7271	621	23,4472	621	25,5908	621	13,8593	
622	35,2918	622	34,7181	622	23,5015	622	25,6007	622	13,8559	
623	35,2209	623	34,6609	623	23,4602	623	25,5679	623	13,8581	
624	35,1849	624	34,6032	624	23,4814	624	25,5735	624	13,8456	
625	35,209	625	34,6202	625	23,534	625	25,5604	625	13,8705	
626	35,1775	626	34,5608	626	23,4134	626	25,5553	626	13,8587	
627	35,1853	627	34,5373	627	23,4177	627	25,525	627	13,8668	
628	35,1344	628	34,5461	628	23,4587	628	25,5098	628	13,869	
629	35,1061	629	34,5066	629	23,4486	629	25,4964	629	13,8397	
630	35,1941	630	34,4674	630	23,3692	630	25,5059	630	13,8461	
631	34,9803	631	34,4446	631	23,3103	631	25,466	631	13,8515	
632	35,0044	632	34,4417	632	23,287	632	25,3998	632	13,8252	
633	34,9499	633	34,4116	633	23,3308	633	25,4364	633	13,8588	
634	34,9364	634	34,3913	634	23,2947	634	25,3867	634	13,8215	
635	34,9164	635	34,3743	635	23,2836	635	25,3875	635	13,8385	
636	34,9967	636	34,3327	636	23,3287	636	25,4089	636	13,8467	
637	34,9712	637	34,3042	637	23,3293	637	25,3745	637	13,8396	
638	34,9072	638	34,2847	638	23,3048	638	25,3623	638	13,8551	
639	34,9102	639	34,234	639	23,2796	639	25,3367	639	13,8335	
640	34,9288	640	34,2435	640	23,2741	640	25,3449	640	13,8451	
641	34,9241	641	34,2298	641	23,2985	641	25,3353	641	13,822	
642	34,8924	642	34,2354	642	23,2427	642	25,2975	642	13,852	
643	34,7999	643	34,2113	643	23,2708	643	25,2358	643	13,8523	
644	34,7805	644	34,1728	644	23,1946	644	25,2117	644	13,8169	
645	34,7892	645	34,1518	645	23,2259	645	25,1948	645	13,8489	
646	34,6846	646	34,1176	646	23,145	646	25,1999	646	13,8637	
647	34,6443	647	34,0476	647	23,1613	647	25,1317	647	13,8368	
648	34,6607	648	34,0661	648	23,1332	648	25,1306	648	13,8509	
649	34,652	649	34,0672	649	23,1712	649	25,1761	649	13,8672	
650	34,6644	650	34,0005	650	23,0971	650	25,0799	650	13,8584	
651	34,6326	651	33,9881	651	23,0998	651	25,0977	651	13,853	
652	34,6293	652	33,9794	652	23,0948	652	25,1196	652	13,8604	
653	34,6868	653	33,9667	653	23,1321	653	25,0846	653	13,8455	
654	34,6871	654	33,939	654	23,0653	654	25,0567	654	13,8693	
655	34,672	655	33,8598	655	23,0392	655	25,0056	655	13,8349	
656	34,5939	656	33,8715	656	23,0629	656	25,0553	656	13,8845	
657	34,5848	657	33,7974	657	22,9743	657	25,0089	657	13,8196	
658	34,5618	658	33,7713	658	22,9725	658	24,9527	658	13,8254	
659	34,5536	659	33,7655	659	22,9776	659	24,9946	659	13,8696	
660	34,5883	660	33,7912	660	23,0083	660	24,9832	660	13,8867	
661	34,5842	661	33,743	661	22,987	661	24,944	661	13,8562	
662	34,5947	662	33,6961	662	22,9567	662	24,9152	662	13,8433	
663	34,6078	663	33,6486	663	23,0134	663	24,9491	663	13,8746	
664	34,5417	664	33,6308	664	22,93	664	24,9216	664	13,8455	
665	34,4276	665	33,6287	665	23,0008	665	24,904	665	13,8644	
666	34,1595	666	33,6185	666	22,9304	666	24,9257	666	13,8678	
667	34,1204	667	33,5968	667	22,8976	667	24,8704	667	13,8539	
668	34,1404	668	33,6035	668	22,892	668	24,8686	668	13,8763	
669	34,1854	669	33,5863	669	22,8846	669	24,8258	669	13,8312	
670	34,1676	670	33,584	670	22,9362	670	24,831	670	13,8799	
671	33,978	671	33,55	671	22,8503	671	24,818	671	13,8629	
672	33,9838	672	33,5424	672	22,8866	672	24,8098	672	13,8795	
673	34,105	673	33,4885	673	22,8247	673	24,7928	673	13,8595	
674	34,0928	674	33,4743	674	22,8042	674	24,7705	674	13,8761	
675	34,0381	675	33,4773	675	22,8404	675	24,775	675	13,8906	
676	33,9374	676	33,4498	676	22,7661	676	24,7736	676	13,8439	
677	33,9253	677	33,436	677	22,8384	677	24,7598	677	13,8681	
678	33,8985	678	33,4472	678	22,8123	678	24,7843	678	13,8924	
679	33,9521	679	33,3958	679	22,7523	679	24,7518	679	13,8705	
680	33,9678	680	33,3633	680	22,7947	680	24,7445	680	13,8746	
681	33,9839	681	33,3588	681	22,8101	681	24,7419	681	13,8744	
682	33,9486	682	33,3739	682	22,7672	682	24,7175	682	13,8674	
683	33,8856	683	33,3294	683	22,8178	683	24,7312	683	13,8798	
684	33,8921	684	33,3172	684	22,7979	684	24,7382	684	13,8964	
685	33,8991	685	33,2419	685	22,7825	685	24,6477	685	13,8427	
686	33,8294	686	33,2379	686	22,7642	686	24,6999	686	13,8758	
687	33,7843	687	33,1858	687	22,7651	687	24,6828	687	13,8715	
688	33,7581	688	33,1447	688	22,6824	688	24,6698	688	13,875	
689	33,7015	689	33,1171	689	22,8008	689	24,667	689	13,8831	
690	33,719	690	33,1102	690	22,7266	690	24,642	690	13,8851	
691	33,7438	691	33,086	691	22,6676	691	24,6526	691	13,8901	
692	33,6236	692	33,0083	692	22,6644	692	24,6069	692	13,8883	
693	33,6055	693	32,9926	693	22,6567	693	24,5987	693	13,8757	
694	33,5714	694	32,9964	694	22,6785	694	24,5741	694	13,9077	
695	33,5856	695	32,9861	695	22,6822	695	24,5637	695	13,9077	
696	33,567	696	32,9708	696	22,663	696	24,5823	696	13,915	
697	33,5944	697	32,9552	697	22,6132	697	24,518	697	13,8868	
698	33,6348	698	32,9492	698	22,6777	698	24,5171	698	13,9141	
699	33,6241	699	32,9235	699	22,6394	699	24,4978	699	13,8918	
700	33,6567	700	32,8985	700	22,5886	700	24,5029	700	13,9164	
701	33,6533	701	32,8694	701	22,6084	701	24,4905	701	13,9001	
702	33,6878	702	32,8328	702	22,6449	702	24,4797	702	13,9049	
703	33,8276	703	32,8144	703	22,6367	703	24,4847	703	13,91	
704	33,7972	704	32,8162	704	22,569	704	24,4464	704	13,9161	
705	33,8232	705	32,7298	705	22,5201	705	24,4349	705	13,9155	
706	33,7946	706	32,7197	706	22,5108	706	24,4597	706	13,8953	
707	33,6225	707	32,6874	707	22,5398	707	24,4125	707	13,8939	
708	33,2921	708	32,6534	708	22,5452	708	24,3716	708	13,8932	
709	33,2019	709	32,6354	709	22,5038	709	24,3776	709	13,9078	
710	33,1296	710	32,6504	710	22,5142	710	24,4064	710	13,8987	
711	33,1175	711	32,635	711	22,5006	711	24,3578	711	13,9121	
712	33,1893	712	32,628	712	22,4978	712	24,3564	712	13,8988	
713	33,1738	713	32,6099	713	22,4828	713	24,3628	713	13,9314	
714	33,1553	714	32,5674	714	22,4659	714	24,3242	714	13,8906	
715	33,1813	715	32,5809	715	22,4616	715	24,3269	715	13,8986	
716	33,134	716	32,5702	716	22,4816	716	24,2845	716	13,9054	
717	33,0106	717	32,586	717	22,4696	717	24,297	717	13,949	
718	33,0142	718	32,5355	718	22,4073	718	24,2656	718	13,9192	
719	32,9635	719	32,5061	719	22,4898	719	24,2846	719	13,9151	
720	32,9489	720	32,4941	720	22,4952	720	24,2607	720	13,9325	
721	32,9539	721	32,4576	721	22,4243	721	24,266	721	13,9225	
722	32,9599	722	32,4226	722	22,38	722	24,2393	722	13,9146	
723	32,9455	723	32,3879	723	22,4069	723	24,2104	723	13,9213	
724	32,92	724	32,3659	724	22,5145	724	24,2535	724	13,9447	
725	32,9775	725	32,3644	725	22,387	725	24,2401	725	13,9355	
726	32,9239	726	32,315	726	22,3481	726	24,1994	726	13,9149	
727	32,9039	727	32,3135	727	22,3673	727	24,1756	727	13,9262	
728	32,8943	728	32,271	728	22,3368	728	24,1725	728	13,9322	
729	32,8807	729	32,2245	729	22,3562	729	24,1829	729	13,9026	
730	32,8836	730	32,2156	730	22,3287	730	24,1417	730	13,9159	
731	32,8527	731	32,1902	731	22,2983	731	24,1204	731	13,9373	
732	32,8781	732	32,1109	732	22,2997	732	24,0991	732	13,9091	
733	32,8571	733	32,1537	733	22,2591	733	24,1493	733	13,9364	
734	32,8304	734	32,1321	734	22,3429	734	24,0931	734	13,9402	
735	32,7821	735	32,1141	735	22,3058	735	24,0797	735	13,9491	
736	32,8211	736	32,0855	736	22,2703	736	24,1023	736	13,9591	
737	32,792	737	32,087	737	22,2439	737	24,0765	737	13,9526	
738	32,7673	738	32,055	738	22,2698	738	24,0371	738	13,9358	
739	32,786	739	32,0299	739	22,2402	739	24,0444	739	13,9441	
740	32,7231	740	32,0189	740	22,1998	740	24,04	740	13,9615	
741	32,7297	741	31,9799	741	22,1888	741	24,0082	741	13,9615	
742	32,6511	742	31,9772	742	22,2051	742	24,0132	742	13,9455	
743	32,6034	743	31,9379	743	22,2203	743	23,9938	743	13,9589	
744	32,628	744	31,9153	744	22,2699	744	23,9852	744	13,9478	
745	32,6037	745	31,8878	745	22,1787	745	23,9703	745	13,937	
746	32,5113	746	31,8983	746	22,1487	746	23,9318	746	13,9483	
747	32,5484	747	31,8521	747	22,1645	747	23,9254	747	13,9518	
748	32,4857	748	31,8624	748	22,2659	748	23,9282	748	13,9599	
749	32,4963	749	31,8434	749	22,177	749	23,901	749	13,9525	
750	32,5061	750	31,8092	750	22,1089	750	23,9001	750	13,9316	
751	32,4745	751	31,7762	751	22,0808	751	23,874	751	13,952	
752	32,4117	752	31,7358	752	22,1111	752	23,8422	752	13,9219	
753	32,3239	753	31,7747	753	22,0741	753	23,9061	753	13,9595	
754	32,2828	754	31,7267	754	22,0376	754	23,861	754	13,9394	
755	32,238	755	31,6783	755	22,1308	755	23,8274	755	13,9479	
756	32,2521	756	31,6711	756	22,078	756	23,8442	756	13,9773	
757	32,2817	757	31,6713	757	22,0886	757	23,8245	757	13,9469	
758	32,3133	758	31,6022	758	22,1397	758	23,8207	758	13,9354	
759	32,2874	759	31,6065	759	22,0603	759	23,7853	759	13,9408	
760	32,2792	760	31,6141	760	22,0134	760	23,8057	760	13,9589	
761	32,2576	761	31,5788	761	22,0489	761	23,7683	761	13,9675	
762	32,2467	762	31,5779	762	22,0749	762	23,7645	762	13,9565	
763	32,2458	763	31,5641	763	22,08	763	23,7199	763	13,9668	
764	32,1802	764	31,5794	764	22,0248	764	23,7599	764	13,9952	
765	32,0881	765	31,5768	765	22,0715	765	23,7412	765	13,9692	
766	32,0381	766	31,4868	766	21,967	766	23,6917	766	13,9403	
767	32,032	767	31,4765	767	21,9205	767	23,687	767	13,9489	
768	32,0139	768	31,4277	768	21,9244	768	23,7026	768	13,9427	
769	31,9832	769	31,4481	769	22,007	769	23,7175	769	13,9606	
770	31,9604	770	31,4218	770	21,9672	770	23,6829	770	13,942	
771	31,9364	771	31,4092	771	21,9507	771	23,6736	771	13,9616	
772	31,9413	772	31,3643	772	21,9021	772	23,6241	772	13,9594	
773	31,9232	773	31,3777	773	21,9014	773	23,6352	773	13,9668	
774	31,9363	774	31,3459	774	21,9275	774	23,6306	774	13,9893	
775	31,8865	775	31,3176	775	21,9313	775	23,6078	775	13,9811	
776	31,8746	776	31,2846	776	21,8743	776	23,5779	776	13,9567	
777	31,8207	777	31,2594	777	21,9119	777	23,5743	777	13,9454	
778	31,8586	778	31,2663	778	21,8809	778	23,575	778	13,9748	
779	31,8755	779	31,2131	779	21,8623	779	23,5621	779	13,9613	
780	31,8863	780	31,2023	780	21,8362	780	23,5489	780	13,9546	
781	31,9123	781	31,1805	781	21,8342	781	23,5113	781	13,9497	
782	31,9189	782	31,1566	782	21,8655	782	23,5232	782	13,9526	
783	31,9059	783	31,147	783	21,7776	783	23,5258	783	13,9595	
784	31,8824	784	31,0918	784	21,7897	784	23,4598	784	13,9545	
785	31,746	785	31,1116	785	21,8594	785	23,5266	785	13,9465	
786	31,6674	786	31,0871	786	21,8356	786	23,4882	786	13,9731	
787	31,6347	787	31,0673	787	21,7806	787	23,4792	787	13,9626	
788	31,5924	788	31,065	788	21,7883	788	23,4504	788	13,9755	
789	31,6543	789	31,0469	789	21,922	789	23,4695	789	13,9795	
790	31,6237	790	31,0069	790	21,7727	790	23,4273	790	13,9694	
791	31,7166	791	31,0243	791	21,7159	791	23,4302	791	13,9589	
792	31,706	792	30,9742	792	21,753	792	23,3825	792	13,9443	
793	31,6535	793	30,9989	793	21,7931	793	23,4159	793	13,9661	
794	31,5882	794	31,0086	794	21,7617	794	23,422	794	13,9879	
795	31,5724	795	30,9951	795	21,8432	795	23,4315	795	14,0046	
796	31,5466	796	30,9513	796	21,7062	796	23,3921	796	13,9602	
797	31,5473	797	30,9516	797	21,7695	797	23,391	797	13,9705	
798	31,5387	798	30,9218	798	21,8105	798	23,3558	798	13,9726	
799	31,4819	799	30,9085	799	21,7721	799	23,3623	799	13,942	
800	31,4557	800	30,9072	800	21,6963	800	23,3519	800	13,9807	
801	31,4285	801	30,8763	801	21,677	801	23,3549	801	13,9823	
802	31,3822	802	30,8296	802	21,6982	802	23,3382	802	13,9578	
803	31,3725	803	30,8328	803	21,7119	803	23,3438	803	13,963	
804	31,383	804	30,7727	804	21,6914	804	23,3206	804	13,9815	
805	31,3501	805	30,7692	805	21,6794	805	23,3313	805	13,9709	
806	31,3524	806	30,725	806	21,6959	806	23,3028	806	13,977	
807	31,3413	807	30,7618	807	21,698	807	23,2846	807	13,9977	
808	31,354	808	30,7157	808	21,66	808	23,266	808	13,9838	
809	31,295	809	30,7042	809	21,6167	809	23,2568	809	13,9826	
810	31,3018	810	30,6693	810	21,6805	810	23,2671	810	13,9843	
811	31,2606	811	30,6579	811	21,57	811	23,2797	811	13,9952	
812	31,2256	812	30,6736	812	21,6067	812	23,2454	812	14,0135	
813	31,1766	813	30,6211	813	21,6391	813	23,2285	813	13,9884	
814	31,113	814	30,6218	814	21,6142	814	23,2288	814	13,9934	
815	31,1378	815	30,6061	815	21,6448	815	23,1884	815	13,9799	
816	31,1042	816	30,5638	816	21,6078	816	23,158	816	13,9684	
817	31,0929	817	30,5405	817	21,5843	817	23,1814	817	13,9881	
818	31,1024	818	30,5245	818	21,5724	818	23,1639	818	14	
819	31,0341	819	30,5105	819	21,5219	819	23,1597	819	13,9625	
820	30,9712	820	30,5349	820	21,5337	820	23,1356	820	13,9677	
821	30,996	821	30,5079	821	21,542	821	23,1264	821	13,9756	
822	30,9605	822	30,5284	822	21,5304	822	23,1233	822	13,9959	
823	30,9811	823	30,444	823	21,4429	823	23,0464	823	13,9331	
824	30,9912	824	30,468	824	21,4809	824	23,1202	824	13,9913	
825	30,9627	825	30,3903	825	21,4471	825	23,0888	825	13,9506	
826	30,9444	826	30,3893	826	21,4442	826	23,1106	826	13,9835	
827	30,9331	827	30,315	827	21,448	827	23,0973	827	13,9587	
828	30,9212	828	30,298	828	21,4645	828	23,0499	828	13,9448	
829	30,8272	829	30,2621	829	21,5027	829	23,0592	829	13,9856	
830	30,8478	830	30,2826	830	21,503	830	23,0609	830	13,9916	
831	30,7441	831	30,2516	831	21,4509	831	23,0174	831	13,974	
832	30,7535	832	30,2293	832	21,4346	832	23,0002	832	13,9795	
833	30,7892	833	30,23	833	21,3945	833	22,9848	833	13,9707	
834	30,772	834	30,1834	834	21,4062	834	23,005	834	13,9692	
835	30,7556	835	30,1766	835	21,3742	835	22,9617	835	13,9489	
836	30,789	836	30,1565	836	21,3716	836	22,9524	836	13,9519	
837	30,7924	837	30,1699	837	21,3741	837	22,937	837	13,9788	
838	30,7743	838	30,1532	838	21,3919	838	22,9476	838	13,96	
839	30,7044	839	30,1588	839	21,372	839	22,9561	839	13,969	
840	30,7206	840	30,1107	840	21,3471	840	22,9157	840	13,9479	
841	30,7017	841	30,0962	841	21,279	841	22,9168	841	13,9928	
842	30,5925	842	30,0637	842	21,3035	842	22,9162	842	13,986	
843	30,5906	843	30,054	843	21,3355	843	22,9008	843	13,9609	
844	30,43	844	30,0216	844	21,2929	844	22,872	844	13,9667	
845	30,4717	845	29,9652	845	21,3266	845	22,873	845	13,9568	
846	30,3801	846	29,9982	846	21,3423	846	22,8844	846	13,9802	
847	30,3161	847	29,9631	847	21,3003	847	22,851	847	13,9503	
848	30,3181	848	29,9501	848	21,3706	848	22,8445	848	13,9753	
849	30,3658	849	29,9434	849	21,2762	849	22,8074	849	13,9747	
850	30,3577	850	29,9692	850	21,2676	850	22,8315	850	13,9832	
851	30,3518	851	29,9663	851	21,2718	851	22,8007	851	13,9898	
852	30,3728	852	29,9538	852	21,2705	852	22,8292	852	13,9799	
853	30,4554	853	29,925	853	21,2481	853	22,7653	853	13,9451	
854	30,4535	854	29,8805	854	21,2388	854	22,7909	854	13,9924	
855	30,4019	855	29,9028	855	21,2257	855	22,8276	855	13,9878	
856	30,2446	856	29,8644	856	21,1923	856	22,7677	856	13,9604	
857	30,3767	857	29,8308	857	21,2456	857	22,7802	857	13,9849	
858	30,4687	858	29,7829	858	21,1968	858	22,7628	858	13,9678	
859	30,4776	859	29,8022	859	21,2419	859	22,7581	859	13,9841	
860	30,2892	860	29,7692	860	21,1907	860	22,7391	860	13,9788	
861	30,3026	861	29,7446	861	21,2005	861	22,7389	861	13,9715	
862	30,3207	862	29,7219	862	21,1628	862	22,7359	862	13,9651	
863	30,3456	863	29,7182	863	21,1354	863	22,6839	863	13,9528	
864	30,2828	864	29,7471	864	21,1399	864	22,7003	864	13,9726	
865	30,1876	865	29,7265	865	21,1704	865	22,698	865	13,9736	
866	30,1777	866	29,707	866	21,1777	866	22,7091	866	13,98	
867	30,1587	867	29,6587	867	21,166	867	22,6941	867	13,964	
868	30,1448	868	29,6905	868	21,1241	868	22,6769	868	13,9943	
869	30,0376	869	29,6499	869	21,1315	869	22,6715	869	13,9822	
870	30,0165	870	29,6165	870	21,1637	870	22,6341	870	13,9679	
871	29,9865	871	29,5814	871	21,1232	871	22,6358	871	13,9829	
872	30,0355	872	29,5307	872	21,037	872	22,5823	872	13,9443	
873	29,9832	873	29,5923	873	21,1057	873	22,6788	873	14,0034	
874	29,995	874	29,5931	874	21,0563	874	22,6154	874	13,9724	
875	29,9408	875	29,5344	875	21,0697	875	22,6131	875	13,9624	
876	29,9789	876	29,5345	876	21,0683	876	22,5843	876	13,9678	
877	29,9908	877	29,5306	877	21,0672	877	22,604	877	13,9714	
878	29,9851	878	29,4989	878	21,0514	878	22,5517	878	13,9765	
879	29,9477	879	29,4594	879	21,059	879	22,5437	879	13,9655	
880	29,928	880	29,4689	880	21,0628	880	22,5755	880	13,9627	
881	29,8939	881	29,4234	881	20,981	881	22,5576	881	13,9834	
882	29,9334	882	29,4281	882	21,0479	882	22,5179	882	13,9749	
883	29,8848	883	29,3768	883	21,0554	883	22,5491	883	13,9781	
884	29,8792	884	29,3701	884	21,0354	884	22,5125	884	13,9928	
885	29,9078	885	29,355	885	21,0832	885	22,5078	885	13,9856	
886	29,8907	886	29,3046	886	21,0026	886	22,4982	886	13,9646	
887	29,8126	887	29,2646	887	20,9457	887	22,4803	887	13,9641	
888	29,7413	888	29,2751	888	21,0065	888	22,4738	888	13,9609	
889	29,7592	889	29,2444	889	20,9239	889	22,4538	889	13,9546	
890	29,7415	890	29,2309	890	20,9392	890	22,4203	890	13,9423	
891	29,7348	891	29,242	891	20,9727	891	22,4523	891	13,9598	
892	29,7056	892	29,2135	892	20,9454	892	22,4416	892	13,9552	
893	29,7487	893	29,1862	893	20,9415	893	22,3895	893	13,9471	
894	29,6208	894	29,2173	894	20,9568	894	22,4213	894	13,9724	
895	29,5543	895	29,1634	895	20,8897	895	22,3912	895	13,9669	
896	29,4408	896	29,1613	896	20,9023	896	22,3952	896	13,9739	
897	29,4398	897	29,1391	897	20,906	897	22,3814	897	13,9499	
898	29,4472	898	29,1386	898	20,9496	898	22,3814	898	13,9566	
899	29,4459	899	29,1228	899	20,8175	899	22,3205	899	13,9377	
900	29,4546	900	29,1198	900	20,8738	900	22,3535	900	13,9704	
901	29,484	901	29,1278	901	20,9197	901	22,3743	901	13,9651	
902	29,4837	902	29,1074	902	20,8731	902	22,341	902	13,9598	
903	29,5071	903	29,103	903	20,8393	903	22,338	903	13,9667	
904	29,5054	904	29,0566	904	20,8337	904	22,2998	904	13,9602	
905	29,5237	905	29,0589	905	20,8736	905	22,3111	905	13,9736	
906	29,3954	906	29,0751	906	20,8405	906	22,3189	906	13,9556	
907	29,3763	907	29	907	20,817	907	22,2713	907	13,9225	
908	29,3705	908	29,0225	908	20,798	908	22,266	908	13,9491	
909	29,3915	909	28,9734	909	20,7912	909	22,272	909	13,9289	
910	29,2706	910	28,9663	910	20,8059	910	22,2791	910	13,9541	
911	29,2032	911	28,9135	911	20,7597	911	22,1979	911	13,9201	
912	29,2843	912	28,8703	912	20,8001	912	22,2255	912	13,9203	
913	29,3594	913	28,8874	913	20,8145	913	22,2176	913	13,9567	
914	29,3121	914	28,8473	914	20,7803	914	22,2071	914	13,9504	
915	29,3056	915	28,8456	915	20,7767	915	22,2187	915	13,9449	
916	29,3866	916	28,8464	916	20,7458	916	22,2105	916	13,9743	
917	29,3787	917	28,8087	917	20,7609	917	22,1906	917	13,9476	
918	29,3474	918	28,7997	918	20,7542	918	22,1734	918	13,9603	
919	29,3594	919	28,7568	919	20,7052	919	22,1577	919	13,966	
920	29,2837	920	28,7164	920	20,6693	920	22,1313	920	13,9412	
921	29,1175	921	28,7272	921	20,7011	921	22,1124	921	13,9408	
922	29,1799	922	28,7263	922	20,7329	922	22,1351	922	13,9308	
923	29,0564	923	28,7514	923	20,7193	923	22,1111	923	13,9457	
924	29,0108	924	28,7172	924	20,7521	924	22,1013	924	13,9559	
925	28,9605	925	28,6791	925	20,6431	925	22,0919	925	13,9411	
926	28,9144	926	28,6621	926	20,7095	926	22,0635	926	13,9187	
927	28,9526	927	28,6636	927	20,6953	927	22,1047	927	13,9174	
928	29,0137	928	28,6306	928	20,6441	928	22,0862	928	13,9712	
929	29,0399	929	28,6149	929	20,6766	929	22,0647	929	13,919	
930	29,019	930	28,5899	930	20,6344	930	22,0377	930	13,9434	
931	29,0827	931	28,5582	931	20,6134	931	22,0205	931	13,937	
932	29,1168	932	28,555	932	20,6082	932	22,0579	932	13,9499	
933	29,1407	933	28,5564	933	20,6291	933	22,0347	933	13,9566	
934	29,1854	934	28,5062	934	20,6131	934	22,0037	934	13,9334	
935	28,9381	935	28,5258	935	20,6248	935	21,9547	935	13,9456	
936	28,8919	936	28,5128	936	20,6326	936	21,9488	936	13,9277	
937	29,0394	937	28,5186	937	20,5787	937	21,983	937	13,9789	
938	28,8994	938	28,4688	938	20,6176	938	21,9585	938	13,9637	
939	28,8274	939	28,4384	939	20,6416	939	21,9464	939	13,9182	
940	28,8667	940	28,422	940	20,5273	940	21,917	940	13,9177	
941	28,8201	941	28,4319	941	20,5649	941	21,9441	941	13,9669	
942	28,7444	942	28,4069	942	20,5653	942	21,909	942	13,9554	
943	28,7573	943	28,4209	943	20,5761	943	21,9108	943	13,92	
944	28,7225	944	28,4079	944	20,5464	944	21,9096	944	13,9364	
945	28,6501	945	28,4236	945	20,5251	945	21,8902	945	13,947	
946	28,7699	946	28,3965	946	20,5344	946	21,8895	946	13,9525	
947	28,8176	947	28,37	947	20,5936	947	21,8908	947	13,9443	
948	28,8554	948	28,3457	948	20,4766	948	21,8265	948	13,9478	
949	28,6345	949	28,2591	949	20,5393	949	21,8442	949	13,9322	
950	28,6196	950	28,2711	950	20,5471	950	21,8586	950	13,92	
951	28,6528	951	28,274	951	20,4613	951	21,833	951	13,9252	
952	28,647	952	28,2025	952	20,5202	952	21,8394	952	13,9273	
953	28,6713	953	28,219	953	20,4462	953	21,8607	953	13,922	
954	28,6365	954	28,1555	954	20,4619	954	21,7844	954	13,8987	
955	28,626	955	28,1462	955	20,4588	955	21,7894	955	13,9261	
956	28,6924	956	28,156	956	20,4349	956	21,7437	956	13,8921	
957	28,7438	957	28,1456	957	20,443	957	21,7911	957	13,9398	
958	28,7864	958	28,1723	958	20,4533	958	21,7871	958	13,9558	
959	28,8355	959	28,1463	959	20,4561	959	21,7686	959	13,9086	
960	28,8262	960	28,1297	960	20,4284	960	21,732	960	13,905	
961	28,785	961	28,1487	961	20,366	961	21,7526	961	13,9229	
962	28,5557	962	28,1114	962	20,3986	962	21,7088	962	13,9251	
963	28,4831	963	28,0785	963	20,4039	963	21,6933	963	13,9081	
964	28,254	964	28,0447	964	20,3803	964	21,7005	964	13,8863	
965	28,2573	965	28,0207	965	20,3737	965	21,6712	965	13,8854	
966	28,236	966	28,0097	966	20,3849	966	21,6843	966	13,9052	
967	28,237	967	28,0094	967	20,4301	967	21,6669	967	13,8996	
968	28,2438	968	27,9797	968	20,4149	968	21,6437	968	13,9106	
969	28,2296	969	27,9747	969	20,3377	969	21,65	969	13,9178	
970	28,2655	970	27,9471	970	20,3513	970	21,6417	970	13,9067	
971	28,3275	971	27,9055	971	20,3606	971	21,606	971	13,8765	
972	28,3553	972	27,9111	972	20,3557	972	21,5903	972	13,8811	
973	28,2714	973	27,9006	973	20,304	973	21,6276	973	13,8744	
974	28,3577	974	27,9102	974	20,3463	974	21,6221	974	13,9017	
975	28,3062	975	27,9016	975	20,2883	975	21,5869	975	13,8997	
976	28,3373	976	27,8944	976	20,3082	976	21,6223	976	13,9115	
977	28,3382	977	27,89	977	20,2368	977	21,5624	977	13,9079	
978	28,3192	978	27,8534	978	20,2687	978	21,5754	978	13,8866	
979	28,2629	979	27,8806	979	20,3455	979	21,588	979	13,9051	
980	28,1163	980	27,8537	980	20,3174	980	21,5619	980	13,8774	
981	28,0921	981	27,836	981	20,3485	981	21,5385	981	13,8839	
982	28,1602	982	27,83	982	20,3519	982	21,5879	982	13,9169	
983	28,1627	983	27,7791	983	20,287	983	21,5239	983	13,9012	
984	28,1452	984	27,7867	984	20,2723	984	21,5154	984	13,9079	
985	28,0909	985	27,7583	985	20,2143	985	21,5091	985	13,8677	
986	28,1057	986	27,7568	986	20,2265	986	21,509	986	13,8514	
987	28,1082	987	27,7379	987	20,2435	987	21,4957	987	13,8766	
988	28,1058	988	27,6977	988	20,241	988	21,4917	988	13,8874	
989	28,0638	989	27,6844	989	20,1911	989	21,458	989	13,8659	
990	28,0861	990	27,6512	990	20,2033	990	21,4664	990	13,8495	
991	28,0457	991	27,6968	991	20,2605	991	21,4809	991	13,9032	
992	28,031	992	27,6575	992	20,2039	992	21,4381	992	13,8844	
993	28,0091	993	27,6147	993	20,2172	993	21,4357	993	13,8525	
994	28,0386	994	27,6389	994	20,1909	994	21,4222	994	13,8642	
995	28,0397	995	27,6172	995	20,1282	995	21,4312	995	13,8517	
996	28,0175	996	27,6021	996	20,1163	996	21,3866	996	13,8479	
997	27,9626	997	27,6252	997	20,1827	997	21,434	997	13,8722	
998	27,7896	998	27,5573	998	20,0712	998	21,3605	998	13,8259	
999	27,9052	999	27,5403	999	20,083	999	21,3662	999	13,8283	
1000	27,8173	1000	27,5575	1000	20,1436	1000	21,3631	1000	13,8472	
1001	27,828	1001	27,5477	1001	20,1161	1001	21,3656	1001	13,8372	
1002	27,8173	1002	27,5401	1002	20,1217	1002	21,3693	1002	13,8729	
1003	27,7354	1003	27,4912	1003	20,0929	1003	21,3168	1003	13,7996	
1004	27,7023	1004	27,5041	1004	20,087	1004	21,3317	1004	13,8508	
1005	27,6791	1005	27,519	1005	20,1341	1005	21,3542	1005	13,8653	
1006	27,6846	1006	27,4468	1006	20,1218	1006	21,311	1006	13,841	
1007	27,7362	1007	27,4416	1007	20,0743	1007	21,3281	1007	13,8248	
1008	27,7143	1008	27,4359	1008	20,1478	1008	21,3138	1008	13,8628	
1009	27,6457	1009	27,4051	1009	20,0926	1009	21,3368	1009	13,8679	
1010	27,7432	1010	27,3914	1010	20,0053	1010	21,2705	1010	13,8307	
1011	27,763	1011	27,4339	1011	20,1558	1011	21,3104	1011	13,8418	
1012	27,7161	1012	27,3731	1012	20,0158	1012	21,2777	1012	13,8094	
1013	27,6643	1013	27,37	1013	20,0008	1013	21,2765	1013	13,8286	
1014	27,591	1014	27,3292	1014	20,02	1014	21,2638	1014	13,8493	
1015	27,5149	1015	27,3123	1015	20,0347	1015	21,2435	1015	13,8002	
1016	27,4711	1016	27,296	1016	19,9946	1016	21,2267	1016	13,8243	
1017	27,477	1017	27,2726	1017	20,0171	1017	21,2458	1017	13,834	
1018	27,532	1018	27,2477	1018	19,9788	1018	21,2165	1018	13,8203	
1019	27,4914	1019	27,2713	1019	19,9716	1019	21,216	1019	13,8227	
1020	27,4828	1020	27,2276	1020	19,986	1020	21,1949	1020	13,8014	
1021	27,5489	1021	27,235	1021	19,9631	1021	21,1672	1021	13,8246	
1022	27,4796	1022	27,2073	1022	19,9562	1022	21,1627	1022	13,8066	
1023	27,4952	1023	27,2578	1023	19,9699	1023	21,1896	1023	13,8262	
1024	27,4687	1024	27,1858	1024	19,9321	1024	21,1253	1024	13,7796	
1025	27,3355	1025	27,1695	1025	19,9281	1025	21,1403	1025	13,7846	
1026	27,3174	1026	27,1699	1026	19,9113	1026	21,1653	1026	13,8064	
1027	27,3336	1027	27,1554	1027	19,8963	1027	21,1285	1027	13,7851	
1028	27,3279	1028	27,1416	1028	19,9047	1028	21,1178	1028	13,7887	
1029	27,2603	1029	27,1167	1029	19,8886	1029	21,1094	1029	13,796	
1030	27,2893	1030	27,0914	1030	19,886	1030	21,1101	1030	13,7714	
1031	27,3713	1031	27,0677	1031	19,8782	1031	21,091	1031	13,7827	
1032	27,3586	1032	27,0847	1032	19,892	1032	21,1176	1032	13,8028	
1033	27,3796	1033	27,039	1033	19,8651	1033	21,0991	1033	13,768	
1034	27,3508	1034	27,0265	1034	19,8477	1034	21,0832	1034	13,7877	
1035	27,2828	1035	26,999	1035	19,8466	1035	21,0475	1035	13,7485	
1036	27,2969	1036	27,004	1036	19,854	1036	21,043	1036	13,7564	
1037	27,3418	1037	27,0112	1037	19,8409	1037	21,0788	1037	13,7843	
1038	27,2533	1038	26,9801	1038	19,8214	1038	21,0257	1038	13,7671	
1039	27,2222	1039	26,9596	1039	19,8202	1039	21,015	1039	13,7621	
1040	27,2005	1040	26,9231	1040	19,783	1040	20,9873	1040	13,7724	
1041	27,2205	1041	26,9249	1041	19,801	1041	21,0313	1041	13,7375	
1042	27,1976	1042	26,9268	1042	19,7678	1042	21,0105	1042	13,7414	
1043	27,2044	1043	26,8897	1043	19,7618	1043	20,9713	1043	13,7482	
1044	27,3206	1044	26,8758	1044	19,7549	1044	20,9611	1044	13,767	
1045	27,3034	1045	26,8605	1045	19,7253	1045	20,9576	1045	13,7554	
1046	27,0983	1046	26,8469	1046	19,8008	1046	20,9491	1046	13,7354	
1047	27,099	1047	26,8499	1047	19,7559	1047	20,9559	1047	13,7551	
1048	27,1592	1048	26,831	1048	19,752	1048	20,9724	1048	13,7412	
1049	27,1319	1049	26,8124	1049	19,747	1049	20,9291	1049	13,7143	
1050	26,9405	1050	26,8283	1050	19,679	1050	20,9342	1050	13,7352	
1051	26,8878	1051	26,7711	1051	19,6718	1051	20,9056	1051	13,7174	
1052	26,9496	1052	26,8304	1052	19,7623	1052	20,9709	1052	13,7649	
1053	27,0695	1053	26,7557	1053	19,7047	1053	20,8949	1053	13,7123	
1054	26,9274	1054	26,7186	1054	19,7301	1054	20,8894	1054	13,7044	
1055	26,8542	1055	26,7204	1055	19,6778	1055	20,8632	1055	13,7201	
1056	26,8841	1056	26,7014	1056	19,6439	1056	20,8697	1056	13,7209	
1057	26,8683	1057	26,7221	1057	19,6481	1057	20,8734	1057	13,7126	
1058	26,8467	1058	26,6694	1058	19,598	1058	20,82	1058	13,7228	
1059	26,7896	1059	26,6716	1059	19,6505	1059	20,8525	1059	13,7155	
1060	26,7918	1060	26,6621	1060	19,6955	1060	20,8307	1060	13,7202	
1061	26,7084	1061	26,6294	1061	19,6137	1061	20,8177	1061	13,6991	
1062	26,7786	1062	26,6224	1062	19,6062	1062	20,8301	1062	13,6863	
1063	26,7964	1063	26,6109	1063	19,642	1063	20,8	1063	13,6832	
1064	26,8229	1064	26,5998	1064	19,5991	1064	20,8012	1064	13,6863	
1065	26,8236	1065	26,5696	1065	19,5882	1065	20,7728	1065	13,672	
1066	26,7647	1066	26,5612	1066	19,6243	1066	20,7951	1066	13,7007	
1067	26,7401	1067	26,5517	1067	19,602	1067	20,7548	1067	13,682	
1068	26,6818	1068	26,5458	1068	19,6059	1068	20,7796	1068	13,6865	
1069	26,9533	1069	26,5354	1069	19,5543	1069	20,7574	1069	13,687	
1070	26,9196	1070	26,4932	1070	19,5516	1070	20,7206	1070	13,672	
1071	26,7754	1071	26,5004	1071	19,5195	1071	20,7222	1071	13,6879	
1072	26,7826	1072	26,5102	1072	19,5493	1072	20,7187	1072	13,7183	
1073	26,7281	1073	26,533	1073	19,5357	1073	20,6905	1073	13,6827	
1074	26,6661	1074	26,5134	1074	19,5155	1074	20,6954	1074	13,6695	
1075	26,667	1075	26,5303	1075	19,5273	1075	20,7086	1075	13,6762	
1076	26,6849	1076	26,4587	1076	19,5511	1076	20,6793	1076	13,6686	
1077	26,6265	1077	26,4278	1077	19,5139	1077	20,6724	1077	13,6674	
1078	26,6338	1078	26,3952	1078	19,48	1078	20,6586	1078	13,6487	
1079	26,6286	1079	26,3802	1079	19,4883	1079	20,6877	1079	13,677	
1080	26,6221	1080	26,3634	1080	19,4395	1080	20,6461	1080	13,6691	
1081	26,6152	1081	26,3422	1081	19,4515	1081	20,6348	1081	13,661	
1082	26,639	1082	26,3224	1082	19,507	1082	20,6381	1082	13,6496	
1083	26,5886	1083	26,3293	1083	19,5092	1083	20,6327	1083	13,6656	
1084	26,5232	1084	26,2989	1084	19,4317	1084	20,5822	1084	13,6397	
1085	26,43	1085	26,3154	1085	19,4492	1085	20,5765	1085	13,6416	
1086	26,4487	1086	26,2858	1086	19,4536	1086	20,5904	1086	13,656	
1087	26,5736	1087	26,2756	1087	19,3901	1087	20,5849	1087	13,6509	
1088	26,616	1088	26,2783	1088	19,398	1088	20,5743	1088	13,6508	
1089	26,4804	1089	26,2609	1089	19,4161	1089	20,5682	1089	13,6523	
1090	26,432	1090	26,2479	1090	19,3822	1090	20,5907	1090	13,6492	
1091	26,4326	1091	26,2316	1091	19,3877	1091	20,5373	1091	13,6384	
1092	26,4005	1092	26,1861	1092	19,4263	1092	20,5229	1092	13,6239	
1093	26,3635	1093	26,2226	1093	19,4293	1093	20,5372	1093	13,6321	
1094	26,4434	1094	26,1928	1094	19,4227	1094	20,522	1094	13,6607	
1095	26,3908	1095	26,1992	1095	19,3417	1095	20,5213	1095	13,6343	
1096	26,3307	1096	26,1626	1096	19,3799	1096	20,4884	1096	13,5949	
1097	26,1931	1097	26,162	1097	19,3859	1097	20,4929	1097	13,6434	
1098	26,2346	1098	26,13	1098	19,3841	1098	20,4703	1098	13,6287	
1099	26,2748	1099	26,1421	1099	19,3702	1099	20,4554	1099	13,6337	
1100	26,2686	1100	26,1007	1100	19,3993	1100	20,4556	1100	13,6363	
1101	26,2331	1101	26,1051	1101	19,3397	1101	20,4605	1101	13,6055	
1102	26,2718	1102	26,099	1102	19,3829	1102	20,469	1102	13,6174	
1103	26,2341	1103	26,1014	1103	19,3364	1103	20,4548	1103	13,6537	
1104	26,2417	1104	26,0964	1104	19,3428	1104	20,4527	1104	13,6191	
1105	26,2115	1105	26,0508	1105	19,267	1105	20,4263	1105	13,5954	
1106	26,1647	1106	26,0337	1106	19,3024	1106	20,4119	1106	13,5877	
1107	26,1645	1107	26,0106	1107	19,2963	1107	20,3996	1107	13,6211	
1108	26,1395	1108	25,9825	1108	19,2875	1108	20,3875	1108	13,6127	
1109	26,1947	1109	26,0134	1109	19,3053	1109	20,4105	1109	13,6101	
1110	26,2194	1110	25,9775	1110	19,3105	1110	20,4171	1110	13,6273	
1111	26,2127	1111	25,9804	1111	19,2294	1111	20,3735	1111	13,622	
1112	26,1833	1112	25,9155	1112	19,2506	1112	20,3548	1112	13,5966	
1113	26,1877	1113	25,9057	1113	19,2511	1113	20,3833	1113	13,6195	
1114	26,1831	1114	25,8931	1114	19,265	1114	20,3631	1114	13,614	
1115	26,2083	1115	25,8799	1115	19,2621	1115	20,3773	1115	13,6173	
1116	26,141	1116	25,8492	1116	19,2028	1116	20,3375	1116	13,5777	
1117	26,1126	1117	25,8818	1117	19,2645	1117	20,3332	1117	13,5892	
1118	26,1141	1118	25,8785	1118	19,1871	1118	20,3465	1118	13,6287	
1119	26,0638	1119	25,8389	1119	19,1958	1119	20,3267	1119	13,5993	
1120	26,0577	1120	25,8443	1120	19,1984	1120	20,3227	1120	13,6291	
1121	26,1057	1121	25,7964	1121	19,2304	1121	20,3376	1121	13,6202	
1122	26,0938	1122	25,7762	1122	19,1949	1122	20,2741	1122	13,625	
1123	26,0841	1123	25,7605	1123	19,2114	1123	20,2678	1123	13,5915	
1124	26,0422	1124	25,7884	1124	19,202	1124	20,2892	1124	13,6384	
1125	25,962	1125	25,7422	1125	19,146	1125	20,219	1125	13,5936	
1126	26,0957	1126	25,7557	1126	19,1762	1126	20,2525	1126	13,6249	
1127	25,9093	1127	25,7357	1127	19,1992	1127	20,258	1127	13,5956	
1128	25,9221	1128	25,7241	1128	19,1353	1128	20,244	1128	13,5796	
1129	25,9327	1129	25,6869	1129	19,1236	1129	20,2148	1129	13,5888	
1130	25,8507	1130	25,7098	1130	19,1533	1130	20,2406	1130	13,6085	
1131	25,7644	1131	25,6929	1131	19,1828	1131	20,216	1131	13,5862	
1132	25,8036	1132	25,6606	1132	19,1123	1132	20,2044	1132	13,5927	
1133	25,9	1133	25,6758	1133	19,1604	1133	20,2074	1133	13,6024	
1134	25,8249	1134	25,6418	1134	19,1124	1134	20,1992	1134	13,5923	
1135	25,8093	1135	25,6467	1135	19,1036	1135	20,2038	1135	13,6197	
1136	25,7959	1136	25,6099	1136	19,0908	1136	20,152	1136	13,5787	
1137	25,8059	1137	25,6264	1137	19,1335	1137	20,1568	1137	13,6078	
1138	26,0376	1138	25,5899	1138	19,0721	1138	20,131	1138	13,5733	
1139	26,073	1139	25,5825	1139	19,0495	1139	20,1445	1139	13,603	
1140	26,1038	1140	25,572	1140	19,0736	1140	20,1515	1140	13,5986	
1141	26,1524	1141	25,5102	1141	19,0627	1141	20,1059	1141	13,5552	
1142	26,0619	1142	25,5163	1142	19,0693	1142	20,1207	1142	13,5925	
1143	25,9773	1143	25,5175	1143	19,0378	1143	20,101	1143	13,5793	
1144	25,8926	1144	25,4651	1144	19,0672	1144	20,1119	1144	13,5627	
1145	25,9458	1145	25,4906	1145	19,0591	1145	20,1218	1145	13,5865	
1146	25,9316	1146	25,4755	1146	19,0192	1146	20,1223	1146	13,6241	
1147	25,9599	1147	25,4908	1147	19,0294	1147	20,0589	1147	13,5795	
1148	25,8334	1148	25,4861	1148	18,9858	1148	20,0661	1148	13,5863	
1149	25,8081	1149	25,4507	1149	19,0247	1149	20,0547	1149	13,5539	
1150	25,6547	1150	25,4437	1150	19,0428	1150	20,0738	1150	13,5549	
1151	25,6248	1151	25,4346	1151	19,0388	1151	20,076	1151	13,5776	
1152	25,4774	1152	25,4012	1152	19,0214	1152	20,0325	1152	13,5396	
1153	25,3786	1153	25,3999	1153	19,0006	1153	20,0316	1153	13,5549	
1154	25,3904	1154	25,4434	1154	18,997	1154	20,0616	1154	13,5636	
1155	25,4914	1155	25,406	1155	19,014	1155	20,0316	1155	13,5602	
1156	25,6207	1156	25,3975	1156	19,0092	1156	20,0539	1156	13,5726	
1157	25,8328	1157	25,3685	1157	18,9497	1157	20,0177	1157	13,5653	
1158	25,8456	1158	25,3648	1158	19,0076	1158	20,0011	1158	13,6144	
1159	25,7793	1159	25,3296	1159	18,9979	1159	20,0057	1159	13,5589	
1160	25,5308	1160	25,2885	1160	18,9461	1160	19,9923	1160	13,555	
1161	25,6198	1161	25,272	1161	18,9884	1161	20,0104	1161	13,5827	
1162	25,6671	1162	25,2642	1162	18,9241	1162	19,9921	1162	13,5491	
1163	25,6325	1163	25,2806	1163	18,9705	1163	19,9849	1163	13,5571	
1164	25,6265	1164	25,2543	1164	18,9474	1164	20,0031	1164	13,5582	
1165	25,3226	1165	25,2615	1165	18,9494	1165	19,988	1165	13,5735	
1166	25,3061	1166	25,2428	1166	18,9591	1166	19,954	1166	13,5733	
1167	25,2975	1167	25,2125	1167	18,8777	1167	19,9116	1167	13,5398	
1168	25,2932	1168	25,2278	1168	18,9311	1168	19,946	1168	13,5614	
1169	25,2957	1169	25,2189	1169	18,917	1169	19,9319	1169	13,5611	
1170	25,4152	1170	25,2446	1170	18,9238	1170	19,9079	1170	13,535	
1171	25,3536	1171	25,2402	1171	18,8843	1171	19,9087	1171	13,5759	
1172	25,3801	1172	25,165	1172	18,8661	1172	19,8882	1172	13,5119	
1173	25,2879	1173	25,1322	1173	18,8735	1173	19,8728	1173	13,5164	
1174	25,2603	1174	25,1284	1174	18,8392	1174	19,8869	1174	13,5207	
1175	25,2993	1175	25,1032	1175	18,7992	1175	19,8465	1175	13,5224	
1176	25,28	1176	25,1012	1176	18,8381	1176	19,8938	1176	13,5214	
1177	25,3111	1177	25,0896	1177	18,8406	1177	19,8788	1177	13,5564	
1178	25,2724	1178	25,063	1178	18,8134	1178	19,8754	1178	13,5596	
1179	25,3296	1179	25,0751	1179	18,8602	1179	19,859	1179	13,5794	
1180	25,3987	1180	25,0612	1180	18,8638	1180	19,8693	1180	13,554	
1181	25,4186	1181	25,0625	1181	18,84	1181	19,8678	1181	13,5515	
1182	25,4149	1182	25,0397	1182	18,8228	1182	19,8487	1182	13,5365	
1183	25,3271	1183	25,0278	1183	18,8516	1183	19,8296	1183	13,5145	
1184	25,1749	1184	25,0227	1184	18,8166	1184	19,8192	1184	13,557	
1185	25,2078	1185	25,0055	1185	18,8335	1185	19,812	1185	13,5316	
1186	25,1871	1186	24,9911	1186	18,7943	1186	19,7827	1186	13,5361	
1187	25,1865	1187	25,0381	1187	18,8111	1187	19,8223	1187	13,5592	
1188	25,1316	1188	25,0128	1188	18,8166	1188	19,8126	1188	13,5532	
1189	25,1068	1189	24,998	1189	18,749	1189	19,7992	1189	13,5488	
1190	25,0976	1190	24,9508	1190	18,7909	1190	19,7878	1190	13,5346	
