Time - Plot 0	Amplitude - Plot 0	Time - Plot 1	Amplitude - Plot 1	
0	0	0	0	
1	0	1	2,13671	
2	20,2707	2	2,42537	
3	60,4034	3	1,8585	
4	64,1541	4	5,1805	
5	106,486	5	8,65987	
6	198,902	6	19,4814	
7	228,128	7	30,1031	
8	330,362	8	46,0832	
9	332,949	9	60,2736	
10	323,778	10	90,2085	
11	310,818	11	107,589	
12	292,703	12	135,255	
13	317,592	13	148,513	
14	268,173	14	166,765	
15	262,113	15	182,248	
16	287,033	16	189,7	
17	251,893	17	202,25	
18	249,048	18	185,783	
19	248,083	19	216,62	
20	280,236	20	222,928	
21	251,788	21	225,334	
22	256,518	22	231,435	
23	292,829	23	233,483	
24	261,638	24	236,886	
25	260,248	25	242,015	
26	293,368	26	247,035	
27	260,921	27	250,312	
28	262,995	28	226,263	
29	298,802	29	257,698	
30	267,53	30	263,076	
31	268,179	31	264,691	
32	304,539	32	268,108	
33	269,42	33	270,589	
34	306,881	34	272,734	
35	273,051	35	274,801	
36	274,543	36	278,162	
37	310,993	37	249,698	
38	276,148	38	283,657	
39	280,009	39	286,177	
40	313,831	40	286,992	
41	281,442	41	292,414	
42	280,024	42	293,404	
43	315,894	43	294,635	
44	281,542	44	296,937	
45	281,135	45	298,217	
46	316,625	46	301,552	
47	280,649	47	267,307	
48	315,587	48	303,061	
49	281,221	49	303,233	
50	282,07	50	305,964	
51	316,644	51	306,787	
52	281,164	52	307,81	
53	280,773	53	309,382	
54	314,355	54	309,85	
55	279,091	55	277,383	
56	279,436	56	312,279	
57	313,886	57	313,955	
58	280,092	58	313,95	
59	313,542	59	313,732	
60	279,033	60	314,028	
61	279,678	61	314,757	
62	311,755	62	314,862	
63	278,422	63	314,814	
64	276,606	64	315,278	
65	312,718	65	280,862	
66	278,004	66	316,119	
67	276,94	67	315,85	
68	311,955	68	316,633	
69	277,113	69	316,277	
70	311,973	70	315,554	
71	277,031	71	316,228	
72	277,636	72	316,383	
73	311,129	73	316,678	
74	275,639	74	316,226	
75	275,251	75	281,197	
76	309,814	76	317,66	
77	275,445	77	317,393	
78	274,498	78	317,247	
79	309,718	79	316,334	
80	273,424	80	317,547	
81	273,271	81	317,044	
82	308,079	82	315,819	
83	274,269	83	316,043	
84	273,689	84	315,381	
85	307,687	85	315,793	
86	274,228	86	315,764	
87	272,801	87	280,957	
88	308,571	88	315,811	
89	273,482	89	316,261	
90	306,81	90	315,577	
91	273,79	91	316,009	
92	273,618	92	315,592	
93	306,326	93	315,588	
94	270,903	94	314,811	
95	269,404	95	315,069	
96	305,036	96	315,549	
97	270,432	97	279,957	
98	269,966	98	314,163	
99	303,643	99	314,525	
100	269,613	100	314,633	
101	269,231	101	313,55	
102	302,162	102	313,991	
103	268,698	103	313,816	
104	270,155	104	313,496	
105	302,924	105	314,367	
106	269,628	106	278,313	
107	300,756	107	312,815	
108	266,357	108	312,567	
109	267,416	109	312,806	
110	300,07	110	312,751	
111	266,061	111	312,88	
112	266,118	112	311,844	
113	298,076	113	310,556	
114	266,21	114	310,582	
115	265,783	115	310,61	
116	299,867	116	310,863	
117	265,579	117	310,146	
118	264,576	118	275,366	
119	296,166	119	310,19	
120	263,929	120	309,59	
121	264,436	121	309,123	
122	296,306	122	308,851	
123	263,2	123	307,822	
124	263,619	124	307,565	
125	293,84	125	307,736	
126	261,353	126	307,864	
127	262,1	127	307,22	
128	294,776	128	307,443	
129	260,614	129	272,327	
130	292,581	130	306,297	
131	260,673	131	305,517	
132	259,873	132	305,254	
133	292,792	133	305,51	
134	259,721	134	304,259	
135	260,382	135	304,566	
136	291,879	136	304,288	
137	258,881	137	304,644	
138	259,085	138	303,652	
139	292,07	139	303,038	
140	257,322	140	301,785	
141	258,84	141	300,904	
142	290,697	142	300,144	
143	258,798	143	300,062	
144	260,147	144	299,526	
145	290,111	145	299,339	
146	259,171	146	298,43	
147	258,31	147	298,761	
148	290,714	148	297,613	
149	258,932	149	297,673	
150	258,039	150	296,341	
151	289,534	151	329,67	
152	255,582	152	296,579	
153	255,39	153	295,69	
154	287,677	154	295,682	
155	253,81	155	294,865	
156	255,878	156	294,826	
157	286,358	157	294,725	
158	253,023	158	295,084	
159	284,928	159	293,662	
160	254,006	160	293,306	
161	252,871	161	293,822	
162	285,101	162	293,01	
163	253,152	163	292,765	
164	253,025	164	325,016	
165	285,088	165	291,749	
166	253,3	166	291,271	
167	253,374	167	291,825	
168	282,957	168	291,632	
169	252,847	169	290,267	
170	251,86	170	290,143	
171	282,118	171	290,871	
172	251,51	172	291,111	
173	249,318	173	289,607	
174	282,88	174	321,6	
175	249,544	175	288,687	
176	251,396	176	289,389	
177	281,715	177	288,692	
178	246,956	178	287,821	
179	247,357	179	288,406	
180	278,544	180	287,694	
181	247,146	181	287,485	
182	246,307	182	287,171	
183	276,823	183	286,975	
184	245,456	184	286,476	
185	245,659	185	285,856	
186	245,377	186	285,204	
187	274,85	187	316,524	
188	244,156	188	283,933	
189	245,242	189	283,921	
190	273,785	190	282,914	
191	244,332	191	283,163	
192	244,135	192	282,725	
193	273,565	193	282,647	
194	241,375	194	283,429	
195	274,004	195	282,52	
196	243,271	196	281,972	
197	242,688	197	312,372	
198	243,761	198	281,251	
199	271,882	199	280,393	
200	243,661	200	280,465	
201	271,09	201	280,412	
202	241,139	202	279,972	
203	241,17	203	279,682	
204	241,057	204	279,425	
205	271,852	205	279,108	
206	240,326	206	278,987	
207	240,332	207	278,678	
208	270,366	208	278,549	
209	239,359	209	309,244	
210	239,169	210	277,27	
211	268,07	211	277,483	
212	238,902	212	276,822	
213	237,58	213	276,317	
214	266,305	214	277,023	
215	236,694	215	276,58	
216	238,756	216	275,885	
217	266,962	217	275,511	
218	236,772	218	274,417	
219	237,542	219	305,448	
220	268,318	220	274,289	
221	236,947	221	274,057	
222	235,839	222	273,871	
223	266,038	223	273,534	
224	234,824	224	273,331	
225	236,155	225	274,216	
226	265,227	226	272,86	
227	235,609	227	272,582	
228	233,635	228	272,495	
229	263,893	229	272,775	
230	233,563	230	301,949	
231	233,25	231	272,899	
232	263,231	232	271,536	
233	233,322	233	271,912	
234	233,785	234	271,66	
235	262,471	235	271,255	
236	232,843	236	271,198	
237	232,31	237	270,355	
238	262,722	238	269,559	
239	232,437	239	270,02	
240	232,29	240	270,056	
241	261,015	241	299,086	
242	231,692	242	269,252	
243	231,023	243	269,139	
244	230,289	244	269,38	
245	259,173	245	268,362	
246	229,848	246	268,163	
247	229,795	247	268,517	
248	257,098	248	267,303	
249	227,828	249	266,834	
250	228,073	250	266,901	
251	256,781	251	296,657	
252	228,05	252	266,185	
253	227,12	253	266,608	
254	255,121	254	265,764	
255	226,407	255	264,74	
256	226,844	256	264,656	
257	253,508	257	264,803	
258	225,932	258	264,344	
259	225,218	259	263,957	
260	253,09	260	263,647	
261	224,622	261	262,86	
262	225,062	262	292,759	
263	252,765	263	262,69	
264	224,247	264	262,131	
265	225,436	265	261,602	
266	251,343	266	261,575	
267	224,834	267	260,786	
268	223,728	268	261,155	
269	252,015	269	260,54	
270	223,785	270	259,305	
271	223,97	271	259,475	
272	222,848	272	260,117	
273	251,794	273	287,814	
274	223,018	274	259,547	
275	223,049	275	259,023	
276	250,88	276	258,667	
277	222,445	277	258,648	
278	221,584	278	258,281	
279	221,333	279	257,998	
280	247,269	280	257,683	
281	219,347	281	256,912	
282	219,337	282	256,309	
283	248,727	283	256,493	
284	220,017	284	255,901	
285	220,081	285	256,317	
286	246,47	286	284,603	
287	220,448	287	255,727	
288	221,087	288	254,788	
289	248,082	289	254,789	
290	219,165	290	254,394	
291	218,376	291	254,212	
292	244,673	292	254,369	
293	217,412	293	254,139	
294	215,118	294	253,499	
295	243,241	295	253,191	
296	216,875	296	252,722	
297	215,914	297	252,727	
298	215,805	298	252,26	
299	241,984	299	279,9	
300	215,355	300	251,219	
301	215,849	301	251,309	
302	240,404	302	251,243	
303	213,221	303	249,991	
304	215,688	304	250,183	
305	215,096	305	249,842	
306	242,51	306	249,317	
307	215,175	307	249,074	
308	215,722	308	249,484	
309	240,849	309	249,497	
310	214,614	310	276,297	
311	214,029	311	248,494	
312	239,049	312	248,413	
313	212,742	313	247,769	
314	213,407	314	248,201	
315	239,182	315	247,373	
316	211,975	316	247,321	
317	212,091	317	246,693	
318	238,065	318	246,985	
319	211,906	319	246,436	
320	211,393	320	246,328	
321	237,34	321	245,837	
322	210,705	322	245,983	
323	210,494	323	272,693	
324	209,716	324	244,75	
325	236,306	325	244,801	
326	210,534	326	244,099	
327	209,585	327	244,272	
328	235,503	328	244,177	
329	209,01	329	243,236	
330	208,542	330	243,572	
331	235,355	331	243,165	
332	208,245	332	243,536	
333	208,207	333	269,938	
334	233,769	334	242,396	
335	207,436	335	242,356	
336	207,712	336	241,885	
337	233,504	337	241,553	
338	207,233	338	241,29	
339	206,908	339	241,18	
340	206,148	340	240,651	
341	232,036	341	240,097	
342	206,527	342	240,735	
343	205,965	343	240,302	
344	230,279	344	239,32	
345	204,444	345	265,719	
346	204,193	346	239,336	
347	229,961	347	238,109	
348	204,257	348	238,118	
349	204,392	349	238,223	
350	202,826	350	237,314	
351	228,99	351	236,969	
352	203,032	352	236,582	
353	204,095	353	236,246	
354	227,899	354	236,792	
355	203,867	355	236,272	
356	204,214	356	236,396	
357	228,144	357	262,164	
358	202,218	358	235,596	
359	203,121	359	235,27	
360	202,392	360	235,144	
361	226,15	361	235,638	
362	201,552	362	234,432	
363	200,259	363	234,243	
364	225,285	364	234,137	
365	200,557	365	233,81	
366	200,425	366	233,942	
367	224,509	367	233,429	
368	199,147	368	233,203	
369	199,622	369	232,482	
370	199,782	370	232,027	
371	225,228	371	258,279	
372	198,139	372	232,148	
373	198,507	373	232	
374	223,308	374	231,379	
375	197,607	375	231,269	
376	197,154	376	231,086	
377	198,037	377	231,45	
378	222,944	378	230,262	
379	198,602	379	230,933	
380	197,662	380	229,511	
381	197,038	381	229,657	
382	220,833	382	229,507	
383	196,375	383	229,563	
384	195,544	384	229,262	
385	219,619	385	228,72	
386	195,099	386	253,792	
387	195,88	387	228,396	
388	195,718	388	228,56	
389	219,136	389	227,426	
390	196,001	390	227,024	
391	194,369	391	227,365	
392	219,196	392	226,471	
393	194,247	393	225,97	
394	194,809	394	225,87	
395	193,95	395	225,727	
396	218,126	396	226,107	
397	193,287	397	225,294	
398	193,165	398	224,38	
399	192,688	399	224,523	
400	216,588	400	249,18	
401	191,52	401	224,768	
402	217,659	402	223,64	
403	191,167	403	223,935	
404	191,41	404	223,197	
405	191,149	405	223,682	
406	216,609	406	223,174	
407	190,959	407	222,718	
408	191,548	408	222,493	
409	216,131	409	222,085	
410	191,052	410	222,541	
411	190,614	411	221,77	
412	189,562	412	222,273	
413	214,324	413	245,941	
414	190,835	414	221,386	
415	189,574	415	220,901	
416	190,395	416	220,151	
417	214,197	417	220,459	
418	188,866	418	220,493	
419	189,575	419	219,963	
420	212,238	420	219,267	
421	188,363	421	218,758	
422	189,68	422	218,941	
423	188,946	423	218,455	
424	188,975	424	218,172	
425	212,533	425	218,073	
426	189,494	426	241,317	
427	188,757	427	216,996	
428	188,601	428	217,002	
429	187,853	429	216,38	
430	212,279	430	216,144	
431	187,755	431	215,949	
432	186,977	432	215,486	
433	210,751	433	216,043	
434	185,766	434	215,963	
435	207,761	435	215,875	
436	185,302	436	215,461	
437	183,851	437	215,809	
438	206,804	438	215,909	
439	182,494	439	216,234	
440	205,113	440	215,933	
441	182,212	441	216,34	
442	204,969	442	240,458	
443	181,177	443	216,181	
444	203,562	444	215,077	
445	181,452	445	215,486	
446	180,431	446	215,364	
447	202,454	447	214,966	
448	180,331	448	215,659	
449	201,635	449	214,261	
450	180,595	450	214,274	
451	202,34	451	214,474	
452	178,938	452	213,894	
453	180,402	453	213,65	
454	202,514	454	213,935	
455	180,104	455	213,474	
456	200,682	456	212,933	
457	179,558	457	236,4	
458	202	458	212,729	
459	178,325	459	212,597	
460	178,166	460	212,046	
461	200,04	461	212,445	
462	178,375	462	211,997	
463	198,764	463	211,796	
464	177,945	464	211,49	
465	176,61	465	211,028	
466	199,158	466	210,529	
467	177,175	467	210,881	
468	200,232	468	209,882	
469	175,861	469	209,57	
470	198,05	470	209,187	
471	175,691	471	233,391	
472	175,197	472	209,23	
473	197,442	473	209,503	
474	176,311	474	209,028	
475	197,438	475	208,995	
476	174,535	476	208,555	
477	198,282	477	208,089	
478	175,019	478	208,085	
479	195,577	479	208,093	
480	174,645	480	207,566	
481	194,795	481	207,099	
482	173,817	482	207,26	
483	173,676	483	206,9	
484	194,145	484	229,837	
485	173,797	485	206,478	
486	194,432	486	206,117	
487	171,917	487	205,704	
488	193,937	488	205,501	
489	172,358	489	205,359	
490	172,474	490	204,829	
491	194,185	491	204,429	
492	172,015	492	204,445	
493	192,841	493	204,078	
494	170,416	494	203,655	
495	192,111	495	226,329	
496	170,794	496	204,073	
497	170,493	497	202,456	
498	192,767	498	203,191	
499	170,286	499	202,646	
500	191,722	500	202,383	
501	171,168	501	202,427	
502	190,407	502	201,77	
503	170,076	503	200,908	
504	168,576	504	201,442	
505	191,069	505	200,879	
506	169,596	506	200,798	
507	189,8	507	200,708	
508	167,982	508	200,33	
509	189,204	509	200,346	
510	167,951	510	222,37	
511	167,94	511	200,328	
512	190,443	512	199,583	
513	168,867	513	199,671	
514	169,989	514	199,242	
515	189,983	515	198,373	
516	168,548	516	198,469	
517	187,677	517	198,018	
518	167,398	518	198,535	
519	167,712	519	198,446	
520	188,579	520	198,136	
521	166,554	521	198,024	
522	187,96	522	197,997	
523	166,662	523	197,73	
524	167,849	524	219,659	
525	187,956	525	197,504	
526	166,393	526	196,923	
527	187,396	527	196,938	
528	165,79	528	196,819	
529	165,865	529	196,1	
530	187,047	530	196,343	
531	166,173	531	195,89	
532	187,775	532	196,215	
533	165,711	533	195,253	
534	165,495	534	195,162	
535	185,977	535	195,387	
536	164,733	536	195,406	
537	184,838	537	195,404	
538	163,995	538	216,607	
539	163,835	539	194,645	
540	182,839	540	194,572	
541	163,868	541	193,951	
542	184,064	542	193,622	
543	163,127	543	193,568	
544	162,825	544	193,771	
545	181,892	545	193,137	
546	162,598	546	192,922	
547	182,167	547	192,819	
548	161,832	548	192,675	
549	182,61	549	192,259	
550	162,576	550	192,175	
551	161,946	551	212,683	
552	181,194	552	191,655	
553	161,255	553	191,217	
554	180,969	554	191,355	
555	162,08	555	190,966	
556	160,608	556	190,495	
557	181,831	557	190,141	
558	161,605	558	190,651	
559	179,452	559	190,218	
560	160,153	560	189,572	
561	159,589	561	190,43	
562	179,503	562	210,387	
563	160,127	563	189,207	
564	178,814	564	188,735	
565	159,292	565	187,995	
566	158,939	566	188,606	
567	179,645	567	188,623	
568	158,034	568	188,342	
569	178,915	569	187,723	
570	159,068	570	187,109	
571	178,399	571	187,202	
572	158,35	572	187,038	
573	157,774	573	186,696	
574	177,676	574	186,707	
575	157,526	575	186,613	
576	157,107	576	186,245	
577	177,166	577	206,73	
578	157,283	578	186,321	
579	177,18	579	185,592	
580	158,052	580	185,438	
581	156,639	581	185,122	
582	175,161	582	185,586	
583	155,368	583	184,632	
584	176,388	584	184,362	
585	155,637	585	184,897	
586	155,471	586	184,4	
587	175,459	587	184,376	
588	155,941	588	184,2	
589	174,414	589	183,647	
590	155,167	590	183,512	
591	154,315	591	203,874	
592	172,885	592	182,977	
593	154,145	593	182,727	
594	173,002	594	182,185	
595	154,229	595	181,796	
596	154,497	596	181,634	
597	172,021	597	181,352	
598	153,52	598	181,581	
599	151,533	599	181,48	
600	171,543	600	180,995	
601	153,018	601	180,805	
602	172,225	602	180,787	
603	153,087	603	180,339	
604	152,917	604	180,423	
605	172,172	605	179,608	
606	152,13	606	179,831	
607	151,697	607	200,008	
608	171,826	608	179,324	
609	152,344	609	179,169	
610	171,186	610	179,424	
611	152,495	611	178,928	
612	151,6	612	179,148	
613	170,067	613	178,632	
614	150,621	614	178,028	
615	150,977	615	177,394	
616	170,045	616	177,967	
617	150,966	617	177,491	
618	169,46	618	177,678	
619	150,709	619	177,404	
620	150,757	620	176,744	
621	169,943	621	196,386	
622	150,213	622	176,947	
623	150	623	176,42	
624	167,561	624	176,692	
625	148,466	625	176,12	
626	167,946	626	176,221	
627	148,915	627	175,644	
628	148,483	628	175,38	
629	166,6	629	175,619	
630	148,627	630	175,668	
631	149,111	631	174,984	
632	168,057	632	174,383	
633	148,394	633	174,428	
634	167,181	634	193,602	
635	148,526	635	173,997	
636	147,366	636	174,195	
637	165,349	637	173,784	
638	147,043	638	173,369	
639	146,701	639	173,308	
640	165,266	640	173,256	
641	146,391	641	173,459	
642	147,214	642	191,597	
643	164,829	643	171,505	
644	147,02	644	171,674	
645	146,32	645	170,936	
646	165,314	646	189,769	
647	145,789	647	170,169	
648	164,716	648	169,94	
649	145,92	649	170,379	
650	146,017	650	169,063	
651	164,043	651	188,237	
652	145,767	652	169,632	
653	145,097	653	169,328	
654	163,823	654	187,277	
655	144,909	655	168,298	
656	144,749	656	168,298	
657	163,06	657	168,578	
658	144,617	658	186,272	
659	162,53	659	167,61	
660	144,405	660	167,181	
661	144,044	661	167,05	
662	161,8	662	166,809	
663	142,428	663	185,387	
664	143,305	664	166,873	
665	160,12	665	166,323	
666	143,135	666	166,6	
667	143,284	667	184,417	
668	161,379	668	165,609	
669	143,317	669	165,644	
670	142,595	670	164,99	
671	161,201	671	183,387	
672	142,702	672	164,676	
673	142,81	673	164,722	
674	160,756	674	164,136	
675	142,45	675	182,205	
676	160,96	676	164,667	
677	141,924	677	164,094	
678	142,423	678	164,098	
679	160,355	679	182,153	
680	141,534	680	163,766	
681	141,268	681	163,73	
682	159,802	682	163,468	
683	140,771	683	163,488	
684	140,874	684	181,492	
685	157,582	685	162,788	
686	140,264	686	163,075	
687	139,554	687	162,884	
688	157,625	688	180,704	
689	138,156	689	162,469	
690	139,057	690	162,063	
691	156,963	691	162,148	
692	138,525	692	179,429	
693	138,419	693	161,552	
694	155,45	694	160,7	
695	137,989	695	160,544	
696	138,042	696	178,571	
697	155,813	697	160,169	
698	137,556	698	159,745	
699	137,725	699	159,791	
700	155,329	700	177,218	
701	137,415	701	159,555	
702	136,437	702	159,319	
703	153,337	703	159,319	
704	137,231	704	158,649	
705	153,82	705	176,094	
706	136,717	706	159,164	
707	135,897	707	158,473	
708	152,29	708	157,868	
709	135,682	709	175,265	
710	135,744	710	158,309	
711	152,685	711	157,375	
712	135,664	712	157,554	
713	135,622	713	174,621	
714	152,188	714	157,192	
715	135,518	715	157,113	
716	135,107	716	156,371	
717	152,414	717	155,903	
718	135,638	718	173,198	
719	134,139	719	156,228	
720	150,644	720	155,606	
721	134,367	721	155,835	
722	134,492	722	172,835	
723	150,373	723	155,016	
724	131,931	724	155,312	
725	133,617	725	155,249	
726	150,162	726	172,162	
727	133,199	727	154,417	
728	133,039	728	154,281	
729	148,677	729	154,883	
730	132,406	730	171,181	
731	132,472	731	153,419	
732	147,815	732	153,522	
733	132,509	733	153,868	
734	131,097	734	169,958	
735	147,772	735	152,627	
736	131,445	736	152,818	
737	131,819	737	152,527	
738	147,423	738	152,187	
739	131,103	739	169,079	
740	131,498	740	151,842	
741	147,512	741	151,364	
742	130,869	742	151,68	
743	130,138	743	167,985	
744	145,316	744	151,224	
745	130,023	745	151,161	
746	130,568	746	150,411	
747	145,953	747	166,957	
748	128,517	748	150,182	
749	129,452	749	149,884	
750	146,144	750	150,186	
751	129,84	751	166,094	
752	128,894	752	149,46	
753	146,149	753	149,854	
754	129,757	754	149,479	
755	127,86	755	165,382	
756	144,529	756	148,655	
757	128,331	757	148,816	
758	126,722	758	148,931	
759	143,824	759	164,798	
760	128,572	760	148,351	
761	127,625	761	147,659	
762	143,171	762	147,767	
763	127,011	763	146,94	
764	127,955	764	163,46	
765	143,207	765	147,224	
766	127,49	766	146,914	
767	127,973	767	146,714	
768	143,177	768	163,38	
769	126,435	769	146,997	
770	126,616	770	146,757	
771	142,502	771	146,32	
772	126,718	772	161,787	
773	126,907	773	145,664	
774	141,896	774	145,255	
775	125,702	775	145,035	
776	126,023	776	161,059	
777	140,83	777	145,068	
778	125,689	778	144,637	
779	125,226	779	144,646	
780	141,109	780	160,608	
781	125,166	781	144,056	
782	124,427	782	144,191	
783	125,475	783	144,126	
784	140,146	784	159,119	
785	123,905	785	144,334	
786	123,895	786	143,355	
787	139,913	787	143,377	
788	124,234	788	142,749	
789	122,2	789	158,862	
790	139,122	790	142,493	
791	124,658	791	142,693	
792	123,49	792	142,196	
793	138,694	793	158,191	
794	123,835	794	142,134	
795	122,561	795	142,025	
796	139,286	796	142,102	
797	122,966	797	157,699	
798	122,017	798	141,366	
799	137,65	799	141,926	
800	123,352	800	141,187	
801	123,196	801	156,898	
802	137,574	802	141,325	
803	122,148	803	141,332	
804	121,616	804	140,702	
805	136,947	805	156,694	
806	120,917	806	140,503	
807	121,382	807	139,916	
808	121,273	808	139,847	
809	136,912	809	155,251	
810	120,377	810	139,854	
811	121,705	811	139,881	
812	136,602	812	139,088	
813	120,287	813	154,68	
814	120,63	814	139,14	
815	135,011	815	138,735	
816	119,939	816	153,835	
817	119,941	817	138,506	
818	134,872	818	138,063	
819	120,376	819	138,566	
820	120,545	820	138,123	
821	135,081	821	153,184	
822	120,501	822	137,514	
823	120,542	823	137,3	
824	135,4	824	137,536	
825	119,767	825	152,973	
826	119,793	826	137,509	
827	133,591	827	137,682	
828	118,299	828	152,42	
829	117,307	829	136,703	
830	132,274	830	136,638	
831	117,86	831	136,248	
832	117,78	832	135,905	
833	133,116	833	150,896	
834	117,544	834	136,134	
835	117,881	835	135,787	
836	117,648	836	135,601	
837	132,517	837	149,96	
838	117,331	838	135,408	
839	117,673	839	135,4	
840	132,031	840	135,11	
841	118,08	841	149,388	
842	131,98	842	134,542	
843	116,758	843	134,688	
844	116,895	844	134,166	
845	130,15	845	149,257	
846	115,92	846	134,151	
847	116,012	847	134,097	
848	129,259	848	133,624	
849	116,072	849	147,861	
850	116,532	850	133,309	
851	130,992	851	132,745	
852	116,286	852	133,324	
853	116,201	853	132,885	
854	115,729	854	147,288	
855	130,728	855	133,18	
856	116,137	856	132,691	
857	114,973	857	132,51	
858	129,357	858	147,228	
859	114,639	859	132,189	
860	114,884	860	131,983	
861	128,726	861	132,091	
862	114,623	862	146,824	
863	114,94	863	131,544	
864	129,676	864	131,492	
865	114,584	865	131,442	
866	114,224	866	146,125	
867	113,734	867	131,528	
868	129,061	868	130,812	
869	114,078	869	130,913	
870	113,199	870	145,072	
871	127,432	871	130,364	
872	113,748	872	130,139	
873	113,652	873	130,704	
874	128,616	874	144,683	
875	113,36	875	130,33	
876	113,379	876	129,816	
877	113,341	877	130,058	
878	127,27	878	143,55	
879	112,498	879	129,239	
880	112,573	880	129,76	
881	127,193	881	129,18	
882	112,228	882	143,011	
883	111,44	883	129,13	
884	125,571	884	128,359	
885	110,776	885	128,395	
886	111,181	886	142,854	
887	125,333	887	128,304	
888	110,733	888	128,255	
889	111,428	889	128,048	
890	111,042	890	127,729	
891	124,586	891	142,165	
892	110,727	892	127,856	
893	110,412	893	127,193	
894	124,453	894	127,291	
895	110,802	895	141,022	
896	110,605	896	126,877	
897	124,04	897	127,029	
898	109,668	898	126,928	
899	111,225	899	140,328	
900	124,235	900	126,299	
901	109,923	901	126,692	
902	110,274	902	126,272	
903	110,668	903	140,135	
904	123,885	904	125,644	
905	109,618	905	125,614	
906	110,277	906	126,001	
907	123,285	907	139,759	
908	110,143	908	125,303	
909	109,576	909	125,697	
910	122,945	910	125,423	
911	109,195	911	138,57	
912	108,075	912	125,127	
913	108,112	913	124,46	
914	121,537	914	138,218	
915	108,059	915	124,654	
916	108,484	916	124,087	
917	121,249	917	124,19	
918	107,746	918	123,739	
919	107,826	919	137,13	
920	107,767	920	123,391	
921	120,922	921	123,113	
922	107,048	922	123,606	
923	107,566	923	136,688	
924	120,001	924	122,719	
925	107,618	925	122,799	
926	106,502	926	136,343	
927	106,711	927	123,351	
928	120,325	928	122,261	
929	106,31	929	122,723	
930	106,541	930	121,95	
931	119,697	931	135,318	
932	106,423	932	122,156	
933	106,163	933	121,706	
934	105,704	934	121,587	
935	119,036	935	134,072	
936	105,532	936	120,845	
937	106,332	937	120,59	
938	118,285	938	120,449	
939	104,415	939	134,392	
940	105,725	940	120,518	
941	105,356	941	120,185	
942	118,142	942	119,829	
943	105,058	943	133,765	
944	105,282	944	120,123	
945	118,998	945	119,673	
946	105,289	946	119,579	
947	104,142	947	133,025	
948	118,556	948	118,702	
949	103,384	949	119,203	
950	103,44	950	119,604	
951	104,628	951	132,377	
952	115,741	952	119,203	
953	104,093	953	119,604	
954	103,032	954	118,806	
955	115,819	955	131,632	
956	103,4	956	118,293	
957	103,153	957	118,289	
958	103,373	958	117,987	
959	115,862	959	131,578	
960	103,136	960	117,921	
961	104,227	961	117,962	
962	103,29	962	117,269	
963	115,626	963	130,325	
964	102,642	964	117,73	
965	102,409	965	117,302	
966	114,876	966	117,2	
967	101,502	967	117,022	
968	101,308	968	129,452	
969	115,058	969	116,492	
970	101,724	970	116,536	
971	101,041	971	116,453	
972	101,181	972	129,051	
973	114,451	973	116,81	
974	101,295	974	116,315	
975	101,957	975	115,815	
976	114,295	976	129,079	
977	102,491	977	115,322	
978	101,574	978	115,838	
979	100,91	979	115,751	
980	113,541	980	128,638	
981	100,273	981	115,324	
982	100,146	982	115,571	
983	100,335	983	114,844	
984	113,212	984	114,615	
985	101,03	985	127,918	
986	100,845	986	115,37	
987	100,364	987	114,79	
988	112,342	988	127,297	
989	100,35	989	114,384	
990	99,7433	990	114,756	
991	112,035	991	114,166	
992	99,819	992	113,804	
993	99,0668	993	126,943	
994	99,7444	994	113,87	
995	112,829	995	114,192	
996	100,25	996	126,198	
997	99,6694	997	113,926	
998	100,254	998	113,516	
999	112,351	999	113,566	
1000	99,2879	1000	113,236	
1001	99,5239	1001	126,025	
1002	99,3467	1002	112,941	
1003	111,463	1003	113,254	
1004	99,3309	1004	112,707	
1005	98,8975	1005	125,363	
1006	110,359	1006	112,544	
1007	98,663	1007	113,045	
1008	97,6024	1008	124,729	
1009	97,9292	1009	112,527	
1010	111,28	1010	112,087	
1011	97,4692	1011	112,522	
1012	98,5293	1012	112,518	
1013	111,024	1013	124,677	
1014	97,8851	1014	111,707	
1015	97,4608	1015	112,14	
1016	97,78	1016	111,524	
1017	109,311	1017	124,073	
1018	97,3458	1018	111,431	
1019	97,7567	1019	111,388	
1020	96,979	1020	111,39	
1021	109,558	1021	122,916	
1022	97,1079	1022	110,826	
1023	97,5991	1023	110,938	
1024	97,1415	1024	110,671	
1025	109,1	1025	123,134	
1026	97,2065	1026	110,868	
1027	97,2141	1027	110,635	
1028	96,9166	1028	110,42	
1029	108,898	1029	122,426	
1030	96,4952	1030	110,564	
1031	96,2812	1031	110,106	
1032	108,365	1032	110,205	
1033	96,074	1033	122,723	
1034	96,1386	1034	109,913	
1035	95,7851	1035	109,966	
1036	107,722	1036	109,78	
1037	96,0256	1037	109,899	
1038	95,8694	1038	121,509	
1039	95,6106	1039	109,272	
1040	107,573	1040	108,7	
1041	95,4038	1041	109,889	
1042	95,874	1042	121,686	
1043	95,4577	1043	108,824	
1044	107,284	1044	108,386	
1045	95,5555	1045	108,509	
1046	94,3619	1046	108,682	
1047	106,879	1047	120,541	
1048	94,8018	1048	108,946	
1049	94,619	1049	108,698	
1050	95,7426	1050	108,46	
1051	106,958	1051	120,331	
1052	94,6556	1052	108,565	
1053	94,4268	1053	108,212	
1054	93,591	1054	108,249	
1055	106,105	1055	119,576	
1056	94,514	1056	107,704	
1057	94,7347	1057	107,884	
1058	94,7011	1058	106,926	
1059	105,781	1059	119,474	
1060	93,297	1060	107,126	
1061	93,9544	1061	107,249	
1062	105,707	1062	107,629	
1063	93,3267	1063	119,135	
1064	93,7535	1064	107,193	
1065	105,182	1065	106,98	
1066	92,8986	1066	106,885	
1067	93,071	1067	118,397	
1068	92,9381	1068	106,864	
1069	105,178	1069	106,521	
1070	92,9615	1070	106,194	
1071	93,4885	1071	105,978	
1072	93,2207	1072	117,187	
1073	105,422	1073	105,579	
1074	93,7163	1074	105,851	
1075	93,7848	1075	105,951	
1076	104,07	1076	117,359	
1077	92,5919	1077	105,537	
1078	92,6073	1078	105,61	
1079	92,297	1079	105,622	
1080	104,315	1080	116,795	
1081	92,2811	1081	105,066	
1082	91,272	1082	105,288	
1083	91,335	1083	104,966	
1084	103,463	1084	116,218	
1085	91,9527	1085	104,482	
1086	91,4974	1086	104,473	
1087	103,737	1087	104,467	
1088	92,1401	1088	115,899	
1089	91,6648	1089	104,195	
1090	91,9456	1090	104,581	
1091	103,111	1091	103,939	
1092	90,5265	1092	115,489	
1093	90,9749	1093	104,032	
1094	90,6659	1094	103,373	
1095	103,314	1095	103,761	
1096	90,8336	1096	115,396	
1097	90,7446	1097	103,195	
1098	90,3403	1098	103,075	
1099	102,025	1099	102,775	
1100	89,7451	1100	114,154	
1101	90,603	1101	103,277	
1102	89,9423	1102	103,226	
1103	101,922	1103	113,851	
1104	90,4448	1104	102,954	
1105	90,849	1105	102,913	
1106	90,1446	1106	102,814	
1107	101,157	1107	113,473	
1108	89,6592	1108	102,069	
1109	89,8347	1109	102,455	
1110	89,2844	1110	102,296	
1111	101,711	1111	101,718	
1112	89,2576	1112	113,133	
1113	89,1185	1113	101,904	
1114	99,8588	1114	101,683	
1115	88,6246	1115	101,847	
1116	89,0085	1116	113,159	
1117	88,6181	1117	101,606	
1118	100,811	1118	101,21	
1119	88,9648	1119	112,617	
1120	89,0025	1120	100,846	
1121	87,9317	1121	101,204	
1122	99,1538	1122	100,174	
1123	87,7056	1123	111,76	
1124	88,2057	1124	100,202	
1125	88,3365	1125	99,819	
1126	99,127	1126	99,8524	
1127	87,5358	1127	111,529	
1128	88,2362	1128	100,406	
1129	87,8957	1129	99,8266	
1130	98,7805	1130	99,918	
1131	87,1831	1131	110,982	
1132	87,6943	1132	99,6118	
1133	87,2543	1133	99,5111	
1134	98,3716	1134	99,5404	
1135	87,6254	1135	110,217	
1136	87,3039	1136	99,034	
1137	86,9529	1137	98,6673	
1138	98,1972	1138	98,7985	
1139	87,4905	1139	109,504	
1140	87,0271	1140	98,7251	
1141	97,1382	1141	98,6926	
1142	86,3382	1142	98,3539	
1143	86,7769	1143	98,2548	
1144	85,6807	1144	109,634	
1145	96,8966	1145	98,4616	
1146	86,4621	1146	97,9013	
1147	86,5309	1147	108,465	
1148	87,0527	1148	97,6253	
1149	96,8141	1149	97,9422	
1150	85,7205	1150	98,2137	
1151	85,6513	1151	108,783	
1152	85,4376	1152	97,8217	
1153	96,4107	1153	97,5775	
1154	86,331	1154	97,8986	
1155	85,6025	1155	108,332	
1156	85,5523	1156	97,6477	
1157	96,7067	1157	97,2122	
1158	85,135	1158	96,2222	
1159	84,7943	1159	107,919	
1160	95,5544	1160	96,9842	
1161	84,1499	1161	96,8392	
1162	84,9073	1162	97,0704	
1163	84,5054	1163	96,8411	
1164	95,0207	1164	107,887	
1165	84,5322	1165	96,6398	
1166	84,152	1166	96,1322	
1167	84,8348	1167	95,9988	
1168	94,8655	1168	106,878	
1169	84,3955	1169	95,983	
1170	84,648	1170	96,0134	
1171	85,1189	1171	95,41	
1172	84,355	1172	106,739	
1173	94,2939	1173	95,7645	
1174	84,2241	1174	95,9144	
1175	84,4231	1175	95,278	
1176	94,3608	1176	106,675	
1177	83,6863	1177	95,2541	
1178	83,6947	1178	95,1538	
1179	83,2295	1179	94,609	
1180	93,3696	1180	105,719	
1181	83,3322	1181	95,1615	
1182	83,2575	1182	95,0982	
1183	82,7114	1183	95,1427	
1184	93,5015	1184	94,3461	
1185	82,6558	1185	105,133	
1186	82,9875	1186	94,1116	
1187	83,3912	1187	94,3602	
1188	93,3521	1188	94,3035	
1189	83,6867	1189	104,631	
1190	82,4943	1190	94,2118	
