Time - Plot 0	Pulses/s - Plot 0	Time - Plot 1	Pulses/s - Plot 1	
0	0	0	0	
1	0	1	8	
2	2	2	9	
3	3	3	9	
4	3	4	9	
5	5	5	9	
6	6	6	9	
7	6	7	9	
8	8	8	9	
9	8	9	8	
10	8	10	9	
11	8	11	9	
12	8	12	9	
13	9	13	9	
14	8	14	9	
15	8	15	9	
16	9	16	9	
17	8	17	9	
18	8	18	8	
19	8	19	9	
20	9	20	9	
21	8	21	9	
22	8	22	9	
23	9	23	9	
24	8	24	9	
25	8	25	9	
26	9	26	9	
27	8	27	9	
28	8	28	8	
29	9	29	9	
30	8	30	9	
31	8	31	9	
32	9	32	9	
33	8	33	9	
34	9	34	9	
35	8	35	9	
36	8	36	9	
37	9	37	8	
38	8	38	9	
39	8	39	9	
40	9	40	9	
41	8	41	9	
42	8	42	9	
43	9	43	9	
44	8	44	9	
45	8	45	9	
46	9	46	9	
47	8	47	8	
48	9	48	9	
49	8	49	9	
50	8	50	9	
51	9	51	9	
52	8	52	9	
53	8	53	9	
54	9	54	9	
55	8	55	8	
56	8	56	9	
57	9	57	9	
58	8	58	9	
59	9	59	9	
60	8	60	9	
61	8	61	9	
62	9	62	9	
63	8	63	9	
64	8	64	9	
65	9	65	8	
66	8	66	9	
67	8	67	9	
68	9	68	9	
69	8	69	9	
70	9	70	9	
71	8	71	9	
72	8	72	9	
73	9	73	9	
74	8	74	9	
75	8	75	8	
76	9	76	9	
77	8	77	9	
78	8	78	9	
79	9	79	9	
80	8	80	9	
81	8	81	9	
82	9	82	9	
83	8	83	9	
84	8	84	9	
85	9	85	9	
86	8	86	9	
87	8	87	8	
88	9	88	9	
89	8	89	9	
90	9	90	9	
91	8	91	9	
92	8	92	9	
93	9	93	9	
94	8	94	9	
95	8	95	9	
96	9	96	9	
97	8	97	8	
98	8	98	9	
99	9	99	9	
100	8	100	9	
101	8	101	9	
102	9	102	9	
103	8	103	9	
104	8	104	9	
105	9	105	9	
106	8	106	8	
107	9	107	9	
108	8	108	9	
109	8	109	9	
110	9	110	9	
111	8	111	9	
112	8	112	9	
113	9	113	9	
114	8	114	9	
115	8	115	9	
116	9	116	9	
117	8	117	9	
118	8	118	8	
119	9	119	9	
120	8	120	9	
121	8	121	9	
122	9	122	9	
123	8	123	9	
124	8	124	9	
125	9	125	9	
126	8	126	9	
127	8	127	9	
128	9	128	9	
129	8	129	8	
130	9	130	9	
131	8	131	9	
132	8	132	9	
133	9	133	9	
134	8	134	9	
135	8	135	9	
136	9	136	9	
137	8	137	9	
138	8	138	9	
139	9	139	9	
140	8	140	9	
141	8	141	9	
142	9	142	9	
143	8	143	9	
144	8	144	9	
145	9	145	9	
146	8	146	9	
147	8	147	9	
148	9	148	9	
149	8	149	9	
150	8	150	9	
151	9	151	10	
152	8	152	9	
153	8	153	9	
154	9	154	9	
155	8	155	9	
156	8	156	9	
157	9	157	9	
158	8	158	9	
159	9	159	9	
160	8	160	9	
161	8	161	9	
162	9	162	9	
163	8	163	9	
164	8	164	10	
165	9	165	9	
166	8	166	9	
167	8	167	9	
168	9	168	9	
169	8	169	9	
170	8	170	9	
171	9	171	9	
172	8	172	9	
173	8	173	9	
174	9	174	10	
175	8	175	9	
176	8	176	9	
177	9	177	9	
178	8	178	9	
179	8	179	9	
180	9	180	9	
181	8	181	9	
182	8	182	9	
183	9	183	9	
184	8	184	9	
185	8	185	9	
186	8	186	9	
187	9	187	10	
188	8	188	9	
189	8	189	9	
190	9	190	9	
191	8	191	9	
192	8	192	9	
193	9	193	9	
194	8	194	9	
195	9	195	9	
196	8	196	9	
197	8	197	10	
198	8	198	9	
199	9	199	9	
200	8	200	9	
201	9	201	9	
202	8	202	9	
203	8	203	9	
204	8	204	9	
205	9	205	9	
206	8	206	9	
207	8	207	9	
208	9	208	9	
209	8	209	10	
210	8	210	9	
211	9	211	9	
212	8	212	9	
213	8	213	9	
214	9	214	9	
215	8	215	9	
216	8	216	9	
217	9	217	9	
218	8	218	9	
219	8	219	10	
220	9	220	9	
221	8	221	9	
222	8	222	9	
223	9	223	9	
224	8	224	9	
225	8	225	9	
226	9	226	9	
227	8	227	9	
228	8	228	9	
229	9	229	9	
230	8	230	10	
231	8	231	9	
232	9	232	9	
233	8	233	9	
234	8	234	9	
235	9	235	9	
236	8	236	9	
237	8	237	9	
238	9	238	9	
239	8	239	9	
240	8	240	9	
241	9	241	10	
242	8	242	9	
243	8	243	9	
244	8	244	9	
245	9	245	9	
246	8	246	9	
247	8	247	9	
248	9	248	9	
249	8	249	9	
250	8	250	9	
251	9	251	10	
252	8	252	9	
253	8	253	9	
254	9	254	9	
255	8	255	9	
256	8	256	9	
257	9	257	9	
258	8	258	9	
259	8	259	9	
260	9	260	9	
261	8	261	9	
262	8	262	10	
263	9	263	9	
264	8	264	9	
265	8	265	9	
266	9	266	9	
267	8	267	9	
268	8	268	9	
269	9	269	9	
270	8	270	9	
271	8	271	9	
272	8	272	9	
273	9	273	10	
274	8	274	9	
275	8	275	9	
276	9	276	9	
277	8	277	9	
278	8	278	9	
279	8	279	9	
280	9	280	9	
281	8	281	9	
282	8	282	9	
283	9	283	9	
284	8	284	9	
285	8	285	9	
286	9	286	10	
287	8	287	9	
288	8	288	9	
289	9	289	9	
290	8	290	9	
291	8	291	9	
292	9	292	9	
293	8	293	9	
294	8	294	9	
295	9	295	9	
296	8	296	9	
297	8	297	9	
298	8	298	9	
299	9	299	10	
300	8	300	9	
301	8	301	9	
302	9	302	9	
303	8	303	9	
304	8	304	9	
305	8	305	9	
306	9	306	9	
307	8	307	9	
308	8	308	9	
309	9	309	9	
310	8	310	10	
311	8	311	9	
312	9	312	9	
313	8	313	9	
314	8	314	9	
315	9	315	9	
316	8	316	9	
317	8	317	9	
318	9	318	9	
319	8	319	9	
320	8	320	9	
321	9	321	9	
322	8	322	9	
323	8	323	10	
324	8	324	9	
325	9	325	9	
326	8	326	9	
327	8	327	9	
328	9	328	9	
329	8	329	9	
330	8	330	9	
331	9	331	9	
332	8	332	9	
333	8	333	10	
334	9	334	9	
335	8	335	9	
336	8	336	9	
337	9	337	9	
338	8	338	9	
339	8	339	9	
340	8	340	9	
341	9	341	9	
342	8	342	9	
343	8	343	9	
344	9	344	9	
345	8	345	10	
346	8	346	9	
347	9	347	9	
348	8	348	9	
349	8	349	9	
350	8	350	9	
351	9	351	9	
352	8	352	9	
353	8	353	9	
354	9	354	9	
355	8	355	9	
356	8	356	9	
357	9	357	10	
358	8	358	9	
359	8	359	9	
360	8	360	9	
361	9	361	9	
362	8	362	9	
363	8	363	9	
364	9	364	9	
365	8	365	9	
366	8	366	9	
367	9	367	9	
368	8	368	9	
369	8	369	9	
370	8	370	9	
371	9	371	10	
372	8	372	9	
373	8	373	9	
374	9	374	9	
375	8	375	9	
376	8	376	9	
377	8	377	9	
378	9	378	9	
379	8	379	9	
380	8	380	9	
381	8	381	9	
382	9	382	9	
383	8	383	9	
384	8	384	9	
385	9	385	9	
386	8	386	10	
387	8	387	9	
388	8	388	9	
389	9	389	9	
390	8	390	9	
391	8	391	9	
392	9	392	9	
393	8	393	9	
394	8	394	9	
395	8	395	9	
396	9	396	9	
397	8	397	9	
398	8	398	9	
399	8	399	9	
400	9	400	10	
401	8	401	9	
402	9	402	9	
403	8	403	9	
404	8	404	9	
405	8	405	9	
406	9	406	9	
407	8	407	9	
408	8	408	9	
409	9	409	9	
410	8	410	9	
411	8	411	9	
412	8	412	9	
413	9	413	10	
414	8	414	9	
415	8	415	9	
416	8	416	9	
417	9	417	9	
418	8	418	9	
419	8	419	9	
420	9	420	9	
421	8	421	9	
422	8	422	9	
423	8	423	9	
424	8	424	9	
425	9	425	9	
426	8	426	10	
427	8	427	9	
428	8	428	9	
429	8	429	9	
430	9	430	9	
431	8	431	9	
432	8	432	9	
433	9	433	9	
434	8	434	9	
435	9	435	9	
436	8	436	9	
437	8	437	9	
438	9	438	9	
439	8	439	9	
440	9	440	9	
441	8	441	9	
442	9	442	10	
443	8	443	9	
444	9	444	9	
445	8	445	9	
446	8	446	9	
447	9	447	9	
448	8	448	9	
449	9	449	9	
450	8	450	9	
451	9	451	9	
452	8	452	9	
453	8	453	9	
454	9	454	9	
455	8	455	9	
456	9	456	9	
457	8	457	10	
458	9	458	9	
459	8	459	9	
460	8	460	9	
461	9	461	9	
462	8	462	9	
463	9	463	9	
464	8	464	9	
465	8	465	9	
466	9	466	9	
467	8	467	9	
468	9	468	9	
469	8	469	9	
470	9	470	9	
471	8	471	10	
472	8	472	9	
473	9	473	9	
474	8	474	9	
475	9	475	9	
476	8	476	9	
477	9	477	9	
478	8	478	9	
479	9	479	9	
480	8	480	9	
481	9	481	9	
482	8	482	9	
483	8	483	9	
484	9	484	10	
485	8	485	9	
486	9	486	9	
487	8	487	9	
488	9	488	9	
489	8	489	9	
490	8	490	9	
491	9	491	9	
492	8	492	9	
493	9	493	9	
494	8	494	9	
495	9	495	10	
496	8	496	9	
497	8	497	9	
498	9	498	9	
499	8	499	9	
500	9	500	9	
501	8	501	9	
502	9	502	9	
503	8	503	9	
504	8	504	9	
505	9	505	9	
506	8	506	9	
507	9	507	9	
508	8	508	9	
509	9	509	9	
510	8	510	10	
511	8	511	9	
512	9	512	9	
513	8	513	9	
514	8	514	9	
515	9	515	9	
516	8	516	9	
517	9	517	9	
518	8	518	9	
519	8	519	9	
520	9	520	9	
521	8	521	9	
522	9	522	9	
523	8	523	9	
524	8	524	10	
525	9	525	9	
526	8	526	9	
527	9	527	9	
528	8	528	9	
529	8	529	9	
530	9	530	9	
531	8	531	9	
532	9	532	9	
533	8	533	9	
534	8	534	9	
535	9	535	9	
536	8	536	9	
537	9	537	9	
538	8	538	10	
539	8	539	9	
540	9	540	9	
541	8	541	9	
542	9	542	9	
543	8	543	9	
544	8	544	9	
545	9	545	9	
546	8	546	9	
547	9	547	9	
548	8	548	9	
549	9	549	9	
550	8	550	9	
551	8	551	10	
552	9	552	9	
553	8	553	9	
554	9	554	9	
555	8	555	9	
556	8	556	9	
557	9	557	9	
558	8	558	9	
559	9	559	9	
560	8	560	9	
561	8	561	9	
562	9	562	10	
563	8	563	9	
564	9	564	9	
565	8	565	9	
566	8	566	9	
567	9	567	9	
568	8	568	9	
569	9	569	9	
570	8	570	9	
571	9	571	9	
572	8	572	9	
573	8	573	9	
574	9	574	9	
575	8	575	9	
576	8	576	9	
577	9	577	10	
578	8	578	9	
579	9	579	9	
580	8	580	9	
581	8	581	9	
582	9	582	9	
583	8	583	9	
584	9	584	9	
585	8	585	9	
586	8	586	9	
587	9	587	9	
588	8	588	9	
589	9	589	9	
590	8	590	9	
591	8	591	10	
592	9	592	9	
593	8	593	9	
594	9	594	9	
595	8	595	9	
596	8	596	9	
597	9	597	9	
598	8	598	9	
599	8	599	9	
600	9	600	9	
601	8	601	9	
602	9	602	9	
603	8	603	9	
604	8	604	9	
605	9	605	9	
606	8	606	9	
607	8	607	10	
608	9	608	9	
609	8	609	9	
610	9	610	9	
611	8	611	9	
612	8	612	9	
613	9	613	9	
614	8	614	9	
615	8	615	9	
616	9	616	9	
617	8	617	9	
618	9	618	9	
619	8	619	9	
620	8	620	9	
621	9	621	10	
622	8	622	9	
623	8	623	9	
624	9	624	9	
625	8	625	9	
626	9	626	9	
627	8	627	9	
628	8	628	9	
629	9	629	9	
630	8	630	9	
631	8	631	9	
632	9	632	9	
633	8	633	9	
634	9	634	10	
635	8	635	9	
636	8	636	9	
637	9	637	9	
638	8	638	9	
639	8	639	9	
640	9	640	9	
641	8	641	9	
642	8	642	10	
643	9	643	9	
644	8	644	9	
645	8	645	9	
646	9	646	10	
647	8	647	9	
648	9	648	9	
649	8	649	9	
650	8	650	9	
651	9	651	10	
652	8	652	9	
653	8	653	9	
654	9	654	10	
655	8	655	9	
656	8	656	9	
657	9	657	9	
658	8	658	10	
659	9	659	9	
660	8	660	9	
661	8	661	9	
662	9	662	9	
663	8	663	10	
664	8	664	9	
665	9	665	9	
666	8	666	9	
667	8	667	10	
668	9	668	9	
669	8	669	9	
670	8	670	9	
671	9	671	10	
672	8	672	9	
673	8	673	9	
674	9	674	9	
675	8	675	10	
676	9	676	9	
677	8	677	9	
678	8	678	9	
679	9	679	10	
680	8	680	9	
681	8	681	9	
682	9	682	9	
683	8	683	9	
684	8	684	10	
685	9	685	9	
686	8	686	9	
687	8	687	9	
688	9	688	10	
689	8	689	9	
690	8	690	9	
691	9	691	9	
692	8	692	10	
693	8	693	9	
694	9	694	9	
695	8	695	9	
696	8	696	10	
697	9	697	9	
698	8	698	9	
699	8	699	9	
700	9	700	10	
701	8	701	9	
702	8	702	9	
703	9	703	9	
704	8	704	9	
705	9	705	10	
706	8	706	9	
707	8	707	9	
708	9	708	9	
709	8	709	10	
710	8	710	9	
711	9	711	9	
712	8	712	9	
713	8	713	10	
714	9	714	9	
715	8	715	9	
716	8	716	9	
717	9	717	9	
718	8	718	10	
719	8	719	9	
720	9	720	9	
721	8	721	9	
722	8	722	10	
723	9	723	9	
724	8	724	9	
725	8	725	9	
726	9	726	10	
727	8	727	9	
728	8	728	9	
729	9	729	9	
730	8	730	10	
731	8	731	9	
732	9	732	9	
733	8	733	9	
734	8	734	10	
735	9	735	9	
736	8	736	9	
737	8	737	9	
738	9	738	9	
739	8	739	10	
740	8	740	9	
741	9	741	9	
742	8	742	9	
743	8	743	10	
744	9	744	9	
745	8	745	9	
746	8	746	9	
747	9	747	10	
748	8	748	9	
749	8	749	9	
750	9	750	9	
751	8	751	10	
752	8	752	9	
753	9	753	9	
754	8	754	9	
755	8	755	10	
756	9	756	9	
757	8	757	9	
758	8	758	9	
759	9	759	10	
760	8	760	9	
761	8	761	9	
762	9	762	9	
763	8	763	9	
764	8	764	10	
765	9	765	9	
766	8	766	9	
767	8	767	9	
768	9	768	10	
769	8	769	9	
770	8	770	9	
771	9	771	9	
772	8	772	10	
773	8	773	9	
774	9	774	9	
775	8	775	9	
776	8	776	10	
777	9	777	9	
778	8	778	9	
779	8	779	9	
780	9	780	10	
781	8	781	9	
782	8	782	9	
783	8	783	9	
784	9	784	10	
785	8	785	9	
786	8	786	9	
787	9	787	9	
788	8	788	9	
789	8	789	10	
790	9	790	9	
791	8	791	9	
792	8	792	9	
793	9	793	10	
794	8	794	9	
795	8	795	9	
796	9	796	9	
797	8	797	10	
798	8	798	9	
799	9	799	9	
800	8	800	9	
801	8	801	10	
802	9	802	9	
803	8	803	9	
804	8	804	9	
805	9	805	10	
806	8	806	9	
807	8	807	9	
808	8	808	9	
809	9	809	10	
810	8	810	9	
811	8	811	9	
812	9	812	9	
813	8	813	10	
814	8	814	9	
815	9	815	9	
816	8	816	10	
817	8	817	9	
818	9	818	9	
819	8	819	9	
820	8	820	9	
821	9	821	10	
822	8	822	9	
823	8	823	9	
824	9	824	9	
825	8	825	10	
826	8	826	9	
827	9	827	9	
828	8	828	10	
829	8	829	9	
830	9	830	9	
831	8	831	9	
832	8	832	9	
833	9	833	10	
834	8	834	9	
835	8	835	9	
836	8	836	9	
837	9	837	10	
838	8	838	9	
839	8	839	9	
840	9	840	9	
841	8	841	10	
842	9	842	9	
843	8	843	9	
844	8	844	9	
845	9	845	10	
846	8	846	9	
847	8	847	9	
848	9	848	9	
849	8	849	10	
850	8	850	9	
851	9	851	9	
852	8	852	9	
853	8	853	9	
854	8	854	10	
855	9	855	9	
856	8	856	9	
857	8	857	9	
858	9	858	10	
859	8	859	9	
860	8	860	9	
861	9	861	9	
862	8	862	10	
863	8	863	9	
864	9	864	9	
865	8	865	9	
866	8	866	10	
867	8	867	9	
868	9	868	9	
869	8	869	9	
870	8	870	10	
871	9	871	9	
872	8	872	9	
873	8	873	9	
874	9	874	10	
875	8	875	9	
876	8	876	9	
877	8	877	9	
878	9	878	10	
879	8	879	9	
880	8	880	9	
881	9	881	9	
882	8	882	10	
883	8	883	9	
884	9	884	9	
885	8	885	9	
886	8	886	10	
887	9	887	9	
888	8	888	9	
889	8	889	9	
890	8	890	9	
891	9	891	10	
892	8	892	9	
893	8	893	9	
894	9	894	9	
895	8	895	10	
896	8	896	9	
897	9	897	9	
898	8	898	9	
899	8	899	10	
900	9	900	9	
901	8	901	9	
902	8	902	9	
903	8	903	10	
904	9	904	9	
905	8	905	9	
906	8	906	9	
907	9	907	10	
908	8	908	9	
909	8	909	9	
910	9	910	9	
911	8	911	10	
912	8	912	9	
913	8	913	9	
914	9	914	10	
915	8	915	9	
916	8	916	9	
917	9	917	9	
918	8	918	9	
919	8	919	10	
920	8	920	9	
921	9	921	9	
922	8	922	9	
923	8	923	10	
924	9	924	9	
925	8	925	9	
926	8	926	10	
927	8	927	9	
928	9	928	9	
929	8	929	9	
930	8	930	9	
931	9	931	10	
932	8	932	9	
933	8	933	9	
934	8	934	9	
935	9	935	10	
936	8	936	9	
937	8	937	9	
938	9	938	9	
939	8	939	10	
940	8	940	9	
941	8	941	9	
942	9	942	9	
943	8	943	10	
944	8	944	9	
945	9	945	9	
946	8	946	9	
947	8	947	10	
948	9	948	9	
949	8	949	9	
950	8	950	9	
951	8	951	10	
952	9	952	9	
953	8	953	9	
954	8	954	9	
955	9	955	10	
956	8	956	9	
957	8	957	9	
958	8	958	9	
959	9	959	10	
960	8	960	9	
961	8	961	9	
962	8	962	9	
963	9	963	10	
964	8	964	9	
965	8	965	9	
966	9	966	9	
967	8	967	9	
968	8	968	10	
969	9	969	9	
970	8	970	9	
971	8	971	9	
972	8	972	10	
973	9	973	9	
974	8	974	9	
975	8	975	9	
976	9	976	10	
977	8	977	9	
978	8	978	9	
979	8	979	9	
980	9	980	10	
981	8	981	9	
982	8	982	9	
983	8	983	9	
984	9	984	9	
985	8	985	10	
986	8	986	9	
987	8	987	9	
988	9	988	10	
989	8	989	9	
990	8	990	9	
991	9	991	9	
992	8	992	9	
993	8	993	10	
994	8	994	9	
995	9	995	9	
996	8	996	10	
997	8	997	9	
998	8	998	9	
999	9	999	9	
1000	8	1000	9	
1001	8	1001	10	
1002	8	1002	9	
1003	9	1003	9	
1004	8	1004	9	
1005	8	1005	10	
1006	9	1006	9	
1007	8	1007	9	
1008	8	1008	10	
1009	8	1009	9	
1010	9	1010	9	
1011	8	1011	9	
1012	8	1012	9	
1013	9	1013	10	
1014	8	1014	9	
1015	8	1015	9	
1016	8	1016	9	
1017	9	1017	10	
1018	8	1018	9	
1019	8	1019	9	
1020	8	1020	9	
1021	9	1021	10	
1022	8	1022	9	
1023	8	1023	9	
1024	8	1024	9	
1025	9	1025	10	
1026	8	1026	9	
1027	8	1027	9	
1028	8	1028	9	
1029	9	1029	10	
1030	8	1030	9	
1031	8	1031	9	
1032	9	1032	9	
1033	8	1033	10	
1034	8	1034	9	
1035	8	1035	9	
1036	9	1036	9	
1037	8	1037	9	
1038	8	1038	10	
1039	8	1039	9	
1040	9	1040	9	
1041	8	1041	9	
1042	8	1042	10	
1043	8	1043	9	
1044	9	1044	9	
1045	8	1045	9	
1046	8	1046	9	
1047	9	1047	10	
1048	8	1048	9	
1049	8	1049	9	
1050	8	1050	9	
1051	9	1051	10	
1052	8	1052	9	
1053	8	1053	9	
1054	8	1054	9	
1055	9	1055	10	
1056	8	1056	9	
1057	8	1057	9	
1058	8	1058	9	
1059	9	1059	10	
1060	8	1060	9	
1061	8	1061	9	
1062	9	1062	9	
1063	8	1063	10	
1064	8	1064	9	
1065	9	1065	9	
1066	8	1066	9	
1067	8	1067	10	
1068	8	1068	9	
1069	9	1069	9	
1070	8	1070	9	
1071	8	1071	9	
1072	8	1072	10	
1073	9	1073	9	
1074	8	1074	9	
1075	8	1075	9	
1076	9	1076	10	
1077	8	1077	9	
1078	8	1078	9	
1079	8	1079	9	
1080	9	1080	10	
1081	8	1081	9	
1082	8	1082	9	
1083	8	1083	9	
1084	9	1084	10	
1085	8	1085	9	
1086	8	1086	9	
1087	9	1087	9	
1088	8	1088	10	
1089	8	1089	9	
1090	8	1090	9	
1091	9	1091	9	
1092	8	1092	10	
1093	8	1093	9	
1094	8	1094	9	
1095	9	1095	9	
1096	8	1096	10	
1097	8	1097	9	
1098	8	1098	9	
1099	9	1099	9	
1100	8	1100	10	
1101	8	1101	9	
1102	8	1102	9	
1103	9	1103	10	
1104	8	1104	9	
1105	8	1105	9	
1106	8	1106	9	
1107	9	1107	10	
1108	8	1108	9	
1109	8	1109	9	
1110	8	1110	9	
1111	9	1111	9	
1112	8	1112	10	
1113	8	1113	9	
1114	9	1114	9	
1115	8	1115	9	
1116	8	1116	10	
1117	8	1117	9	
1118	9	1118	9	
1119	8	1119	10	
1120	8	1120	9	
1121	8	1121	9	
1122	9	1122	9	
1123	8	1123	10	
1124	8	1124	9	
1125	8	1125	9	
1126	9	1126	9	
1127	8	1127	10	
1128	8	1128	9	
1129	8	1129	9	
1130	9	1130	9	
1131	8	1131	10	
1132	8	1132	9	
1133	8	1133	9	
1134	9	1134	9	
1135	8	1135	10	
1136	8	1136	9	
1137	8	1137	9	
1138	9	1138	9	
1139	8	1139	10	
1140	8	1140	9	
1141	9	1141	9	
1142	8	1142	9	
1143	8	1143	9	
1144	8	1144	10	
1145	9	1145	9	
1146	8	1146	9	
1147	8	1147	10	
1148	8	1148	9	
1149	9	1149	9	
1150	8	1150	9	
1151	8	1151	10	
1152	8	1152	9	
1153	9	1153	9	
1154	8	1154	9	
1155	8	1155	10	
1156	8	1156	9	
1157	9	1157	9	
1158	8	1158	9	
1159	8	1159	10	
1160	9	1160	9	
1161	8	1161	9	
1162	8	1162	9	
1163	8	1163	9	
1164	9	1164	10	
1165	8	1165	9	
1166	8	1166	9	
1167	8	1167	9	
1168	9	1168	10	
1169	8	1169	9	
1170	8	1170	9	
1171	8	1171	9	
1172	8	1172	10	
1173	9	1173	9	
1174	8	1174	9	
1175	8	1175	9	
1176	9	1176	10	
1177	8	1177	9	
1178	8	1178	9	
1179	8	1179	9	
1180	9	1180	10	
1181	8	1181	9	
1182	8	1182	9	
1183	8	1183	9	
1184	9	1184	9	
1185	8	1185	10	
1186	8	1186	9	
1187	8	1187	9	
1188	9	1188	9	
1189	8	1189	10	
1190	8	1190	9	
