Time - T1	Amplitude - T1	Time - T2	Amplitude - T2	Time - T3	Amplitude - T3	Time - T4	Amplitude - T4	Time - T5	Amplitude - T5	
0	60,7062	0	16,8453	0	17,4977	0	13,1625	0	13,0767	
1	60,2378	1	16,8024	1	17,4696	1	13,1529	1	13,0451	
2	61,0878	2	16,8765	2	17,5047	2	13,1939	2	13,089	
3	60,6219	3	16,8659	3	17,5046	3	13,1827	3	13,0726	
4	60,3877	4	17,8215	4	17,4416	4	13,184	4	13,0676	
5	60,4278	5	18,9966	5	17,2164	5	13,1532	5	13,0654	
6	60,3225	6	19,2934	6	16,9188	6	13,1485	6	13,0192	
7	60,1864	7	19,7577	7	15,6297	7	13,3059	7	13,0737	
8	60,0606	8	22,3987	8	14,8436	8	13,4634	8	13,0576	
9	60,1256	9	25,4724	9	13,8765	9	13,6806	9	13,0703	
10	59,9815	10	28,0228	10	13,7454	10	14,0738	10	13,086	
11	60,0544	11	28,9814	11	13,6667	11	14,3683	11	13,0869	
12	60,0446	12	30,2864	12	13,7104	12	14,7579	12	13,0848	
13	60,0539	13	31,7453	13	14,0879	13	15,788	13	13,0367	
14	60,0389	14	32,6455	14	14,3069	14	16,4754	14	13,0541	
15	60,0202	15	33,8111	15	15,5234	15	17,5911	15	13,0478	
16	59,8363	16	34,6995	16	16,2222	16	18,276	16	13,0387	
17	59,8812	17	35,2967	17	16,7956	17	18,9639	17	13,0469	
18	59,98	18	36,4671	18	18,0619	18	20,1046	18	13,0771	
19	59,9708	19	37,2471	19	18,3497	19	21,0051	19	13,0502	
20	59,8789	20	38,3096	20	19,453	20	21,8445	20	13,047	
21	59,62	21	39,7538	21	20,2433	21	22,6005	21	13,0358	
22	59,5872	22	40,5524	22	20,7392	22	23,2704	22	13,0622	
23	59,6938	23	41,6208	23	21,4628	23	24,3323	23	13,0597	
24	59,9766	24	42,4324	24	21,8718	24	24,8829	24	13,0445	
25	59,7152	25	43,0813	25	22,3986	25	25,4234	25	13,0967	
26	59,2299	26	43,9359	26	23,2647	26	26,3301	26	13,0403	
27	59,3303	27	44,4896	27	23,6246	27	26,9667	27	13,0569	
28	59,1655	28	45,0941	28	23,8109	28	27,3528	28	13,0468	
29	58,8706	29	45,7622	29	24,2797	29	28,1045	29	13,0504	
30	58,9268	30	46,1962	30	24,76	30	28,4249	30	13,031	
31	58,9249	31	46,7082	31	24,9266	31	29,1864	31	13,0891	
32	59,0079	32	46,9708	32	25,4366	32	29,5848	32	13,0795	
33	58,8004	33	47,4568	33	25,9146	33	29,8935	33	13,0535	
34	57,8905	34	47,9071	34	25,9366	34	30,4579	34	13,0833	
35	57,5788	35	48,0655	35	26,3722	35	30,8193	35	13,0648	
36	58,1694	36	48,2792	36	26,759	36	31,1997	36	13,0776	
37	57,829	37	48,5238	37	26,8757	37	31,3794	37	13,0712	
38	57,6739	38	48,8543	38	27,3907	38	31,7546	38	13,0833	
39	57,4184	39	49,0549	39	27,1501	39	32,0741	39	13,1008	
40	57,3133	40	49,2949	40	27,6662	40	32,4175	40	13,106	
41	57,3282	41	49,4143	41	27,8062	41	32,6315	41	13,1281	
42	57,2645	42	49,637	42	28,0261	42	32,8138	42	13,0979	
43	57,4743	43	49,755	43	28,0874	43	32,9151	43	13,096	
44	57,3069	44	49,9056	44	28,2861	44	33,1851	44	13,0726	
45	57,378	45	50,0493	45	28,2587	45	33,3317	45	13,0987	
46	57,0118	46	50,1914	46	28,5923	46	33,3526	46	13,1129	
47	56,8997	47	50,4	47	28,6881	47	33,656	47	13,0954	
48	57,2268	48	50,5046	48	28,8412	48	33,8084	48	13,0917	
49	57,5893	49	50,5715	49	28,9489	49	33,9221	49	13,0849	
50	57,1348	50	50,6596	50	28,9003	50	34,0826	50	13,0843	
51	57,3303	51	50,7895	51	29,2989	51	34,2003	51	13,0754	
52	57,4442	52	50,8163	52	29,1564	52	34,2228	52	13,1016	
53	57,2077	53	50,9602	53	29,2893	53	34,5133	53	13,0933	
54	56,984	54	51,0867	54	29,4322	54	34,5371	54	13,0846	
55	57,2591	55	51,1873	55	29,411	55	34,7018	55	13,064	
56	57,0319	56	51,2766	56	29,4479	56	34,8551	56	13,1014	
57	57,0902	57	51,271	57	29,5062	57	34,8634	57	13,0928	
58	56,7975	58	51,4048	58	29,5492	58	34,8913	58	13,1217	
59	56,9123	59	51,4647	59	29,6662	59	35,0503	59	13,1115	
60	57,2041	60	51,5411	60	29,7304	60	35,0683	60	13,1017	
61	57,2412	61	51,5983	61	29,7872	61	35,1019	61	13,0601	
62	56,6805	62	51,6427	62	29,8946	62	35,1545	62	13,138	
63	57,0072	63	51,6581	63	29,9107	63	35,3067	63	13,1153	
64	57,0164	64	51,6425	64	29,9818	64	35,3063	64	13,0892	
65	56,9608	65	51,7599	65	30,0605	65	35,3949	65	13,1122	
66	56,8407	66	51,8176	66	30,0157	66	35,4439	66	13,0964	
67	56,941	67	51,8772	67	30,0351	67	35,4389	67	13,1094	
68	56,8011	68	51,8925	68	30,1222	68	35,5053	68	13,1099	
69	56,7729	69	51,9211	69	30,1475	69	35,5718	69	13,107	
70	56,7574	70	51,9115	70	30,252	70	35,5578	70	13,109	
71	57,2527	71	51,97	71	30,2443	71	35,6296	71	13,1131	
72	56,7611	72	52,0069	72	30,2255	72	35,5768	72	13,0969	
73	56,2603	73	52,0779	73	30,3486	73	35,7287	73	13,1245	
74	56,3547	74	52,1113	74	30,2805	74	35,7153	74	13,1237	
75	56,694	75	52,1069	75	30,325	75	35,7422	75	13,0944	
76	56,9365	76	52,1305	76	30,3005	76	35,767	76	13,0853	
77	57,0524	77	52,1058	77	30,3868	77	35,8154	77	13,1128	
78	56,9766	78	52,1574	78	30,4304	78	35,8148	78	13,125	
79	56,7845	79	52,2286	79	30,4822	79	35,9272	79	13,1395	
80	55,9038	80	52,2615	80	30,45	80	35,8568	80	13,0929	
81	56,3075	81	52,3188	81	30,4749	81	35,8516	81	13,1068	
82	56,0508	82	52,3274	82	30,4418	82	35,902	82	13,0856	
83	56,1043	83	52,3517	83	30,5587	83	35,9724	83	13,1164	
84	56,1486	84	52,3925	84	30,5866	84	36,01	84	13,1477	
85	56,4199	85	52,4054	85	30,5748	85	36,0174	85	13,1099	
86	56,5592	86	52,3908	86	30,6559	86	36,1257	86	13,1135	
87	56,2913	87	52,3988	87	30,5897	87	36,109	87	13,1132	
88	56,3113	88	52,3999	88	30,6425	88	36,0811	88	13,1066	
89	55,9745	89	52,4365	89	30,6295	89	36,1588	89	13,1378	
90	55,4667	90	52,4042	90	30,7061	90	36,1701	90	13,1378	
91	55,885	91	52,4504	91	30,6042	91	36,1477	91	13,1407	
92	55,9332	92	52,434	92	30,6392	92	36,1213	92	13,1119	
93	56,0546	93	52,4409	93	30,736	93	36,1446	93	13,1186	
94	56,0532	94	52,3792	94	30,7399	94	36,1546	94	13,1049	
95	56,1149	95	52,3527	95	30,7265	95	36,1357	95	13,1094	
96	56,1024	96	52,3946	96	30,7443	96	36,1977	96	13,1331	
97	56,2445	97	52,4349	97	30,7703	97	36,1932	97	13,1448	
98	56,189	98	52,4503	98	30,7028	98	36,1504	98	13,1297	
99	55,8262	99	52,4193	99	30,7629	99	36,2167	99	13,1148	
100	56,0936	100	52,4521	100	30,7103	100	36,2017	100	13,1268	
101	55,9526	101	52,4756	101	30,7859	101	36,2195	101	13,1143	
102	55,9672	102	52,5008	102	30,7401	102	36,2123	102	13,1237	
103	56,0929	103	52,526	103	30,7357	103	36,2583	103	13,1387	
104	55,6871	104	52,5094	104	30,8109	104	36,2111	104	13,1144	
105	55,7889	105	52,5205	105	30,7799	105	36,228	105	13,1135	
106	55,8959	106	52,4841	106	30,8363	106	36,279	106	13,1174	
107	55,88	107	52,5002	107	30,8006	107	36,251	107	13,1522	
108	55,8633	108	52,4535	108	30,8935	108	36,2901	108	13,1635	
109	55,8092	109	52,4274	109	30,7678	109	36,2688	109	13,1308	
110	55,8278	110	52,366	110	30,8266	110	36,2777	110	13,1046	
111	55,7506	111	52,4348	111	30,906	111	36,3329	111	13,1399	
112	55,6897	112	52,3908	112	30,8156	112	36,2182	112	13,1388	
113	55,7878	113	52,3797	113	30,7845	113	36,2345	113	13,1239	
114	55,6146	114	52,4353	114	30,8863	114	36,2548	114	13,148	
115	55,4057	115	52,4306	115	30,8683	115	36,3188	115	13,1651	
116	55,3441	116	52,4155	116	30,8685	116	36,2554	116	13,1524	
117	55,4412	117	52,3912	117	30,7662	117	36,2046	117	13,1501	
118	55,7081	118	52,3736	118	30,8944	118	36,1849	118	13,1234	
119	55,7498	119	52,4049	119	30,7656	119	36,217	119	13,1629	
120	55,7477	120	52,4298	120	30,8971	120	36,181	120	13,1552	
121	55,7702	121	52,3902	121	30,8328	121	36,2208	121	13,151	
122	55,7551	122	52,3626	122	30,8466	122	36,2822	122	13,1688	
123	55,855	123	52,3013	123	30,8837	123	36,2397	123	13,1407	
124	55,8967	124	52,3048	124	30,8446	124	36,2755	124	13,1553	
125	55,8449	125	52,3059	125	30,8583	125	36,1995	125	13,1678	
126	55,8264	126	52,312	126	30,8129	126	36,2758	126	13,1637	
127	55,6417	127	52,2841	127	30,9039	127	36,2406	127	13,1578	
128	55,5279	128	52,3146	128	30,8649	128	36,257	128	13,1741	
129	55,6197	129	52,3172	129	30,8972	129	36,1862	129	13,1581	
130	55,6007	130	52,3199	130	30,9192	130	36,2179	130	13,1757	
131	55,4978	131	52,2907	131	30,873	131	36,2365	131	13,1712	
132	55,3805	132	52,2571	132	30,936	132	36,1772	132	13,1484	
133	55,6677	133	52,2541	133	30,9714	133	36,2157	133	13,1587	
134	55,5354	134	52,2554	134	30,8699	134	36,2148	134	13,1682	
135	55,0385	135	52,2162	135	30,8835	135	36,2063	135	13,1672	
136	54,6999	136	52,2154	136	30,8292	136	36,2107	136	13,1602	
137	54,7358	137	52,1621	137	30,8605	137	36,2497	137	13,1757	
138	54,8148	138	52,1988	138	30,8917	138	36,1617	138	13,1684	
139	54,9182	139	52,2214	139	30,8734	139	36,1616	139	13,1817	
140	54,8455	140	52,2174	140	30,8866	140	36,1351	140	13,1646	
141	54,5919	141	52,2009	141	30,8699	141	36,1198	141	13,1748	
142	54,9174	142	52,2109	142	30,8655	142	36,1463	142	13,2028	
143	54,9088	143	52,1634	143	30,8904	143	36,1033	143	13,199	
144	54,9503	144	52,0861	144	30,9095	144	36,1115	144	13,1811	
145	54,9192	145	52,0609	145	30,9355	145	36,143	145	13,1861	
146	54,8657	146	52,0096	146	30,8631	146	36,1289	146	13,1822	
147	54,8597	147	52,0273	147	30,914	147	36,0571	147	13,1623	
148	54,7918	148	52,0381	148	30,8282	148	36,1368	148	13,2202	
149	55,0536	149	52,0057	149	30,8168	149	36,0941	149	13,1791	
150	55,0647	150	51,9429	150	30,8929	150	36,0764	150	13,1739	
151	55,1715	151	51,8797	151	30,8929	151	36,068	151	13,1777	
152	55,2317	152	51,9372	152	30,9285	152	36,0781	152	13,2023	
153	55,0084	153	51,9691	153	30,8769	153	36,0856	153	13,221	
154	55,03	154	51,9378	154	30,8417	154	36,0375	154	13,1939	
155	55,0742	155	51,9271	155	30,8863	155	36,0875	155	13,2205	
156	55,0655	156	51,8735	156	30,7936	156	36,035	156	13,199	
157	54,8872	157	51,8322	157	30,8296	157	36,0601	157	13,2188	
158	54,4553	158	51,7812	158	30,8468	158	35,957	158	13,1838	
159	54,2221	159	51,7761	159	30,8223	159	36,0384	159	13,2147	
160	54,456	160	51,763	160	30,8724	160	35,9788	160	13,2183	
161	54,6461	161	51,7764	161	30,7682	161	36,0177	161	13,2251	
162	54,6794	162	51,8303	162	30,8347	162	35,9811	162	13,2264	
163	54,7175	163	51,8591	163	30,8297	163	35,9789	163	13,2265	
164	54,7109	164	51,8822	164	30,8114	164	35,9433	164	13,2089	
165	54,3357	165	51,9649	165	30,8486	165	35,9921	165	13,2391	
166	54,398	166	52,0367	166	30,8507	166	36,0012	166	13,2545	
167	54,576	167	52,0086	167	30,8466	167	36,0475	167	13,2398	
168	54,6308	168	51,9554	168	30,8812	168	35,9544	168	13,2402	
169	54,6407	169	51,8792	169	30,9216	169	35,9871	169	13,2507	
170	54,9616	170	51,8547	170	30,8164	170	36,0193	170	13,2354	
171	55,0066	171	51,8174	171	30,8836	171	35,9834	171	13,2454	
172	54,9325	172	51,8027	172	30,8742	172	35,9773	172	13,2569	
173	54,8951	173	51,7481	173	30,8112	173	35,9693	173	13,2154	
174	54,9257	174	51,7575	174	30,8931	174	35,9957	174	13,2285	
175	54,6517	175	51,7492	175	30,7799	175	35,9812	175	13,2476	
176	54,2899	176	51,7432	176	30,8142	176	35,941	176	13,226	
177	54,3317	177	51,749	177	30,9136	177	35,9473	177	13,263	
178	54,3089	178	51,7073	178	30,867	178	35,9584	178	13,2634	
179	54,2669	179	51,7128	179	30,8157	179	35,9682	179	13,2576	
180	53,9602	180	51,7337	180	30,8923	180	35,9561	180	13,2729	
181	54,5476	181	51,711	181	30,8139	181	35,9075	181	13,2419	
182	54,0416	182	51,6757	182	30,8785	182	35,9465	182	13,237	
183	53,7824	183	51,6514	183	30,8871	183	35,9349	183	13,2905	
184	53,9726	184	51,5992	184	30,9162	184	35,9083	184	13,2576	
185	53,8685	185	51,5998	185	30,7951	185	35,9304	185	13,2782	
186	54,6486	186	51,5925	186	30,8079	186	35,8987	186	13,2883	
187	54,4605	187	51,5593	187	30,8249	187	35,9348	187	13,2669	
188	54,3893	188	51,5656	188	30,8351	188	35,865	188	13,2573	
189	54,357	189	51,5518	189	30,8642	189	35,9319	189	13,3002	
190	54,3169	190	51,4974	190	30,821	190	35,8608	190	13,2535	
191	54,4858	191	51,5098	191	30,8111	191	35,8645	191	13,3107	
192	54,3885	192	51,5033	192	30,7251	192	35,8729	192	13,2672	
193	54,3582	193	51,5285	193	30,7728	193	35,8872	193	13,2942	
194	54,3774	194	51,5199	194	30,8854	194	35,8739	194	13,3274	
195	54,2872	195	51,4725	195	30,8183	195	35,8034	195	13,3032	
196	54,3223	196	51,4276	196	30,838	196	35,7944	196	13,3102	
197	54,352	197	51,3892	197	30,8416	197	35,8093	197	13,292	
198	54,4148	198	51,3635	198	30,7637	198	35,8057	198	13,3055	
199	54,4794	199	51,344	199	30,7811	199	35,7509	199	13,2926	
200	54,4914	200	51,3077	200	30,77	200	35,738	200	13,2789	
201	54,4062	201	51,2701	201	30,6956	201	35,7654	201	13,3016	
202	54,3569	202	51,3006	202	30,7905	202	35,8024	202	13,3093	
203	54,4116	203	51,2869	203	30,7765	203	35,7286	203	13,3552	
204	54,2015	204	51,3022	204	30,6962	204	35,723	204	13,3276	
205	54,1871	205	51,3196	205	30,7896	205	35,7799	205	13,3727	
206	54,2736	206	51,2862	206	30,7289	206	35,7317	206	13,3264	
207	54,5558	207	51,2625	207	30,6812	207	35,7067	207	13,3157	
208	54,5824	208	51,2443	208	30,7107	208	35,751	208	13,3198	
209	54,5594	209	51,2288	209	30,6629	209	35,7109	209	13,3195	
210	54,2231	210	51,1784	210	30,7521	210	35,68	210	13,3195	
211	53,9502	211	51,2009	211	30,7557	211	35,7262	211	13,357	
212	54,0174	212	51,1974	212	30,6817	212	35,6688	212	13,32	
213	53,9439	213	51,2304	213	30,7717	213	35,7051	213	13,3536	
214	54,0586	214	51,2228	214	30,733	214	35,6703	214	13,33	
215	53,334	215	51,2134	215	30,7257	215	35,6673	215	13,3704	
216	53,8414	216	51,1203	216	30,764	216	35,6315	216	13,3358	
217	53,9136	217	51,1035	217	30,7563	217	35,6692	217	13,3599	
218	53,6469	218	51,0564	218	30,8338	218	35,6336	218	13,3556	
219	52,5926	219	51,0627	219	30,7039	219	35,5815	219	13,3554	
220	53,2349	220	51,0669	220	30,8102	220	35,6372	220	13,3636	
221	53,5163	221	51,0913	221	30,8228	221	35,6536	221	13,3517	
222	53,7836	222	51,069	222	30,7137	222	35,6394	222	13,3338	
223	53,9822	223	51,1006	223	30,6641	223	35,5975	223	13,3613	
224	53,5236	224	51,0814	224	30,7037	224	35,5892	224	13,3471	
225	53,837	225	51,0566	225	30,701	225	35,5665	225	13,3654	
226	53,6632	226	51,0443	226	30,6641	226	35,6246	226	13,3731	
227	52,9951	227	51,0167	227	30,7422	227	35,6294	227	13,38	
228	52,9901	228	50,9019	228	30,6127	228	35,5174	228	13,3535	
229	52,8511	229	50,8905	229	30,6556	229	35,5138	229	13,3822	
230	52,9357	230	50,9136	230	30,6759	230	35,5826	230	13,4013	
231	53,57	231	50,8515	231	30,6564	231	35,5608	231	13,3434	
232	53,8512	232	50,8832	232	30,6867	232	35,5719	232	13,3818	
233	53,8683	233	50,8951	233	30,6857	233	35,4965	233	13,3737	
234	53,575	234	50,8925	234	30,6779	234	35,5158	234	13,3876	
235	52,8892	235	50,8836	235	30,745	235	35,4915	235	13,3819	
236	53,4947	236	50,8145	236	30,6348	236	35,5249	236	13,4007	
237	53,2178	237	50,8088	237	30,6257	237	35,5125	237	13,4153	
238	53,1669	238	50,8092	238	30,6613	238	35,4699	238	13,4085	
239	53,422	239	50,8064	239	30,5978	239	35,5021	239	13,4022	
240	53,2548	240	50,7643	240	30,6851	240	35,4389	240	13,384	
241	53,2978	241	50,7618	241	30,6784	241	35,4486	241	13,3877	
242	53,5925	242	50,7013	242	30,6235	242	35,4023	242	13,3916	
243	53,6084	243	50,6933	243	30,5533	243	35,4825	243	13,409	
244	53,7039	244	50,6783	244	30,6663	244	35,3977	244	13,4365	
245	53,6891	245	50,6739	245	30,5429	245	35,4344	245	13,4076	
246	53,3873	246	50,7186	246	30,5847	246	35,4198	246	13,429	
247	53,1489	247	50,681	247	30,6066	247	35,4037	247	13,4245	
248	53,2103	248	50,68	248	30,5924	248	35,4129	248	13,4592	
249	53,2707	249	50,689	249	30,6406	249	35,4244	249	13,4418	
250	52,9859	250	50,6759	250	30,5591	250	35,4111	250	13,4754	
251	53,3755	251	50,6838	251	30,586	251	35,408	251	13,4608	
252	53,61	252	50,6704	252	30,5648	252	35,3798	252	13,4464	
253	53,5062	253	50,6374	253	30,6224	253	35,374	253	13,4567	
254	53,3408	254	50,6576	254	30,7144	254	35,4109	254	13,4819	
255	53,3136	255	50,5449	255	30,5795	255	35,3472	255	13,4389	
256	53,0003	256	50,5492	256	30,6093	256	35,3666	256	13,443	
257	52,6361	257	50,5185	257	30,6819	257	35,4309	257	13,5009	
258	52,4985	258	50,5319	258	30,5301	258	35,351	258	13,4408	
259	52,3646	259	50,5393	259	30,4587	259	35,3636	259	13,4499	
260	52,3316	260	50,5792	260	30,582	260	35,3329	260	13,4501	
261	52,5523	261	50,5601	261	30,5639	261	35,3481	261	13,4622	
262	52,8119	262	50,5567	262	30,6051	262	35,3307	262	13,4831	
263	53,0386	263	50,5311	263	30,4513	263	35,3441	263	13,4958	
264	52,8862	264	50,4781	264	30,5525	264	35,3012	264	13,4835	
265	52,9239	265	50,3795	265	30,5823	265	35,3024	265	13,4728	
266	53,0683	266	50,3868	266	30,5833	266	35,3444	266	13,5238	
267	53,1233	267	50,3875	267	30,5956	267	35,2969	267	13,5121	
268	53,0846	268	50,3363	268	30,5497	268	35,2924	268	13,5032	
269	53,1618	269	50,2956	269	30,5098	269	35,2559	269	13,5041	
270	53,1666	270	50,2833	270	30,5419	270	35,2841	270	13,5471	
271	53,0719	271	50,243	271	30,3923	271	35,1955	271	13,5161	
272	53,1284	272	50,2441	272	30,425	272	35,214	272	13,512	
273	53,1769	273	50,255	273	30,4934	273	35,2353	273	13,5218	
274	53,3397	274	50,2634	274	30,4638	274	35,198	274	13,5376	
275	53,5112	275	50,2628	275	30,443	275	35,174	275	13,5632	
276	53,6363	276	50,2806	276	30,5777	276	35,1644	276	13,5553	
277	53,5877	277	50,234	277	30,3973	277	35,1308	277	13,5206	
278	53,5378	278	50,2342	278	30,4891	278	35,1581	278	13,528	
279	53,229	279	50,2344	279	30,4668	279	35,1148	279	13,5449	
280	53,0288	280	50,2701	280	30,4632	280	35,1758	280	13,5588	
281	52,4061	281	50,2798	281	30,4875	281	35,1593	281	13,5697	
282	52,491	282	50,3013	282	30,501	282	35,1685	282	13,5543	
283	52,4627	283	50,3111	283	30,5645	283	35,1396	283	13,5525	
284	52,6129	284	50,3303	284	30,4939	284	35,1413	284	13,569	
285	52,4177	285	50,2944	285	30,4855	285	35,132	285	13,5691	
286	52,2358	286	50,2681	286	30,4353	286	35,1597	286	13,5649	
287	52,4188	287	50,2615	287	30,4534	287	35,1618	287	13,5852	
288	52,5764	288	50,2416	288	30,4614	288	35,1226	288	13,5623	
289	52,5024	289	50,2332	289	30,4717	289	35,1646	289	13,556	
290	53,5268	290	50,2518	290	30,4896	290	35,1446	290	13,5947	
291	51,8772	291	50,2445	291	30,4939	291	35,1867	291	13,5881	
292	52,4296	292	50,2151	292	30,5115	292	35,2403	292	13,5941	
293	52,366	293	50,2276	293	30,5022	293	35,1458	293	13,6018	
294	52,3697	294	50,1771	294	30,5274	294	35,1424	294	13,6002	
295	52,0375	295	50,1389	295	30,4448	295	35,1313	295	13,626	
296	52,9584	296	50,0941	296	30,5356	296	35,1262	296	13,6104	
297	52,5109	297	50,0561	297	30,4688	297	35,18	297	13,6413	
298	52,646	298	49,9841	298	30,3974	298	35,1669	298	13,6089	
299	52,0931	299	49,9774	299	30,4752	299	35,1241	299	13,6178	
300	51,5207	300	49,9474	300	30,4645	300	35,032	300	13,6269	
301	52,6227	301	49,9496	301	30,4643	301	35,044	301	13,6248	
302	51,9796	302	49,9172	302	30,4426	302	35,0814	302	13,6333	
303	52,1507	303	49,9101	303	30,4735	303	35,0621	303	13,6432	
304	52,3869	304	49,8869	304	30,371	304	35,0526	304	13,6236	
305	52,1717	305	49,8654	305	30,4765	305	34,9934	305	13,6429	
306	52,1811	306	49,8603	306	30,3627	306	34,9775	306	13,62	
307	52,4829	307	49,8415	307	30,4705	307	34,9533	307	13,6278	
308	52,7176	308	49,8219	308	30,3871	308	34,9493	308	13,6471	
309	52,9984	309	49,7909	309	30,4031	309	34,9428	309	13,6352	
310	52,7022	310	49,7666	310	30,3803	310	34,9121	310	13,6735	
311	52,2297	311	49,7888	311	30,4626	311	34,9557	311	13,6717	
312	52,3844	312	49,7726	312	30,299	312	34,9243	312	13,6678	
313	52,5449	313	49,7471	313	30,4211	313	34,8821	313	13,6477	
314	52,6694	314	49,6927	314	30,3108	314	34,8673	314	13,6188	
315	52,6457	315	49,7344	315	30,3499	315	34,9334	315	13,6451	
316	52,6769	316	49,7058	316	30,3743	316	34,8866	316	13,6356	
317	52,7495	317	49,703	317	30,3494	317	34,8805	317	13,6818	
318	52,667	318	49,692	318	30,287	318	34,897	318	13,6624	
319	52,757	319	49,6672	319	30,3478	319	34,8648	319	13,6539	
320	52,9029	320	49,6243	320	30,3563	320	34,8794	320	13,6812	
321	52,6656	321	49,5926	321	30,2922	321	34,8497	321	13,6801	
322	52,5129	322	49,5828	322	30,3387	322	34,8459	322	13,6537	
323	52,843	323	49,5899	323	30,289	323	34,8016	323	13,6858	
324	52,9247	324	49,5665	324	30,338	324	34,8546	324	13,6693	
325	52,3771	325	49,5681	325	30,1977	325	34,8268	325	13,7072	
326	52,4854	326	49,5385	326	30,2015	326	34,7477	326	13,6848	
327	52,4449	327	49,5242	327	30,1972	327	34,7725	327	13,7034	
328	52,117	328	49,5525	328	30,2669	328	34,7656	328	13,7002	
329	52,1486	329	49,5699	329	30,263	329	34,7162	329	13,7129	
330	51,6808	330	49,556	330	30,2357	330	34,7097	330	13,6981	
331	51,9093	331	49,557	331	30,2071	331	34,735	331	13,7067	
332	52,7031	332	49,5632	332	30,3554	332	34,7142	332	13,7103	
333	51,9777	333	49,6244	333	30,2357	333	34,8127	333	13,7386	
334	52,5356	334	49,5956	334	30,3009	334	34,7493	334	13,7079	
335	51,9741	335	49,5951	335	30,3004	335	34,7923	335	13,7303	
336	51,7814	336	49,5561	336	30,225	336	34,6953	336	13,7049	
337	51,9053	337	49,5831	337	30,1801	337	34,7577	337	13,717	
338	51,6114	338	49,6161	338	30,2653	338	34,7017	338	13,7085	
339	51,5552	339	49,6134	339	30,1573	339	34,6863	339	13,7277	
340	51,1998	340	49,5914	340	30,2567	340	34,7095	340	13,7093	
341	51,4955	341	49,5848	341	30,3129	341	34,7159	341	13,7611	
342	51,6614	342	49,4965	342	30,288	342	34,758	342	13,7387	
343	51,9394	343	49,4358	343	30,2324	343	34,7378	343	13,7224	
344	51,9181	344	49,3824	344	30,2533	344	34,7174	344	13,735	
345	52,2191	345	49,3892	345	30,2095	345	34,7463	345	13,7516	
346	52,2085	346	49,3541	346	30,2806	346	34,7473	346	13,765	
347	52,1972	347	49,2919	347	30,2366	347	34,6956	347	13,7381	
348	52,0506	348	49,3096	348	30,2654	348	34,6756	348	13,7406	
349	51,2552	349	49,3371	349	30,2877	349	34,6964	349	13,7641	
350	50,716	350	49,3013	350	30,3082	350	34,6574	350	13,7597	
351	50,6983	351	49,3181	351	30,1932	351	34,635	351	13,7827	
352	50,645	352	49,3267	352	30,1925	352	34,6114	352	13,7262	
353	50,289	353	49,3251	353	30,292	353	34,579	353	13,7661	
354	50,4431	354	49,2965	354	30,231	354	34,6179	354	13,7524	
355	50,5425	355	49,2604	355	30,2173	355	34,6253	355	13,7671	
356	50,393	356	49,2158	356	30,2373	356	34,6466	356	13,7583	
357	50,0904	357	49,1862	357	30,1625	357	34,6321	357	13,7864	
358	49,9649	358	49,0907	358	30,1364	358	34,6066	358	13,7547	
359	49,9298	359	49,0865	359	30,1843	359	34,6131	359	13,7713	
360	50,0039	360	49,0339	360	30,2427	360	34,5622	360	13,7686	
361	50,1603	361	49,0158	361	30,2676	361	34,513	361	13,77	
362	50,0914	362	48,978	362	30,1832	362	34,486	362	13,7735	
363	49,8773	363	48,9672	363	30,1891	363	34,4713	363	13,7847	
364	50,1264	364	48,9469	364	30,1012	364	34,4325	364	13,7743	
365	50,163	365	48,9386	365	30,1558	365	34,4438	365	13,7672	
366	50,2121	366	48,8736	366	30,0502	366	34,4248	366	13,7908	
367	50,4864	367	48,8299	367	30,0636	367	34,4554	367	13,7891	
368	51,6299	368	48,8181	368	30,1278	368	34,4463	368	13,7846	
369	51,7409	369	48,7824	369	30,0158	369	34,4261	369	13,7825	
370	50,4327	370	48,7642	370	30,0711	370	34,4062	370	13,8019	
371	49,485	371	48,6918	371	30,0503	371	34,3874	371	13,7689	
372	49,3991	372	48,6411	372	30,0213	372	34,3903	372	13,7786	
373	49,6114	373	48,6311	373	30,0177	373	34,323	373	13,7792	
374	50,0268	374	48,6416	374	30,1158	374	34,3243	374	13,7843	
375	50,446	375	48,6507	375	29,9991	375	34,2493	375	13,8081	
376	50,0228	376	48,6588	376	29,9217	376	34,2579	376	13,7887	
377	50,6046	377	48,6511	377	30,0174	377	34,2792	377	13,8109	
378	50,0887	378	48,6023	378	29,9207	378	34,2241	378	13,8158	
379	50,1457	379	48,608	379	29,903	379	34,2271	379	13,7926	
380	51,0695	380	48,6237	380	29,8602	380	34,1765	380	13,795	
381	50,4516	381	48,657	381	29,9485	381	34,22	381	13,8159	
382	51,3013	382	48,6783	382	29,9547	382	34,1817	382	13,7998	
383	50,443	383	48,6614	383	29,8966	383	34,1688	383	13,8062	
384	50,1026	384	48,6983	384	30,0018	384	34,2009	384	13,8151	
385	51,6143	385	48,6855	385	29,955	385	34,2063	385	13,8101	
386	51,1616	386	48,6747	386	29,936	386	34,1888	386	13,8313	
387	50,7891	387	48,597	387	30,0121	387	34,2089	387	13,8041	
388	51,5368	388	48,6132	388	29,9388	388	34,2286	388	13,8127	
389	51,5594	389	48,5327	389	29,8565	389	34,194	389	13,8013	
390	51,035	390	48,4405	390	29,9829	390	34,2145	390	13,8265	
391	50,0311	391	48,4228	391	29,9842	391	34,204	391	13,8068	
392	50,4065	392	48,3269	392	29,9677	392	34,1562	392	13,7986	
393	49,6895	393	48,3242	393	29,98	393	34,1849	393	13,8449	
394	49,5924	394	48,3182	394	29,964	394	34,1314	394	13,8006	
395	49,9477	395	48,3523	395	29,9164	395	34,1192	395	13,8424	
396	49,9789	396	48,3447	396	29,9223	396	34,1086	396	13,7974	
397	50,1103	397	48,3341	397	29,9651	397	34,0646	397	13,8589	
398	50,4312	398	48,3565	398	29,8252	398	34,0391	398	13,852	
399	50,8059	399	48,3222	399	29,7908	399	34,0419	399	13,7981	
400	50,844	400	48,3344	400	29,798	400	34,0504	400	13,853	
401	50,7882	401	48,2948	401	29,7765	401	34,0042	401	13,8241	
402	50,5939	402	48,2558	402	29,8356	402	34,012	402	13,8135	
403	50,5259	403	48,2066	403	29,7763	403	33,9857	403	13,8286	
404	50,5282	404	48,2324	404	29,8584	404	34,0881	404	13,8323	
405	50,4018	405	48,2267	405	29,8545	405	34,051	405	13,8536	
406	50,7507	406	48,2507	406	29,8239	406	33,9952	406	13,8664	
407	50,8245	407	48,2535	407	29,7788	407	34,0135	407	13,8578	
408	50,6651	408	48,2376	408	29,7829	408	33,9459	408	13,8792	
409	50,7299	409	48,2265	409	29,7951	409	33,9693	409	13,8644	
410	50,7127	410	48,2006	410	29,7833	410	33,929	410	13,8372	
411	50,81	411	48,1981	411	29,8189	411	33,9808	411	13,8646	
412	50,7672	412	48,1556	412	29,8208	412	33,9851	412	13,8404	
413	50,7826	413	48,1528	413	29,763	413	33,9378	413	13,8471	
414	50,8536	414	48,1619	414	29,8033	414	33,9334	414	13,8841	
415	50,7182	415	48,0818	415	29,7285	415	33,9292	415	13,8426	
416	50,5881	416	48,0861	416	29,7253	416	33,9054	416	13,8613	
417	50,5855	417	48,1276	417	29,6852	417	33,8936	417	13,8636	
418	50,5802	418	48,1509	418	29,7536	418	33,9017	418	13,8719	
419	50,5684	419	48,1348	419	29,7498	419	33,9107	419	13,89	
420	50,4196	420	48,0854	420	29,7669	420	33,8771	420	13,8816	
421	50,4038	421	48,0875	421	29,7573	421	33,8624	421	13,8714	
422	50,4004	422	48,0962	422	29,7191	422	33,851	422	13,8789	
423	50,2768	423	48,0689	423	29,6862	423	33,8328	423	13,8841	
424	50,412	424	48,0205	424	29,7062	424	33,8522	424	13,882	
425	50,4877	425	47,9789	425	29,6498	425	33,7927	425	13,8563	
426	49,997	426	47,9996	426	29,7659	426	33,8863	426	13,9253	
427	49,9517	427	47,9795	427	29,7722	427	33,8618	427	13,9251	
428	50,2405	428	47,9538	428	29,7278	428	33,8418	428	13,9062	
429	49,8522	429	47,94	429	29,7194	429	33,8161	429	13,913	
430	50,4058	430	47,9074	430	29,6947	430	33,7939	430	13,887	
431	49,9622	431	47,9501	431	29,6921	431	33,8723	431	13,9401	
432	50,1838	432	47,9599	432	29,7923	432	33,8162	432	13,944	
433	50,0857	433	47,9578	433	29,6857	433	33,7911	433	13,9599	
434	50,4121	434	47,902	434	29,7057	434	33,795	434	13,9196	
435	50,5339	435	47,8865	435	29,7487	435	33,7882	435	13,947	
436	49,9784	436	47,8244	436	29,7312	436	33,7637	436	13,9221	
437	50,1555	437	47,793	437	29,7012	437	33,7353	437	13,9156	
438	49,856	438	47,8357	438	29,738	438	33,8225	438	13,9662	
439	49,5364	439	47,8296	439	29,675	439	33,7794	439	13,9357	
440	49,476	440	47,8103	440	29,6784	440	33,7749	440	13,933	
441	49,7128	441	47,8051	441	29,5997	441	33,7541	441	13,9357	
442	49,6479	442	47,8293	442	29,6672	442	33,7355	442	13,9454	
443	49,7152	443	47,8946	443	29,67	443	33,7655	443	13,9812	
444	49,6594	444	47,8528	444	29,6068	444	33,7298	444	13,9762	
445	49,6025	445	47,7982	445	29,7023	445	33,7481	445	13,982	
446	49,9104	446	47,7062	446	29,6667	446	33,73	446	13,9445	
447	49,7345	447	47,7106	447	29,643	447	33,7363	447	13,9924	
448	49,8201	448	47,6859	448	29,6649	448	33,7501	448	13,9879	
449	49,9356	449	47,6683	449	29,6653	449	33,6986	449	13,9888	
450	49,9107	450	47,6691	450	29,7386	450	33,7106	450	14,0321	
451	50,0319	451	47,5625	451	29,4892	451	33,6983	451	13,979	
452	50,0112	452	47,5792	452	29,6905	452	33,6843	452	14,0015	
453	50,1157	453	47,5777	453	29,658	453	33,732	453	14,0319	
454	50,149	454	47,5391	454	29,6522	454	33,6817	454	14,0088	
455	50,1859	455	47,5611	455	29,7117	455	33,6702	455	14,0334	
456	50,1749	456	47,5623	456	29,6197	456	33,6803	456	14,0484	
457	50,15	457	47,5216	457	29,656	457	33,6926	457	14,0175	
458	50,1326	458	47,5133	458	29,7083	458	33,6425	458	14,0352	
459	50,0542	459	47,5355	459	29,6782	459	33,6369	459	14,0733	
460	50,0019	460	47,5211	460	29,4688	460	33,6274	460	14,0275	
461	49,9282	461	47,5441	461	29,6027	461	33,6704	461	14,0712	
462	49,8941	462	47,5726	462	29,555	462	33,6575	462	14,0753	
463	49,9933	463	47,5668	463	29,6351	463	33,6723	463	14,086	
464	50,0897	464	47,5248	464	29,5642	464	33,6236	464	14,0608	
465	50,0799	465	47,554	465	29,5225	465	33,6111	465	14,0776	
466	50,0846	466	47,5423	466	29,5707	466	33,6319	466	14,1212	
467	50,0758	467	47,5284	467	29,5984	467	33,5799	467	14,0845	
468	50,0657	468	47,5241	468	29,6731	468	33,6244	468	14,0935	
469	49,9912	469	47,5264	469	29,6726	469	33,6215	469	14,1292	
470	50,0039	470	47,5389	470	29,5847	470	33,6356	470	14,1263	
471	50,0266	471	47,5102	471	29,7662	471	33,6168	471	14,1192	
472	50,0002	472	47,4855	472	29,6109	472	33,5811	472	14,1214	
473	50,0223	473	47,511	473	29,5945	473	33,6083	473	14,1267	
474	50,0607	474	47,5057	474	29,4954	474	33,5776	474	14,1303	
475	50,4276	475	47,5305	475	29,713	475	33,6097	475	14,1677	
476	49,9191	476	47,4979	476	29,6488	476	33,5744	476	14,1203	
477	49,9613	477	47,5212	477	29,6702	477	33,5933	477	14,162	
478	49,7762	478	47,4969	478	29,5848	478	33,5982	478	14,1532	
479	49,8513	479	47,4628	479	29,6222	479	33,5787	479	14,1395	
480	49,3926	480	47,4564	480	29,6631	480	33,6308	480	14,182	
481	49,51	481	47,4653	481	29,7286	481	33,6309	481	14,1988	
482	49,6195	482	47,463	482	29,6064	482	33,6689	482	14,2198	
483	49,6182	483	47,4349	483	29,6328	483	33,6015	483	14,1803	
484	49,4678	484	47,4704	484	29,7239	484	33,6258	484	14,2246	
485	49,6381	485	47,4181	485	29,6111	485	33,577	485	14,2112	
486	49,7564	486	47,3868	486	29,6057	486	33,5492	486	14,2048	
487	49,6625	487	47,356	487	29,5682	487	33,5705	487	14,2045	
488	49,347	488	47,3218	488	29,4959	488	33,608	488	14,2051	
489	49,3334	489	47,3261	489	29,5778	489	33,5842	489	14,2185	
490	49,4373	490	47,3317	490	29,6983	490	33,5951	490	14,2558	
491	49,3349	491	47,3092	491	29,7836	491	33,5306	491	14,2531	
492	49,0536	492	47,338	492	29,6637	492	33,5433	492	14,2312	
493	49,1644	493	47,3339	493	29,6408	493	33,5546	493	14,2675	
494	49,0824	494	47,3072	494	29,5385	494	33,5867	494	14,2839	
495	49,2056	495	47,3209	495	29,5947	495	33,5359	495	14,2771	
496	49,2694	496	47,2755	496	29,5857	496	33,5349	496	14,2565	
497	49,2838	497	47,2648	497	29,651	497	33,5489	497	14,2822	
498	49,4624	498	47,2525	498	29,5745	498	33,5636	498	14,31	
499	49,7865	499	47,2266	499	29,5314	499	33,552	499	14,3211	
500	49,946	500	47,225	500	29,669	500	33,563	500	14,3342	
501	49,8762	501	47,1817	501	29,6503	501	33,5112	501	14,3225	
502	49,7557	502	47,1801	502	29,5768	502	33,5298	502	14,3366	
503	49,6516	503	47,1929	503	29,6561	503	33,5591	503	14,3836	
504	49,6625	504	47,1632	504	29,5813	504	33,5056	504	14,3468	
505	49,7214	505	47,1796	505	29,6111	505	33,5602	505	14,379	
506	49,7804	506	47,1656	506	29,5654	506	33,4678	506	14,3555	
507	49,7559	507	47,165	507	29,5774	507	33,4807	507	14,3597	
508	49,7857	508	47,1867	508	29,6075	508	33,4938	508	14,3949	
509	49,5143	509	47,1661	509	29,7473	509	33,5085	509	14,3741	
510	49,4444	510	47,1314	510	29,6374	510	33,5321	510	14,3866	
511	49,5784	511	47,0779	511	29,5698	511	33,5074	511	14,3906	
512	49,7682	512	47,0649	512	29,5364	512	33,4914	512	14,3638	
513	49,6835	513	47,0959	513	29,5877	513	33,5181	513	14,4196	
514	49,5993	514	47,0852	514	29,5364	514	33,5706	514	14,4367	
515	49,6281	515	47,0448	515	29,5415	515	33,4899	515	14,4152	
516	49,6628	516	47,0639	516	29,527	516	33,5425	516	14,4491	
517	49,3257	517	47,051	517	29,6173	517	33,4774	517	14,4534	
518	49,4634	518	47,0513	518	29,5749	518	33,4895	518	14,4486	
519	50,5314	519	47,0581	519	29,6589	519	33,4911	519	14,4264	
520	49,3642	520	47,052	520	29,6028	520	33,4981	520	14,4707	
521	48,9636	521	47,0493	521	29,5639	521	33,4893	521	14,5037	
522	49,2517	522	47,0609	522	29,6279	522	33,4785	522	14,5008	
523	49,5003	523	47,0118	523	29,6462	523	33,5474	523	14,4918	
524	48,712	524	47,0091	524	29,6326	524	33,5175	524	14,4994	
525	48,7328	525	46,989	525	29,5888	525	33,4695	525	14,5069	
526	49,1029	526	46,9671	526	29,5914	526	33,4703	526	14,4801	
527	49,0783	527	46,9707	527	29,581	527	33,4824	527	14,5381	
528	49,0384	528	46,9203	528	29,6304	528	33,4843	528	14,5339	
529	48,915	529	46,9057	529	29,5178	529	33,5071	529	14,5413	
530	49,7888	530	46,9026	530	29,5867	530	33,4543	530	14,5253	
531	49,3807	531	46,8811	531	29,5573	531	33,4672	531	14,5384	
532	48,5273	532	46,8391	532	29,5405	532	33,4308	532	14,5581	
533	49,5721	533	46,8049	533	29,5217	533	33,4243	533	14,5791	
534	49,2462	534	46,8085	534	29,5852	534	33,4144	534	14,5776	
535	49,2676	535	46,7986	535	29,5803	535	33,4353	535	14,5769	
536	49,2373	536	46,8222	536	29,5591	536	33,4451	536	14,6255	
537	49,4064	537	46,7997	537	29,5752	537	33,4519	537	14,6119	
538	50,0341	538	46,7452	538	29,4551	538	33,3968	538	14,6083	
539	50,0486	539	46,7411	539	29,5581	539	33,3547	539	14,6141	
540	49,3788	540	46,7332	540	29,5313	540	33,3954	540	14,646	
541	49,1397	541	46,7456	541	29,4879	541	33,4084	541	14,6325	
542	49,4878	542	46,7487	542	29,5352	542	33,4246	542	14,6533	
543	49,1062	543	46,769	543	29,6081	543	33,3674	543	14,6389	
544	49,7349	544	46,784	544	29,5245	544	33,3811	544	14,6295	
545	49,591	545	46,7988	545	29,5584	545	33,3685	545	14,6562	
546	49,6261	546	46,8282	546	29,5595	546	33,3921	546	14,6741	
547	49,196	547	46,8387	547	29,6736	547	33,3957	547	14,6953	
548	49,0335	548	46,7973	548	29,593	548	33,4494	548	14,6966	
549	49,226	549	46,793	549	29,5403	549	33,3964	549	14,7179	
550	49,3949	550	46,7707	550	29,4894	550	33,3916	550	14,6831	
551	49,4382	551	46,7603	551	29,4924	551	33,3857	551	14,7147	
552	49,2639	552	46,7112	552	29,5334	552	33,3802	552	14,7196	
553	48,8678	553	46,6951	553	29,5165	553	33,3774	553	14,7234	
554	48,757	554	46,7274	554	29,6642	554	33,3717	554	14,731	
555	49,0029	555	46,7425	555	29,6583	555	33,4151	555	14,7398	
556	48,8628	556	46,7193	556	29,4757	556	33,4127	556	14,7312	
557	48,8593	557	46,7247	557	29,4653	557	33,3854	557	14,7282	
558	48,9345	558	46,7377	558	29,6219	558	33,4154	558	14,7635	
559	49,2006	559	46,697	559	29,4659	559	33,4052	559	14,7707	
560	49,2466	560	46,6738	560	29,5269	560	33,4435	560	14,7887	
561	49,4533	561	46,6124	561	29,4947	561	33,3725	561	14,7795	
562	49,5297	562	46,5707	562	29,5474	562	33,3937	562	14,7876	
563	49,2846	563	46,5569	563	29,5306	563	33,3665	563	14,8062	
564	49,2322	564	46,5198	564	29,6844	564	33,3647	564	14,7815	
565	49,2611	565	46,5524	565	29,5114	565	33,391	565	14,8016	
566	48,8792	566	46,5542	566	29,5405	566	33,3624	566	14,7887	
567	48,9138	567	46,6149	567	29,5659	567	33,3671	567	14,8149	
568	49,6922	568	46,6013	568	29,4581	568	33,3431	568	14,85	
569	49,7563	569	46,5916	569	29,4807	569	33,3646	569	14,841	
570	50,0932	570	46,5581	570	29,528	570	33,3289	570	14,8413	
571	47,9569	571	46,5234	571	29,5455	571	33,3501	571	14,8576	
572	47,307	572	46,5061	572	29,4978	572	33,3251	572	14,826	
573	47,3603	573	46,5664	573	29,5232	573	33,4136	573	14,8779	
574	47,7107	574	46,5352	574	29,5236	574	33,3634	574	14,8649	
575	48,8979	575	46,5542	575	29,4295	575	33,2818	575	14,8816	
576	48,8436	576	46,5947	576	29,4909	576	33,3551	576	14,9156	
577	48,3799	577	46,5769	577	29,5847	577	33,3722	577	14,9044	
578	48,6162	578	46,5955	578	29,5829	578	33,3338	578	14,9016	
579	48,8545	579	46,6178	579	29,5637	579	33,3616	579	14,9146	
580	49,0993	580	46,5924	580	29,497	580	33,3425	580	14,927	
581	48,7151	581	46,5607	581	29,5241	581	33,3357	581	14,9226	
582	48,9592	582	46,5357	582	29,6501	582	33,3713	582	14,9449	
583	48,9051	583	46,5199	583	29,6567	583	33,4205	583	14,9511	
584	49,1744	584	46,5327	584	29,5117	584	33,3529	584	14,9472	
585	49,0758	585	46,5466	585	29,6555	585	33,3561	585	14,9466	
586	48,9215	586	46,5315	586	29,5753	586	33,3268	586	14,9382	
587	48,6315	587	46,5325	587	29,613	587	33,4131	587	14,9769	
588	48,557	588	46,5047	588	29,5923	588	33,4023	588	14,9688	
589	48,3175	589	46,4531	589	29,5621	589	33,3642	589	14,9658	
590	48,8637	590	46,4341	590	29,532	590	33,3726	590	14,992	
591	48,7426	591	46,4373	591	29,5333	591	33,4021	591	14,9629	
592	49,3294	592	46,4192	592	29,4576	592	33,351	592	14,9705	
593	49,0828	593	46,4145	593	29,5657	593	33,3106	593	14,9938	
594	48,9759	594	46,4116	594	29,4781	594	33,2871	594	14,9799	
595	48,9741	595	46,3972	595	29,5058	595	33,3339	595	15,0398	
596	48,7575	596	46,3828	596	29,5203	596	33,3095	596	15,0026	
597	48,0794	597	46,3761	597	29,5591	597	33,3224	597	15,0276	
598	47,959	598	46,3587	598	29,5203	598	33,3306	598	15,055	
599	48,3817	599	46,3097	599	29,5351	599	33,2689	599	14,9966	
600	48,8636	600	46,3415	600	29,6163	600	33,2907	600	15,0564	
601	48,9812	601	46,3281	601	29,5631	601	33,2987	601	15,0331	
602	48,5647	602	46,3386	602	29,532	602	33,3309	602	15,0677	
603	48,4327	603	46,3585	603	29,5686	603	33,2812	603	15,0615	
604	48,4888	604	46,3296	604	29,503	604	33,2908	604	15,0489	
605	48,6853	605	46,37	605	29,538	605	33,3079	605	15,0929	
606	48,845	606	46,3422	606	29,4806	606	33,2896	606	15,0695	
607	48,8719	607	46,3588	607	29,536	607	33,2552	607	15,087	
608	48,8323	608	46,359	608	29,5395	608	33,2405	608	15,1068	
609	48,5039	609	46,3475	609	29,4803	609	33,2434	609	15,0812	
610	48,4727	610	46,415	610	29,4627	610	33,2469	610	15,1057	
611	48,6858	611	46,4164	611	29,4895	611	33,2609	611	15,1219	
612	48,6981	612	46,3492	612	29,5036	612	33,2596	612	15,1072	
613	48,6778	613	46,3575	613	29,5643	613	33,2886	613	15,1186	
614	48,7251	614	46,3323	614	29,5429	614	33,3428	614	15,1112	
615	48,6638	615	46,3459	615	29,5186	615	33,311	615	15,1414	
616	48,7412	616	46,3154	616	29,5667	616	33,2915	616	15,1306	
617	48,8025	617	46,3274	617	29,4975	617	33,3045	617	15,1419	
618	48,8669	618	46,2704	618	29,441	618	33,313	618	15,13	
619	48,8813	619	46,2085	619	29,5029	619	33,2846	619	15,1345	
620	48,78	620	46,1671	620	29,5474	620	33,2901	620	15,1624	
621	48,9192	621	46,1692	621	29,5472	621	33,3161	621	15,1684	
622	48,8169	622	46,1322	622	29,6234	622	33,3269	622	15,178	
623	48,8632	623	46,158	623	29,6031	623	33,3212	623	15,2064	
624	48,9343	624	46,1583	624	29,5432	624	33,3173	624	15,1639	
625	48,9474	625	46,1643	625	29,5333	625	33,2756	625	15,1801	
626	48,2119	626	46,1179	626	29,4928	626	33,2408	626	15,1795	
627	48,0744	627	46,1596	627	29,4951	627	33,238	627	15,2172	
628	48,6154	628	46,1188	628	29,6103	628	33,2351	628	15,1723	
629	48,6009	629	46,1058	629	29,5967	629	33,2258	629	15,2119	
630	48,7334	630	46,1164	630	29,4682	630	33,2093	630	15,2146	
631	48,5516	631	46,0812	631	29,5101	631	33,2304	631	15,1837	
