Time - Q1	Amplitude - Q1	Time - Q2	Amplitude - Q2	
0	0	0	0	
1	0	1	1,44341	
2	0	2	1,58068	
3	0	3	1,65973	
4	1,27168	4	1,75314	
5	8,93979	5	1,32205	
6	11,9253	6	1,94718	
7	34,5511	7	3,11018	
8	63,2361	8	6,11391	
9	97,0573	9	9,19534	
10	143,402	10	14,883	
11	153,821	11	19,3058	
12	194,238	12	25,2064	
13	206,91	13	36,8454	
14	245,59	14	51,5463	
15	244,909	15	68,4499	
16	247,448	16	78,9047	
17	247,766	17	89,1452	
18	246,483	18	105,877	
19	284,709	19	106,531	
20	284,094	20	132,542	
21	293,945	21	144,102	
22	298,506	22	153,796	
23	269,955	23	169,834	
24	309,765	24	178,358	
25	311,606	25	165,08	
26	311,432	26	200,223	
27	314,352	27	209,565	
28	285,025	28	215,533	
29	323,655	29	226,805	
30	322,958	30	231,924	
31	328,16	31	215,575	
32	324,433	32	248,669	
33	324,555	33	253,712	
34	331,007	34	261,765	
35	290,516	35	267,489	
36	324,224	36	273,028	
37	326,15	37	245,183	
38	323,371	38	281,302	
39	330,017	39	285,852	
40	325,858	40	290,947	
41	325,547	41	293,839	
42	325,59	42	297,04	
43	290,172	43	265,417	
44	325,72	44	303,015	
45	328,297	45	304,83	
46	325,412	46	304,932	
47	327,112	47	309,766	
48	326,381	48	312,117	
49	325,766	49	313,933	
50	327,826	50	281,21	
51	323,777	51	318,268	
52	326,329	52	318,212	
53	290,217	53	322,715	
54	326,246	54	323,204	
55	328,082	55	325,995	
56	328,872	56	291,325	
57	327,91	57	327,997	
58	329,276	58	327,982	
59	328,416	59	330,53	
60	328,6	60	330,949	
61	328,605	61	332,081	
62	327,658	62	331,7	
63	327,646	63	297,187	
64	290,08	64	334,724	
65	363,249	65	335,711	
66	291,97	66	336,688	
67	329,073	67	336,416	
68	327,992	68	337,41	
69	328,041	69	300,848	
70	326,323	70	338,213	
71	327,319	71	339,234	
72	328,159	72	338,682	
73	327,375	73	340,555	
74	328,902	74	340,365	
75	328,167	75	303,3	
76	292,346	76	341,722	
77	327,218	77	342,038	
78	327,339	78	341,844	
79	327,631	79	343,319	
80	328,613	80	342,96	
81	329,1	81	342,674	
82	329,728	82	305,556	
83	328,333	83	344,348	
84	328,527	84	344,444	
85	328,899	85	345,124	
86	327,459	86	346,701	
87	328,575	87	346,455	
88	327,796	88	346,132	
89	328,544	89	308,297	
90	326,903	90	347,004	
91	292,564	91	346,622	
92	328,36	92	346,659	
93	327,006	93	346,911	
94	326,018	94	347,267	
95	325,82	95	346,913	
96	326,184	96	308,881	
97	326,399	97	347,248	
98	327,648	98	346,83	
99	326,276	99	348,053	
100	327,562	100	347,648	
101	326,777	101	348,102	
102	291,419	102	347,853	
103	328,292	103	348,32	
104	326,91	104	309,311	
105	327,544	105	348,243	
106	326,145	106	348,953	
107	326,926	107	348,006	
108	324,823	108	348,425	
109	326,323	109	309,864	
110	288,457	110	349,126	
111	324,354	111	349,425	
112	325,052	112	347,715	
113	325,352	113	348,184	
114	324,658	114	348,127	
115	324,857	115	348,833	
116	324,628	116	309,395	
117	325,802	117	347,338	
118	323,606	118	347,445	
119	326,018	119	347,334	
120	288,366	120	346,907	
121	324,783	121	347,57	
122	324,161	122	309,535	
123	322,677	123	348,01	
124	323,32	124	348,329	
125	323,129	125	346,995	
126	323,905	126	348,207	
127	322,115	127	347,765	
128	323,162	128	347,767	
129	322,715	129	308,392	
130	322,424	130	347,154	
131	286,826	131	347,501	
132	321,224	132	346,951	
133	320,644	133	347,378	
134	322,194	134	347,22	
135	321,397	135	308,54	
136	322,204	136	347,279	
137	320,931	137	347,633	
138	321,013	138	346,417	
139	321,63	139	346,216	
140	285,661	140	346,073	
141	321,373	141	345,69	
142	321,59	142	307,26	
143	320,499	143	345,077	
144	319,047	144	345,469	
145	318,275	145	345,869	
146	318,593	146	345,716	
147	318,093	147	344,933	
148	284,043	148	345,261	
149	319,231	149	306,878	
150	317,139	150	345,049	
151	316,186	151	344,865	
152	316,518	152	344,646	
153	317,776	153	344,479	
154	317,834	154	344,163	
155	281,779	155	344,514	
156	317,589	156	344,048	
157	316,425	157	305,891	
158	315,398	158	343,102	
159	315,69	159	343,861	
160	314,738	160	342,909	
161	316,511	161	343,393	
162	316,319	162	342,822	
163	281,625	163	304,699	
164	317,452	164	342,517	
165	318,138	165	342,797	
166	319,188	166	342,701	
167	318,827	167	343,621	
168	317,504	168	342,212	
169	315,747	169	342,547	
170	316,964	170	305,123	
171	315,389	171	342,57	
172	280,273	172	342,306	
173	315,435	173	342,811	
174	314,343	174	343,011	
175	315,923	175	342,506	
176	315,316	176	342,223	
177	313,906	177	303,788	
178	313,981	178	341,923	
179	279,854	179	342,158	
180	313,995	180	341,744	
181	314,836	181	341,479	
182	313,331	182	342,142	
183	312,835	183	341,162	
184	311,61	184	303,339	
185	313,443	185	341,278	
186	313,141	186	340,648	
187	312,385	187	341,514	
188	277,624	188	340,608	
189	311,679	189	340,969	
190	311,509	190	340,602	
191	311,846	191	339,796	
192	313,044	192	302,735	
193	312,704	193	340,386	
194	310,881	194	339,686	
195	311,176	195	338,988	
196	275,737	196	338,747	
197	309,57	197	339,245	
198	310,355	198	301,322	
199	309,801	199	338,357	
200	309,421	200	338,368	
201	309,976	201	338,439	
202	309,006	202	338,881	
203	309,009	203	337,078	
204	275,955	204	337,41	
205	309,305	205	337,587	
206	309,717	206	337,558	
207	310,077	207	299,86	
208	309,36	208	337,948	
209	309,846	209	337,349	
210	307,742	210	336,884	
211	273,801	211	337,014	
212	309,089	212	336,708	
213	308,231	213	336,747	
214	308,7	214	299,18	
215	308,667	215	335,925	
216	306,688	216	335,907	
217	306,551	217	336,111	
218	304,673	218	335,64	
219	272,644	219	334,858	
220	305,187	220	335,575	
221	305,365	221	336,001	
222	306,673	222	298,716	
223	307,897	223	335,012	
224	307,01	224	335,1	
225	272,601	225	334,482	
226	307,048	226	335,241	
227	305,455	227	335,211	
228	305,676	228	333,922	
229	304,858	229	333,434	
230	304,901	230	297,051	
231	304,259	231	334,728	
232	304,279	232	334,315	
233	270,644	233	333,303	
234	304,553	234	333,383	
235	303,408	235	296,092	
236	304,028	236	333,323	
237	304,079	237	332,917	
238	303,548	238	332,377	
239	270,633	239	332,956	
240	302,512	240	332,278	
241	302,576	241	332,369	
242	302,493	242	331,613	
243	303,429	243	295,609	
244	301,5	244	330,868	
245	303,293	245	331,855	
246	303,338	246	331,314	
247	268,837	247	331,139	
248	302,64	248	330,755	
249	302,05	249	294,391	
250	303,08	250	330,483	
251	302,794	251	330,656	
252	302,911	252	330,449	
253	301,546	253	330,206	
254	267,08	254	330,382	
255	300,798	255	330,071	
256	300,415	256	293,602	
257	298,858	257	330,398	
258	301,347	258	330,098	
259	302,534	259	330,152	
260	267,803	260	329,687	
261	301,262	261	329,733	
262	300,59	262	329,156	
263	302,522	263	292,592	
264	300,2	264	328,705	
265	298,264	265	328,884	
266	298,361	266	328,75	
267	265,052	267	328,21	
268	298,105	268	328,276	
269	298,094	269	327,712	
270	297,424	270	327,488	
271	299,07	271	326,623	
272	298,595	272	290,633	
273	264,648	273	327,136	
274	298,3	274	326,335	
275	298,605	275	325,588	
276	296,844	276	325,562	
277	298,86	277	325,579	
278	297,479	278	325,88	
279	297,819	279	288,865	
280	265,255	280	325,681	
281	298,19	281	325,269	
282	298,312	282	325,64	
283	297,502	283	325,231	
284	298,857	284	325,008	
285	298,441	285	324,867	
286	265,602	286	289,198	
287	298,428	287	325,074	
288	298,008	288	324,827	
289	297,727	289	325,555	
290	297,737	290	324,67	
291	297,562	291	325,405	
292	296,854	292	326,122	
293	297,184	293	288,518	
294	263,149	294	324,555	
295	296,711	295	323,998	
296	294,669	296	324,158	
297	295,103	297	324,501	
298	295,093	298	324,792	
299	293,82	299	324,015	
300	260,916	300	322,489	
301	293,565	301	286,846	
302	293,403	302	323,136	
303	292,832	303	322,696	
304	294,027	304	322,85	
305	292,114	305	321,667	
306	261,112	306	321,772	
307	291,843	307	321,291	
308	292,804	308	285,28	
309	292,097	309	321,021	
310	292,075	310	319,981	
311	291,17	311	320,665	
312	260,791	312	320,25	
313	291,166	313	319,917	
314	292,008	314	320,13	
315	292,047	315	285,092	
316	291,247	316	320,167	
317	291,581	317	319,379	
318	292,355	318	319,92	
319	258,725	319	319,563	
320	290,29	320	319,372	
321	290,78	321	318,942	
322	289,933	322	283,805	
323	290,788	323	318,13	
324	257,508	324	319,178	
325	291,834	325	318,187	
326	291,332	326	317,333	
327	291,18	327	317,427	
328	290,556	328	317,371	
329	290,878	329	281,277	
330	258,737	330	316,561	
331	291,525	331	316,812	
332	289,385	332	316,445	
333	292,11	333	317,502	
334	290,694	334	317,01	
335	258,395	335	317,321	
336	291,242	336	281,104	
337	292,326	337	317	
338	291,539	338	316,283	
339	293,126	339	315,763	
340	291,297	340	316,389	
341	258,089	341	315,704	
342	289,395	342	316,677	
343	289,318	343	281,438	
344	288,198	344	316,121	
345	288,961	345	316,306	
346	255,433	346	316,119	
347	287,087	347	315,746	
348	286,92	348	315,407	
349	286,998	349	315,365	
350	286,15	350	314,844	
351	256,121	351	279,254	
352	288,276	352	314,656	
353	286,753	353	313,566	
354	287,242	354	314,36	
355	286,904	355	314,25	
356	254,161	356	314,704	
357	286,611	357	314,061	
358	285,565	358	279,249	
359	284,78	359	314,002	
360	283,107	360	313,276	
361	282,46	361	312,514	
362	251,701	362	312,055	
363	282,911	363	311,664	
364	283,929	364	276,654	
365	282,982	365	311,513	
366	283,593	366	310,872	
367	282,733	367	311,359	
368	250,3	368	311,29	
369	282,737	369	311,015	
370	281,63	370	310,425	
371	280,854	371	276,123	
372	280,526	372	310,537	
373	249,271	373	309,514	
374	279,11	374	309,456	
375	281,006	375	307,968	
376	282,293	376	308,389	
377	280,736	377	308,377	
378	250,184	378	307,472	
379	281,81	379	273,659	
380	282,691	380	307,068	
381	281,861	381	307,409	
382	282,09	382	307,074	
383	251,298	383	306,783	
384	281,681	384	307,134	
385	282,194	385	307,29	
386	282,317	386	272,628	
387	279,999	387	307,419	
388	250,087	388	307,586	
389	281,375	389	307,236	
390	278,082	390	307,166	
391	277,796	391	307,305	
392	276,6	392	306,708	
393	276,374	393	272,392	
394	245,8	394	306,305	
395	277,756	395	305,49	
396	277,552	396	306,009	
397	276,748	397	304,42	
398	248,172	398	304,139	
399	279,194	399	304,993	
400	279,269	400	304,294	
401	278,996	401	304,034	
402	277,517	402	270,499	
403	246,819	403	303,687	
404	276,822	404	305,175	
405	276,795	405	304,294	
406	277,618	406	303,26	
407	278,34	407	303,665	
408	247,146	408	302,326	
409	277,687	409	269,245	
410	277,474	410	302,703	
411	276,901	411	303,07	
412	276,231	412	303,5	
413	246,276	413	302,687	
414	276,591	414	302,063	
415	276,511	415	302,624	
416	276,623	416	268,431	
417	277,853	417	301,772	
418	246,377	418	301,77	
419	276,987	419	301,631	
420	275,986	420	301,252	
421	276,162	421	301,184	
422	246,106	422	300,9	
423	276,953	423	300,546	
424	275,924	424	267,441	
425	276,146	425	300,362	
426	244,187	426	300,733	
427	274,311	427	300,366	
428	274,594	428	300,349	
429	274,512	429	299,861	
430	274,392	430	299,917	
431	244,512	431	266,932	
432	273,714	432	299,394	
433	275,287	433	298,776	
434	274,145	434	299,443	
435	242,901	435	298,927	
436	272,591	436	298,934	
437	272,57	437	298,604	
438	272,659	438	299,155	
439	273,518	439	265,747	
440	242,823	440	298,938	
441	274,282	441	298,584	
442	273,632	442	298,158	
443	274,572	443	298,072	
444	244,35	444	297,607	
445	272,633	445	297,796	
446	271,783	446	264,967	
447	272,207	447	297,462	
448	241,338	448	297,738	
449	271,233	449	296,947	
450	270,141	450	296,477	
451	272,293	451	297,091	
452	239,565	452	296,542	
453	269,979	453	263,824	
454	269,485	454	296,392	
455	268,92	455	295,849	
456	270,323	456	295,774	
457	239,256	457	296,425	
458	268,251	458	295,404	
459	269,039	459	294,744	
460	271,977	460	295,293	
461	240,272	461	295,281	
462	271,454	462	262,246	
463	270,159	463	295,087	
464	270,594	464	294,733	
465	241,479	465	294,292	
466	270,76	466	293,949	
467	270,132	467	293,718	
468	268,943	468	294,252	
469	239,098	469	293,671	
470	270,498	470	261,268	
471	267,331	471	293,752	
472	269,299	472	293,179	
473	239,939	473	293,51	
474	271,342	474	292,993	
475	268,438	475	292,913	
476	268,914	476	293,095	
477	268,944	477	292,752	
478	239,879	478	260,408	
479	268,787	479	292,871	
480	268,073	480	293,016	
481	267,221	481	292,764	
482	239,136	482	293,02	
483	268,206	483	292,599	
484	267,368	484	292,299	
485	268,281	485	291,766	
486	267,891	486	291,443	
487	238,214	487	259,349	
488	268,566	488	292,325	
489	267,395	489	291,764	
490	265,665	490	291,366	
491	234,703	491	290,435	
492	266,28	492	290,956	
493	266,564	493	290,58	
494	267,705	494	290,815	
495	237,39	495	257,914	
496	266,514	496	290,448	
497	265,369	497	290,272	
498	266,336	498	290,075	
499	236,975	499	289,733	
500	264,5	500	289,702	
501	264,127	501	289,097	
502	265,212	502	289,164	
503	234,853	503	256,799	
504	264,89	504	288,646	
505	264,687	505	288,984	
506	265,165	506	287,945	
507	235,533	507	288,078	
508	264,849	508	287,745	
509	262,43	509	288,28	
510	263,565	510	288,446	
511	234,467	511	288,014	
512	264,084	512	256,157	
513	263,779	513	287,739	
514	264,391	514	288,271	
515	263,706	515	287,38	
516	234,855	516	287,661	
517	262,655	517	286,615	
518	263,3	518	286,87	
519	262,136	519	287,229	
520	262,889	520	254,815	
521	234,165	521	286,037	
522	262,646	522	285,918	
523	261,63	523	287,092	
524	261,794	524	286,526	
525	233,024	525	285,691	
526	261,782	526	286,107	
527	261,994	527	285,415	
528	260,489	528	253,784	
529	261,966	529	285,739	
530	231,896	530	285,185	
531	261,001	531	285,182	
532	260,621	532	284,337	
533	260,388	533	283,922	
534	230,655	534	283,795	
535	259,412	535	284,12	
536	260,086	536	283,536	
537	259,503	537	252,305	
538	260,494	538	283,067	
539	230,115	539	282,346	
540	259,164	540	282,479	
541	260,005	541	282,878	
542	259,338	542	282,809	
543	229,819	543	282,163	
544	260,031	544	282,511	
545	259,745	545	281,919	
546	231,262	546	282,006	
547	258,609	547	250,435	
548	259,199	548	282,53	
549	259,93	549	281,409	
550	231,432	550	281,863	
551	260,157	551	281,297	
552	258,801	552	281,141	
553	258,812	553	281,041	
554	228,511	554	280,841	
555	257,391	555	281,362	
556	259,791	556	281,456	
557	260,031	557	249,857	
558	229,215	558	281,01	
559	259,605	559	280,747	
560	258,335	560	281,053	
561	257,895	561	280,123	
562	227,976	562	280,319	
563	256,519	563	279,63	
564	253,643	564	279,975	
565	256,74	565	280,069	
566	256,328	566	248,739	
567	256,86	567	279,507	
568	229,583	568	278,616	
569	257,794	569	279,077	
570	256,575	570	278,534	
571	255,79	571	278,607	
572	227,775	572	278,707	
573	256,772	573	279,259	
574	256,297	574	278,697	
575	258,001	575	277,218	
576	229,055	576	246,942	
577	256,004	577	278,236	
578	256,312	578	277,7	
579	256,937	579	277,923	
580	228,942	580	277,447	
581	256,674	581	277,412	
582	254,398	582	277,612	
583	254,061	583	278,26	
584	227,946	584	277,301	
585	254,48	585	277,357	
586	255,462	586	246,259	
587	254,909	587	277,759	
588	226,49	588	277,719	
589	254,48	589	277,19	
590	254,648	590	276,923	
591	254,675	591	277,805	
592	227,15	592	276,921	
593	253,844	593	275,962	
594	255,121	594	275,817	
595	254,486	595	244,994	
596	225,822	596	275,811	
597	253,364	597	275,629	
598	253,687	598	275,34	
599	252,727	599	275,29	
600	223,985	600	274,718	
601	252,581	601	275,19	
602	253,209	602	275,153	
603	252,957	603	274,498	
604	225,341	604	244,296	
605	253,592	605	274,427	
606	254,038	606	274,503	
607	253,453	607	273,722	
608	225,247	608	273,202	
609	254,122	609	273,632	
610	255,403	610	273,315	
611	255,02	611	273,283	
612	225,596	612	273,484	
613	253,007	613	273,75	
614	252,949	614	274,677	
615	253,52	615	243,328	
616	252,336	616	273,613	
617	225,386	617	273,638	
618	253,551	618	273,945	
619	251,687	619	273,449	
620	250,392	620	273,111	
621	250,427	621	273,413	
622	221,085	622	273,432	
623	249,416	623	272,917	
624	250,323	624	273,499	
625	250,563	625	272,626	
626	222,643	626	272,111	
627	251,067	627	241,335	
628	248,716	628	272,134	
629	248,726	629	271,397	
630	250,822	630	271,107	
631	221,92	631	271,891	
