17,171	17,338	15,834	14,011	15,464	0,000	0,000	0,000	0,000
17,164	17,331	15,822	13,974	15,443	9,000	10,000	22,737	24,595
17,157	17,337	15,817	13,982	15,455	9,000	9,000	22,902	22,186
17,113	17,321	15,845	14,004	15,470	9,000	10,000	22,235	24,539
17,135	17,324	15,802	13,963	15,443	8,000	10,000	20,376	24,779
17,133	17,361	15,837	13,984	15,463	9,000	9,000	22,958	22,279
17,131	17,335	15,804	13,981	15,456	9,000	10,000	23,074	24,699
17,132	17,325	15,838	13,957	15,443	9,000	10,000	22,400	24,874
17,129	17,336	15,798	13,959	15,434	9,000	10,000	23,174	24,699
17,088	17,311	15,770	13,957	15,413	9,000	9,000	23,210	21,935
17,110	17,318	15,822	13,962	15,440	9,000	10,000	22,536	24,739
17,121	17,354	15,845	13,962	15,448	8,000	10,000	20,210	24,890
17,125	17,310	15,823	13,958	15,417	9,000	10,000	22,393	24,428
17,141	17,317	15,818	13,964	15,440	9,000	9,000	22,593	22,236
17,135	17,326	15,812	13,952	15,445	9,000	10,000	22,808	24,994
17,132	17,313	15,802	13,989	15,458	9,000	10,000	22,766	24,595
17,141	17,274	15,767	13,915	15,421	9,000	10,000	22,695	25,202
17,164	17,326	15,809	13,942	15,431	9,000	10,000	22,859	24,930
17,159	17,336	15,819	13,964	15,439	8,000	9,000	20,306	22,222
17,183	17,289	15,782	13,906	15,422	9,000	10,000	22,709	25,377
17,140	17,304	15,823	13,943	15,440	9,000	10,000	22,307	25,058
17,164	17,294	15,809	13,960	15,429	9,000	9,000	22,372	22,121
17,095	17,299	15,822	13,930	15,420	9,000	10,000	22,257	24,939
17,107	17,279	15,784	13,951	15,404	9,000	10,000	22,522	24,316
17,106	17,259	15,779	13,902	15,387	8,000	10,000	19,816	24,859
17,110	17,289	15,754	13,930	15,400	9,000	9,000	23,125	22,143
17,169	17,274	15,772	13,913	15,401	9,000	10,000	22,637	24,907
17,166	17,289	15,777	13,922	15,401	9,000	10,000	22,788	24,755
17,137	17,268	15,754	13,926	15,395	9,000	10,000	22,802	24,604
17,095	17,291	15,785	13,930	15,405	9,000	9,000	22,694	22,222
17,091	17,278	15,757	13,900	15,395	9,000	10,000	22,910	25,019
17,061	17,304	15,769	13,947	15,418	9,000	10,000	23,117	24,619
17,063	17,290	15,776	13,921	15,394	8,000	10,000	20,275	24,652
17,082	17,288	15,773	13,922	15,386	9,000	9,000	22,816	22,057
17,104	17,289	15,767	13,923	15,396	9,000	10,000	22,924	24,652
17,136	17,270	15,764	13,928	15,401	9,000	10,000	22,695	24,652
17,100	17,243	15,715	13,883	15,373	9,000	10,000	23,025	24,955
17,119	17,264	15,797	13,918	15,420	9,000	9,000	22,114	22,624
17,090	17,244	15,741	13,881	15,367	9,000	10,000	22,645	24,884
17,048	17,242	15,767	13,905	15,376	9,000	10,000	22,215	24,620
17,076	17,254	15,751	13,911	15,402	9,000	10,000	22,645	24,963
17,060	17,244	15,739	13,897	15,358	8,000	9,000	20,154	22,008
17,074	17,246	15,752	13,913	15,370	9,000	10,000	22,509	24,397
17,014	17,219	15,728	13,855	15,367	9,000	10,000	22,466	25,306
16,988	17,250	15,758	13,888	15,375	9,000	10,000	22,473	24,891
17,011	17,256	15,735	13,882	15,352	9,000	9,000	22,924	22,144
17,016	17,253	15,756	13,899	15,376	9,000	10,000	22,552	24,724
17,017	17,260	15,753	13,898	15,383	9,000	10,000	22,709	24,867
17,005	17,256	15,740	13,906	15,365	8,000	9,000	20,307	21,986
17,006	17,259	15,743	13,881	15,360	9,000	10,000	22,838	24,756
17,012	17,266	15,736	13,897	15,365	9,000	10,000	23,061	24,572
17,051	17,215	15,716	13,875	15,354	9,000	10,000	22,581	24,756
17,076	17,275	15,763	13,902	15,381	9,000	9,000	22,781	22,287
17,042	17,240	15,725	13,881	15,335	9,000	10,000	22,824	24,341
17,019	17,239	15,718	13,900	15,350	9,000	10,000	22,925	24,269
16,999	17,246	15,715	13,904	15,376	8,000	10,000	20,505	24,636
17,009	17,218	15,724	13,876	15,318	9,000	9,000	22,509	21,714
17,005	17,238	15,729	13,874	15,345	9,000	10,000	22,731	24,629
17,052	17,211	15,712	13,865	15,326	9,000	10,000	22,581	24,461
17,012	17,222	15,743	13,881	15,351	9,000	9,000	22,287	22,144
17,005	17,206	15,733	13,893	15,323	9,000	10,000	22,187	23,951
17,026	17,197	15,685	13,852	15,352	9,000	10,000	22,789	25,115
17,001	17,230	15,738	13,901	15,367	9,000	10,000	22,487	24,540
17,028	17,218	15,713	13,836	15,330	8,000	9,000	20,155	22,518
17,036	17,195	15,682	13,864	15,327	9,000	10,000	22,796	24,485
16,972	17,225	15,715	13,873	15,347	9,000	10,000	22,746	24,660
17,067	17,203	15,692	13,856	15,340	9,000	10,000	22,760	24,844
17,093	17,209	15,694	13,881	15,353	9,000	9,000	22,832	22,180
17,046	17,162	15,669	13,828	15,298	9,000	10,000	22,488	24,613
17,050	17,192	15,717	13,867	15,309	9,000	10,000	22,215	24,142
17,052	17,176	15,682	13,868	15,335	8,000	10,000	20,002	24,565
17,015	17,179	15,684	13,860	15,327	9,000	9,000	22,524	22,094
17,009	17,168	15,674	13,829	15,307	9,000	10,000	22,510	24,741
17,029	17,197	15,693	13,859	15,331	9,000	10,000	22,646	24,645
17,025	17,156	15,648	13,820	15,284	9,000	10,000	22,711	24,510
16,964	17,193	15,700	13,861	15,317	9,000	9,000	22,488	21,936
16,967	17,182	15,690	13,834	15,287	9,000	10,000	22,488	24,310
16,980	17,158	15,668	13,835	15,301	8,000	10,000	19,964	24,542
16,983	17,168	15,687	13,812	15,294	9,000	10,000	22,302	24,805
17,026	17,156	15,642	13,833	15,289	9,000	9,000	22,811	21,937
17,062	17,168	15,636	13,850	15,282	9,000	10,000	23,091	23,959
17,036	17,158	15,655	13,816	15,284	9,000	10,000	22,646	24,566
16,958	17,195	15,697	13,844	15,319	9,000	10,000	22,567	24,685
16,966	17,148	15,635	13,823	15,265	9,000	9,000	22,790	21,729
16,899	17,150	15,634	13,817	15,250	9,000	10,000	22,826	24,000
16,955	17,165	15,648	13,806	15,288	9,000	10,000	22,854	24,805
16,975	17,154	15,644	13,806	15,273	8,000	10,000	20,219	24,566
16,980	17,133	15,613	13,819	15,254	9,000	9,000	22,891	21,628
17,004	17,134	15,653	13,806	15,263	9,000	10,000	22,310	24,391
16,972	17,156	15,620	13,824	15,272	9,000	10,000	23,148	24,239
16,932	17,104	15,614	13,816	15,259	9,000	9,000	22,446	21,736
16,965	17,147	15,627	13,835	15,290	9,000	10,000	22,898	24,342
16,971	17,136	15,656	13,819	15,273	8,000	10,000	19,818	24,335
16,930	17,110	15,630	13,792	15,270	9,000	10,000	22,296	24,758
16,953	17,117	15,610	13,813	15,262	9,000	9,000	22,704	21,837
16,888	17,136	15,625	13,802	15,273	9,000	10,000	22,769	24,622
16,908	17,121	15,650	13,779	15,248	9,000	10,000	22,159	24,590
16,940	17,119	15,619	13,808	15,255	8,000	10,000	20,092	24,223
16,932	17,137	15,630	13,805	15,235	7,000	9,000	17,664	21,550
16,912	17,134	15,634	13,816	15,297	7,000	10,000	17,586	24,805
16,903	17,110	15,595	13,779	15,205	6,000	10,000	15,213	23,865
16,901	17,130	15,563	13,812	15,191	5,000	10,000	13,116	23,075
16,915	17,181	15,559	13,813	15,182	5,000	9,000	13,569	20,624
16,891	17,134	15,518	13,780	15,113	4,000	10,000	10,824	22,302
16,912	17,120	15,495	13,784	15,050	3,000	10,000	8,159	21,202
16,920	17,136	15,477	13,770	14,989	3,000	10,000	8,333	20,421
16,947	17,131	15,401	13,752	14,900	1,000	9,000	2,897	17,302
16,929	17,133	15,451	13,763	14,857	1,000	10,000	2,817	18,308
16,921	17,182	15,521	13,785	14,836	0,000	10,000	0,000	17,590
16,943	17,141	15,491	13,774	14,691	1,000	10,000	2,763	15,349
16,962	17,140	15,482	13,775	14,635	0,000	9,000	0,000	12,960
16,977	17,130	15,484	13,764	14,531	0,000	10,000	0,000	12,853
16,984	17,152	15,469	13,767	14,427	0,000	10,000	0,000	11,042
16,914	17,145	15,500	13,772	14,354	0,000	9,000	0,000	8,760
16,872	17,160	15,509	13,780	14,280	0,000	10,000	0,000	8,362
16,851	17,164	15,532	13,796	14,288	0,000	10,000	0,000	8,242
16,887	17,156	15,510	13,789	14,206	0,000	10,000	0,000	6,966
16,884	17,125	15,523	13,728	14,126	0,000	10,000	0,000	6,671
16,876	17,125	15,493	13,736	14,131	0,000	9,000	0,000	5,946
16,855	17,147	15,511	13,744	14,089	0,000	10,000	0,000	5,777
16,894	17,145	15,546	13,757	14,045	0,000	10,000	0,000	4,812
16,849	17,172	15,562	13,778	14,033	0,000	9,000	0,000	3,835
16,861	17,146	15,509	13,755	14,020	0,000	10,000	0,000	4,429
16,859	17,167	15,536	13,749	13,960	0,000	10,000	0,000	3,527
16,932	17,132	15,508	13,738	13,946	0,000	10,000	0,000	3,487
16,916	17,136	15,528	13,726	13,928	0,000	9,000	0,000	3,045
16,895	17,156	15,512	13,734	13,914	0,000	10,000	0,000	3,000
16,937	17,156	15,529	13,735	13,901	0,000	10,000	0,000	2,769
16,948	17,156	15,520	13,729	13,885	0,000	9,000	0,000	2,341
16,914	17,133	15,513	13,715	13,860	0,000	10,000	0,000	2,418
16,921	17,146	15,536	13,723	13,849	0,000	10,000	0,000	2,099
16,905	17,142	15,505	13,707	13,824	0,000	10,000	0,000	1,947
16,898	17,138	15,495	13,707	13,854	0,000	9,000	0,000	2,212
16,909	17,163	15,531	13,709	13,820	0,000	10,000	0,000	1,859
16,912	17,155	15,497	13,692	13,821	0,000	10,000	0,000	2,155
16,923	17,141	15,521	13,713	13,817	0,000	10,000	0,000	1,748
16,933	17,158	15,525	13,721	13,836	0,000	9,000	0,000	1,731
16,923	17,134	15,532	13,696	13,802	0,000	10,000	0,000	1,780
16,905	17,136	15,490	13,689	13,797	0,000	10,000	0,000	1,812
16,954	17,135	15,487	13,674	13,777	0,000	10,000	0,000	1,724
16,920	17,183	15,513	13,703	13,792	0,000	9,000	0,000	1,343
16,880	17,149	15,528	13,699	13,787	0,000	10,000	0,000	1,460
16,940	17,138	15,510	13,686	13,774	0,000	10,000	0,000	1,468
16,919	17,153	15,520	13,694	13,767	0,000	10,000	0,000	1,221
16,913	17,138	15,527	13,696	13,758	0,000	9,000	0,000	0,934
16,922	17,161	15,516	13,650	13,761	0,000	10,000	0,000	1,859
16,883	17,146	15,501	13,678	13,761	0,000	10,000	0,000	1,397
16,891	17,139	15,525	13,665	13,757	0,000	10,000	0,000	1,532
16,872	17,156	15,508	13,668	13,760	0,000	9,000	0,000	1,393
16,894	17,113	15,479	13,671	13,722	0,000	10,000	0,000	0,854
16,882	17,122	15,500	13,670	13,746	0,000	10,000	0,000	1,277
16,865	17,125	15,487	13,639	13,726	0,000	9,000	0,000	1,322
16,885	17,162	15,519	13,699	13,750	0,000	10,000	0,000	0,854
16,920	17,160	15,507	13,658	13,731	0,000	10,000	0,000	1,229
16,900	17,127	15,518	13,642	13,705	0,000	10,000	0,000	1,045
16,921	17,131	15,489	13,651	13,699	0,000	9,000	0,000	0,725
16,894	17,148	15,525	13,677	13,736	0,000	10,000	0,000	0,998
16,894	17,149	15,517	13,678	13,760	0,000	10,000	0,000	1,373
16,886	17,159	15,547	13,681	13,761	0,000	10,000	0,000	1,349
16,888	17,149	15,516	13,652	13,714	0,000	9,000	0,000	0,934
16,898	17,166	15,555	13,693	13,724	0,000	10,000	0,000	0,519
16,903	17,157	15,550	13,675	13,715	0,000	10,000	0,000	0,662
16,992	17,138	15,520	13,628	13,689	0,000	10,000	0,000	1,022
17,134	17,165	15,544	13,665	13,729	0,000	9,000	0,000	0,955
18,191	17,158	15,545	13,661	13,706	0,000	10,000	0,000	0,758
18,511	17,154	15,549	13,646	13,687	0,000	10,000	0,000	0,686
17,901	17,162	15,549	13,651	13,715	0,000	10,000	0,000	1,085
18,415	17,131	15,506	13,611	13,665	0,000	9,000	0,000	0,812
18,579	17,142	15,564	13,603	13,700	0,000	10,000	0,000	1,628
19,053	17,176	15,561	13,661	13,720	0,000	10,000	0,000	0,982
18,326	17,153	15,550	13,622	13,700	0,000	10,000	0,000	1,309
17,980	17,164	15,550	13,635	13,689	0,000	10,000	0,000	0,902
18,802	17,136	15,532	13,615	13,681	0,000	9,000	0,000	0,991
19,330	17,146	15,561	13,614	13,669	0,000	10,000	0,000	0,926
19,509	17,170	15,571	13,633	13,700	0,000	10,000	0,000	1,125
19,818	17,166	15,588	13,613	13,701	0,000	10,000	0,000	1,468
18,682	17,175	15,590	13,628	13,696	0,000	9,000	0,000	1,027
18,391	17,142	15,553	13,596	13,657	0,000	10,000	0,000	1,006
18,071	17,195	15,590	13,620	13,707	0,000	10,000	0,000	1,460
18,322	17,160	15,581	13,647	13,661	0,000	9,000	0,000	0,223
18,321	17,179	15,564	13,605	13,671	0,000	10,000	0,000	1,093
18,984	17,151	15,586	13,594	13,664	0,000	10,000	0,000	1,181
18,561	17,200	15,586	13,608	13,666	0,000	10,000	0,000	0,966
18,515	17,160	15,594	13,616	13,674	0,000	9,000	0,000	0,869
18,360	17,157	15,582	13,595	13,639	0,000	10,000	0,000	0,726
18,064	17,129	15,567	13,591	13,640	0,000	10,000	0,000	0,830
17,792	17,189	15,596	13,622	13,682	0,000	10,000	0,000	1,006
17,748	17,170	15,606	13,605	13,672	0,000	9,000	0,000	1,020
17,798	17,171	15,608	13,623	13,674	0,000	10,000	0,000	0,870
18,791	17,129	15,578	13,574	13,607	0,000	10,000	0,000	0,551
18,242	17,156	15,593	13,579	13,637	0,000	10,000	0,000	0,966
18,214	17,150	15,590	13,584	13,617	0,000	9,000	0,000	0,503
18,459	17,176	15,607	13,607	13,632	0,000	10,000	0,000	0,407
18,456	17,142	15,590	13,605	13,639	0,000	10,000	0,000	0,575
18,679	17,174	15,624	13,590	13,649	0,000	10,000	0,000	0,998
19,199	17,167	15,598	13,581	13,633	0,000	9,000	0,000	0,790
19,405	17,158	15,587	13,580	13,604	0,000	10,000	0,000	0,391
19,118	17,205	15,660	13,606	13,660	0,000	10,000	0,000	0,894
19,054	17,195	15,656	13,600	13,656	0,000	10,000	0,000	0,934
18,870	17,185	15,623	13,588	13,633	0,000	9,000	0,000	0,682
18,664	17,194	15,624	13,554	13,635	0,000	10,000	0,000	1,365
18,647	17,229	15,659	13,612	13,652	0,000	10,000	0,000	0,662
19,326	17,194	15,660	13,585	13,620	0,000	10,000	0,000	0,583
19,237	17,208	15,678	13,595	13,651	0,000	9,000	0,000	0,848
18,847	17,203	15,648	13,579	13,640	0,000	10,000	0,000	1,022
19,579	17,173	15,619	13,554	13,598	0,000	10,000	0,000	0,742
19,358	17,201	15,683	13,590	13,657	0,000	10,000	0,000	1,117
19,353	17,206	15,687	13,600	13,635	0,000	9,000	0,000	0,532
18,887	17,179	15,632	13,553	13,604	0,000	10,000	0,000	0,854
19,770	17,175	15,623	13,528	13,588	0,000	9,000	0,000	0,905
19,832	17,217	15,653	13,559	13,601	0,000	9,000	0,000	0,639
19,364	17,192	15,655	13,532	13,585	0,000	9,000	0,000	0,790
19,189	17,226	15,695	13,587	13,617	0,000	10,000	0,000	0,503
19,074	17,175	15,660	13,560	13,595	0,000	9,000	0,000	0,532
19,101	17,191	15,655	13,572	13,595	0,000	9,000	0,000	0,345
19,732	17,198	15,686	13,561	13,604	0,000	9,000	0,000	0,654
19,760	17,200	15,663	13,550	13,582	0,000	9,000	0,000	0,481
19,980	17,216	15,690	13,571	13,627	0,000	9,000	0,000	0,840
19,419	17,201	15,663	13,574	13,597	0,000	9,000	0,000	0,352
19,289	17,205	15,673	13,600	13,594	0,000	10,000	0,000	0,088
19,154	17,220	15,680	13,582	13,602	0,000	9,000	0,000	0,309
19,051	17,212	15,691	13,590	13,589	0,000	9,000	0,000	0,014
19,138	17,227	15,669	13,570	13,583	0,000	9,000	0,000	0,208
20,397	17,202	15,693	13,565	13,595	0,000	9,000	0,000	0,453
22,356	17,198	15,680	13,554	13,581	0,000	9,000	0,000	0,417
22,100	17,232	15,693	13,569	13,609	0,000	9,000	0,000	0,596
22,011	17,192	15,691	13,517	13,583	0,000	10,000	0,000	1,093
20,684	17,214	15,707	13,555	13,619	0,000	8,000	0,000	0,849
20,430	17,220	15,695	13,583	13,587	0,000	9,000	0,000	0,065
20,669	17,237	15,702	13,551	13,552	0,000	9,000	0,000	0,022
20,285	17,237	15,712	13,570	13,563	0,000	9,000	0,000	0,101
20,087	17,243	15,722	13,593	13,543	0,000	9,000	0,000	0,761
20,467	17,247	15,724	13,612	13,558	0,000	10,000	0,000	0,910
20,567	17,257	15,692	13,601	13,550	0,000	9,000	0,000	0,776
20,275	17,245	15,724	13,596	13,566	0,000	9,000	0,000	0,460
19,881	17,248	15,735	13,597	13,531	0,000	9,000	0,000	0,998
20,329	17,247	15,767	13,624	13,562	0,000	9,000	0,000	0,934
20,808	17,259	15,752	13,610	13,568	0,000	9,000	0,000	0,632
20,324	17,267	15,739	13,617	13,556	0,000	9,000	0,000	0,919
20,250	17,252	15,737	13,598	13,561	0,000	9,000	0,000	0,560
20,155	17,245	15,752	13,584	13,547	0,000	9,000	0,000	0,553
20,146	17,262	15,762	13,586	13,570	0,000	10,000	0,000	0,263
20,174	17,243	15,752	13,591	13,548	0,000	9,000	0,000	0,654
20,276	17,247	15,748	13,584	13,537	0,000	9,000	0,000	0,711
20,235	17,262	15,753	13,593	13,549	0,000	9,000	0,000	0,661
20,111	17,267	15,759	13,601	13,545	0,000	9,000	0,000	0,848
20,146	17,273	15,756	13,577	13,563	0,000	9,000	0,000	0,215
20,277	17,254	15,751	13,589	13,543	0,000	9,000	0,000	0,697
21,169	17,258	15,777	13,586	13,540	0,000	9,000	0,000	0,690
21,916	17,275	15,775	13,592	13,552	0,000	9,000	0,000	0,603
22,028	17,285	15,786	13,586	13,549	0,000	9,000	0,000	0,546
22,172	17,261	15,752	13,565	13,524	0,000	9,000	0,000	0,611
22,256	17,297	15,796	13,586	13,558	0,000	9,000	0,000	0,424
22,722	17,263	15,751	13,538	13,510	0,000	9,000	0,000	0,431
22,154	17,287	15,768	13,573	13,538	0,000	9,000	0,000	0,532
21,601	17,279	15,784	13,560	13,538	0,000	9,000	0,000	0,338
20,948	17,267	15,763	13,562	13,531	0,000	9,000	0,000	0,474
20,869	17,285	15,751	13,560	13,523	0,000	9,000	0,000	0,567
21,071	17,270	15,774	13,585	13,518	0,000	9,000	0,000	1,013
20,918	17,286	15,812	13,569	13,522	0,000	9,000	0,000	0,704
21,042	17,281	15,796	13,553	13,500	0,000	9,000	0,000	0,797
20,989	17,280	15,777	13,538	13,502	0,000	9,000	0,000	0,532
20,974	17,264	15,767	13,522	13,488	0,000	9,000	0,000	0,517
22,362	17,279	15,800	13,542	13,534	0,000	9,000	0,000	0,122
22,120	17,298	15,799	13,534	13,541	0,000	9,000	0,000	0,108
21,624	17,296	15,803	13,547	13,520	0,000	9,000	0,000	0,417
21,498	17,293	15,785	13,536	13,509	0,000	9,000	0,000	0,395
21,485	17,286	15,799	13,535	13,500	0,000	9,000	0,000	0,532
21,221	17,273	15,804	13,538	13,491	0,000	9,000	0,000	0,697
21,226	17,291	15,808	13,551	13,491	0,000	9,000	0,000	0,912
21,348	17,272	15,795	13,531	13,477	0,000	9,000	0,000	0,812
21,277	17,297	15,813	13,532	13,514	0,000	9,000	0,000	0,266
21,199	17,307	15,832	13,549	13,510	0,000	9,000	0,000	0,582
21,361	17,304	15,834	13,548	13,517	0,000	8,000	0,000	0,409
21,407	17,288	15,821	13,514	13,480	0,000	9,000	0,000	0,517
21,528	17,317	15,835	13,537	13,507	0,000	9,000	0,000	0,453
21,512	17,294	15,803	13,532	13,503	0,000	9,000	0,000	0,431
21,486	17,281	15,806	13,516	13,500	0,000	9,000	0,000	0,237
21,553	17,301	15,812	13,546	13,506	0,000	9,000	0,000	0,603
21,810	17,278	15,823	13,508	13,494	0,000	9,000	0,000	0,215
21,786	17,313	15,852	13,545	13,494	0,000	9,000	0,000	0,776
21,891	17,310	15,841	13,513	13,477	0,000	9,000	0,000	0,546
21,888	17,296	15,832	13,520	13,482	0,000	9,000	0,000	0,567
21,846	17,282	15,829	13,502	13,485	0,000	9,000	0,000	0,251
21,933	17,315	15,849	13,518	13,527	0,000	9,000	0,000	0,136
21,955	17,325	15,863	13,525	13,475	0,000	9,000	0,000	0,754
21,968	17,355	15,895	13,558	13,542	0,000	9,000	0,000	0,237
23,689	17,314	15,848	13,529	13,503	0,000	9,000	0,000	0,388
23,874	17,284	15,832	13,502	13,432	0,000	9,000	0,000	1,056
23,500	17,289	15,827	13,512	13,452	0,000	9,000	0,000	0,898
23,107	17,323	15,831	13,513	13,489	0,000	9,000	0,000	0,366
23,098	17,331	15,876	13,500	13,498	0,000	9,000	0,000	0,036
24,619	17,330	15,874	13,515	13,494	0,000	9,000	0,000	0,309
23,604	17,325	15,866	13,508	13,478	0,000	9,000	0,000	0,460
22,911	17,335	15,881	13,537	13,481	0,000	9,000	0,000	0,840
22,928	17,327	15,888	13,515	13,481	0,000	9,000	0,000	0,524
22,666	17,331	15,880	13,494	13,494	0,000	9,000	0,000	0,000
22,697	17,355	15,894	13,512	13,492	0,000	9,000	0,000	0,302
23,134	17,333	15,893	13,517	13,488	0,000	8,000	0,000	0,389
22,780	17,333	15,893	13,499	13,466	0,000	9,000	0,000	0,503
22,575	17,307	15,860	13,483	13,451	0,000	9,000	0,000	0,481
22,490	17,318	15,863	13,484	13,448	0,000	9,000	0,000	0,546
22,636	17,355	15,887	13,501	13,473	0,000	9,000	0,000	0,424
22,587	17,348	15,897	13,502	13,466	0,000	9,000	0,000	0,553
22,643	17,357	15,907	13,500	13,466	0,000	10,000	0,000	0,567
22,629	17,328	15,878	13,506	13,465	0,000	9,000	0,000	0,611
22,668	17,351	15,898	13,498	13,463	0,000	9,000	0,000	0,524
22,668	17,321	15,882	13,477	13,463	0,000	9,000	0,000	0,201
22,771	17,381	15,912	13,505	13,476	0,000	9,000	0,000	0,438
22,971	17,338	15,884	13,489	13,461	0,000	9,000	0,000	0,409
22,940	17,348	15,909	13,485	13,449	0,000	9,000	0,000	0,539
22,859	17,344	15,910	13,496	13,459	0,000	9,000	0,000	0,546
22,860	17,343	15,873	13,469	13,461	0,000	9,000	0,000	0,122
23,107	17,338	15,889	13,475	13,444	0,000	10,000	0,000	0,511
23,044	17,322	15,888	13,468	13,433	0,000	9,000	0,000	0,532
23,117	17,353	15,923	13,487	13,453	0,000	9,000	0,000	0,510
23,012	17,331	15,912	13,474	13,441	0,000	9,000	0,000	0,503
22,942	17,367	15,943	13,525	13,489	0,000	9,000	0,000	0,553
22,980	17,372	15,945	13,490	13,469	0,000	9,000	0,000	0,316
23,043	17,360	15,911	13,485	13,455	0,000	10,000	0,000	0,503
23,094	17,373	15,949	13,489	13,485	0,000	9,000	0,000	0,072
24,479	17,370	15,923	13,503	13,443	0,000	9,000	0,000	0,898
25,344	17,338	15,930	13,488	13,479	0,000	10,000	0,000	0,152
24,145	17,339	15,915	13,456	13,458	0,000	9,000	0,000	0,029
23,654	17,343	15,919	13,471	13,450	0,000	9,000	0,000	0,323
23,656	17,368	15,937	13,491	13,450	0,000	10,000	0,000	0,678
24,299	17,334	15,933	13,445	13,425	0,000	9,000	0,000	0,287
24,030	17,369	15,948	13,478	13,454	0,000	10,000	0,000	0,391
24,685	17,365	15,925	13,463	13,459	0,000	9,000	0,000	0,057
25,048	17,347	15,919	13,448	13,427	0,000	9,000	0,000	0,316
25,988	17,365	15,946	13,469	13,442	0,000	10,000	0,000	0,455
25,791	17,334	15,930	13,422	13,429	0,000	9,000	0,000	0,093
24,339	17,362	15,940	13,489	13,438	0,000	9,000	0,000	0,769
24,106	17,370	15,963	13,470	13,451	0,000	9,000	0,000	0,295
24,010	17,365	15,952	13,443	13,432	0,000	10,000	0,000	0,192
24,866	17,393	15,948	13,494	13,455	0,000	9,000	0,000	0,596
25,600	17,373	15,947	13,453	13,425	0,000	9,000	0,000	0,417
24,549	17,358	15,949	13,467	13,424	0,000	9,000	0,000	0,654
25,258	17,373	15,982	13,454	13,432	0,000	10,000	0,000	0,375
24,950	17,365	15,962	13,447	13,430	0,000	9,000	0,000	0,266
24,506	17,378	15,959	13,463	13,423	0,000	9,000	0,000	0,596
24,226	17,347	15,935	13,441	13,397	0,000	9,000	0,000	0,654
24,622	17,382	15,973	13,459	13,430	0,000	10,000	0,000	0,487
24,920	17,397	15,971	13,473	13,437	0,000	9,000	0,000	0,553
24,959	17,369	15,962	13,427	13,409	0,000	9,000	0,000	0,273
25,237	17,374	15,978	13,454	13,427	0,000	10,000	0,000	0,455
25,375	17,334	15,953	13,430	13,404	0,000	9,000	0,000	0,395
25,253	17,360	15,986	13,448	13,421	0,000	9,000	0,000	0,409
24,637	17,386	15,986	13,464	13,438	0,000	9,000	0,000	0,381
24,528	17,402	15,981	13,478	13,435	0,000	10,000	0,000	0,726
24,521	17,359	15,962	13,429	13,398	0,000	9,000	0,000	0,460
25,344	17,392	15,984	13,458	13,429	0,000	9,000	0,000	0,438
25,773	17,382	15,964	13,434	13,405	0,000	9,000	0,000	0,438
26,703	17,355	15,953	13,430	13,401	0,000	10,000	0,000	0,487
26,588	17,371	15,990	13,423	13,406	0,000	9,000	0,000	0,251
26,117	17,378	15,981	13,444	13,414	0,000	9,000	0,000	0,445
25,648	17,390	15,998	13,446	13,377	0,000	9,000	0,000	1,027
26,670	17,397	16,000	13,453	13,419	0,000	10,000	0,000	0,575
26,291	17,368	15,969	13,400	13,390	0,000	9,000	0,000	0,158
26,820	17,345	15,968	13,408	13,392	0,000	9,000	0,000	0,244
26,847	17,364	15,977	13,427	13,384	0,000	10,000	0,000	0,718
26,355	17,410	16,014	13,448	13,417	0,000	9,000	0,000	0,467
25,376	17,392	15,990	13,429	13,371	0,000	9,000	0,000	0,876
25,097	17,389	16,018	13,416	13,406	0,000	9,000	0,000	0,165
25,295	17,383	15,988	13,435	13,390	0,000	10,000	0,000	0,750
24,975	17,400	16,030	13,459	13,428	0,000	9,000	0,000	0,474
24,969	17,395	16,014	13,421	13,402	0,000	9,000	0,000	0,287
25,404	17,368	16,012	13,403	13,388	0,000	9,000	0,000	0,237
25,342	17,393	16,025	13,427	13,399	0,000	8,000	0,000	0,383
25,144	17,368	16,005	13,402	13,359	0,000	2,000	0,000	0,144
25,051	17,384	15,997	13,426	13,374	0,000	0,000	0,000	0,000
25,168	17,408	16,020	13,421	13,403	0,000	0,000	0,000	0,000
25,871	17,409	16,017	13,431	13,379	0,000	5,000	0,000	0,431
26,066	17,401	16,021	13,399	13,426	0,000	8,000	0,000	0,351
26,158	17,411	16,027	13,449	13,449	0,000	8,000	0,000	0,006
25,726	17,420	16,059	13,427	13,438	0,000	8,000	0,000	0,147
25,551	17,404	16,023	13,422	13,403	0,000	9,000	0,000	0,273
25,503	17,422	16,035	13,416	13,390	0,000	9,000	0,000	0,388
25,682	17,420	16,028	13,439	13,428	0,000	8,000	0,000	0,147
25,755	17,419	16,029	13,440	13,400	0,000	9,000	0,000	0,603
25,742	17,389	16,039	13,414	13,434	0,000	9,000	0,000	0,316
25,864	17,394	16,039	13,424	13,382	0,000	8,000	0,000	0,556
25,831	17,400	16,039	13,438	13,378	0,000	9,000	0,000	0,898
25,951	17,394	16,025	13,420	13,367	0,000	9,000	0,000	0,797
25,907	17,371	16,032	13,435	13,385	0,000	9,000	0,000	0,754
25,695	17,419	16,066	13,452	13,385	0,000	8,000	0,000	0,894
25,674	17,400	16,042	13,418	13,358	0,000	9,000	0,000	0,912
25,664	17,408	16,058	13,424	13,401	0,000	9,000	0,000	0,359
25,737	17,410	16,049	13,429	13,364	0,000	9,000	0,000	0,970
25,706	17,386	16,042	13,390	13,341	0,000	8,000	0,000	0,658
25,732	17,418	16,047	13,416	13,359	0,000	9,000	0,000	0,855
25,734	17,408	16,046	13,400	13,332	0,000	9,000	0,000	1,027
25,783	17,405	16,072	13,402	13,350	0,000	8,000	0,000	0,696
25,802	17,426	16,054	13,413	13,363	0,000	9,000	0,000	0,747
25,844	17,396	16,062	13,404	13,326	0,000	9,000	0,000	1,171
25,907	17,392	16,047	13,372	13,341	0,000	9,000	0,000	0,474
26,045	17,437	16,092	13,402	13,359	0,000	8,000	0,000	0,575
25,998	17,414	16,074	13,393	13,347	0,000	9,000	0,000	0,690
27,524	17,410	16,076	13,393	13,327	0,000	9,000	0,000	0,999
27,776	17,427	16,054	13,378	13,316	0,000	8,000	0,000	0,837
27,628	17,424	16,083	13,395	13,314	0,000	9,000	0,000	1,214
27,127	17,387	16,059	13,367	13,297	0,000	9,000	0,000	1,063
27,772	17,386	16,075	13,381	13,340	0,000	8,000	0,000	0,549
27,220	17,415	16,086	13,385	13,349	0,000	9,000	0,000	0,539
27,365	17,429	16,065	13,379	13,334	0,000	9,000	0,000	0,668
27,130	17,406	16,085	13,354	13,321	0,000	8,000	0,000	0,441
26,616	17,428	16,069	13,361	13,313	0,000	9,000	0,000	0,711
26,388	17,428	16,094	13,363	13,327	0,000	9,000	0,000	0,532
26,666	17,397	16,111	13,327	13,281	0,000	9,000	0,000	0,697
27,756	17,380	16,065	13,333	13,260	0,000	8,000	0,000	0,977
27,561	17,402	16,072	13,341	13,304	0,000	9,000	0,000	0,560
27,853	17,388	16,077	13,336	13,283	0,000	9,000	0,000	0,797
27,795	17,395	16,076	13,328	13,286	0,000	8,000	0,000	0,562
27,460	17,387	16,078	13,338	13,283	0,000	9,000	0,000	0,819
27,328	17,422	16,099	13,327	13,297	0,000	9,000	0,000	0,445
27,462	17,407	16,086	13,323	13,280	0,000	8,000	0,000	0,581
28,102	17,432	16,110	13,344	13,312	0,000	9,000	0,000	0,481
27,976	17,405	16,102	13,340	13,274	0,000	9,000	0,000	0,999
27,766	17,392	16,119	13,317	13,290	0,000	9,000	0,000	0,409
27,440	17,412	16,086	13,304	13,268	0,000	8,000	0,000	0,479
27,489	17,393	16,101	13,307	13,273	0,000	9,000	0,000	0,517
27,681	17,385	16,102	13,314	13,271	0,000	9,000	0,000	0,647
28,008	17,371	16,079	13,312	13,246	0,000	8,000	0,000	0,881
27,678	17,414	16,121	13,323	13,277	0,000	9,000	0,000	0,690
27,636	17,428	16,130	13,330	13,293	0,000	9,000	0,000	0,568
27,594	17,387	16,096	13,278	13,270	0,000	9,000	0,000	0,129
27,671	17,403	16,127	13,335	13,295	0,000	8,000	0,000	0,530
27,546	17,395	16,119	13,321	13,240	0,000	9,000	0,000	1,214
27,520	17,405	16,101	13,296	13,226	0,000	9,000	0,000	1,056
27,531	17,402	16,118	13,304	13,256	0,000	9,000	0,000	0,711
27,691	17,407	16,099	13,278	13,242	0,000	8,000	0,000	0,473
27,607	17,427	16,142	13,310	13,262	0,000	9,000	0,000	0,733
27,653	17,406	16,115	13,304	13,256	0,000	9,000	0,000	0,718
27,643	17,359	16,095	13,282	13,232	0,000	8,000	0,000	0,677
28,644	17,407	16,109	13,270	13,239	0,000	9,000	0,000	0,467
28,454	17,407	16,094	13,273	13,247	0,000	9,000	0,000	0,388
28,259	17,436	16,152	13,309	13,271	0,000	8,000	0,000	0,517
28,558	17,387	16,124	13,287	13,228	0,000	9,000	0,000	0,876
28,356	17,398	16,099	13,278	13,247	0,000	9,000	0,000	0,474
28,315	17,423	16,162	13,279	13,280	0,000	9,000	0,000	0,007
28,105	17,436	16,144	13,303	13,256	0,000	8,000	0,000	0,626
27,978	17,420	16,152	13,307	13,271	0,000	9,000	0,000	0,539
28,361	17,401	16,135	13,271	13,250	0,000	9,000	0,000	0,316
28,926	17,419	16,151	13,278	13,258	0,000	8,000	0,000	0,275
29,685	17,412	16,154	13,278	13,277	0,000	9,000	0,000	0,022
28,879	17,390	16,133	13,271	13,241	0,000	9,000	0,000	0,453
29,047	17,393	16,142	13,274	13,276	0,000	9,000	0,000	0,022
29,611	17,405	16,159	13,283	13,249	0,000	8,000	0,000	0,447
29,284	17,405	16,156	13,275	13,238	0,000	9,000	0,000	0,553
28,771	17,408	16,140	13,263	13,272	0,000	9,000	0,000	0,129
28,528	17,409	16,172	13,293	13,271	0,000	8,000	0,000	0,294
28,279	17,426	16,188	13,280	13,266	0,000	9,000	0,000	0,216
28,534	17,401	16,169	13,281	13,247	0,000	9,000	0,000	0,524
28,694	17,395	16,155	13,267	13,239	0,000	9,000	0,000	0,431
28,318	17,420	16,165	13,294	13,253	0,000	8,000	0,000	0,549
28,153	17,406	16,164	13,292	13,271	0,000	9,000	0,000	0,323
28,753	17,415	16,172	13,287	13,246	0,000	9,000	0,000	0,618
28,714	17,400	16,181	13,287	13,264	0,000	8,000	0,000	0,307
28,730	17,400	16,177	13,259	13,249	0,000	9,000	0,000	0,137
29,731	17,391	16,159	13,262	13,237	0,000	9,000	0,000	0,381
30,199	17,423	16,188	13,272	13,278	0,000	8,000	0,000	0,077
29,572	17,391	16,171	13,270	13,259	0,000	9,000	0,000	0,165
29,316	17,390	16,162	13,254	13,234	0,000	9,000	0,000	0,287
29,587	17,389	16,198	13,275	13,262	0,000	9,000	0,000	0,208
29,155	17,368	16,201	13,259	13,238	0,000	8,000	0,000	0,275
29,736	17,353	16,152	13,253	13,232	0,000	9,000	0,000	0,316
29,713	17,374	16,132	13,246	13,218	0,000	9,000	0,000	0,417
29,280	17,418	16,188	13,321	13,256	0,000	8,000	0,000	0,868
28,850	17,373	16,173	13,263	13,245	0,000	9,000	0,000	0,273
29,770	17,416	16,203	13,301	13,271	0,000	9,000	0,000	0,460
29,681	17,398	16,195	13,276	13,252	0,000	8,000	0,000	0,332
29,906	17,435	16,212	13,278	13,281	0,000	9,000	0,000	0,057
30,368	17,413	16,197	13,269	13,264	0,000	9,000	0,000	0,079
30,425	17,390	16,226	13,283	13,262	0,000	9,000	0,000	0,316
29,669	17,408	16,185	13,287	13,258	0,000	8,000	0,000	0,377
30,117	17,410	16,225	13,300	13,261	0,000	9,000	0,000	0,589
29,787	17,385	16,209	13,286	13,248	0,000	9,000	0,000	0,560
29,663	17,394	16,212	13,248	13,255	0,000	8,000	0,000	0,083
29,646	17,389	16,210	13,285	13,267	0,000	9,000	0,000	0,273
29,583	17,382	16,209	13,279	13,260	0,000	9,000	0,000	0,287
29,410	17,379	16,211	13,265	13,247	0,000	9,000	0,000	0,280
29,399	17,375	16,198	13,241	13,227	0,000	8,000	0,000	0,198
29,730	17,376	16,228	13,267	13,256	0,000	9,000	0,000	0,172
29,604	17,405	16,223	13,269	13,245	0,000	9,000	0,000	0,366
29,543	17,374	16,216	13,284	13,256	0,000	8,000	0,000	0,377
29,416	17,406	16,255	13,302	13,286	0,000	9,000	0,000	0,237
29,761	17,377	16,219	13,277	13,248	0,000	9,000	0,000	0,438
30,493	17,388	16,211	13,249	13,236	0,000	8,000	0,000	0,166
30,932	17,377	16,224	13,274	13,248	0,000	9,000	0,000	0,402
30,951	17,388	16,250	13,275	13,272	0,000	9,000	0,000	0,036
30,554	17,372	16,197	13,275	13,256	0,000	9,000	0,000	0,287
30,486	17,388	16,239	13,284	13,263	0,000	8,000	0,000	0,287
29,981	17,372	16,215	13,246	13,238	0,000	9,000	0,000	0,122
29,726	17,374	16,232	13,259	13,262	0,000	9,000	0,000	0,043
29,756	17,364	16,225	13,273	13,254	0,000	8,000	0,000	0,249
29,782	17,401	16,269	13,278	13,278	0,000	9,000	0,000	0,000
31,062	17,346	16,219	13,267	13,250	0,000	9,000	0,000	0,266
31,008	17,376	16,228	13,271	13,247	0,000	9,000	0,000	0,359
30,572	17,379	16,242	13,264	13,264	0,000	8,000	0,000	0,000
30,732	17,391	16,260	13,278	13,282	0,000	9,000	0,000	0,057
30,485	17,375	16,236	13,265	13,251	0,000	9,000	0,000	0,201
30,603	17,390	16,249	13,283	13,285	0,000	8,000	0,000	0,032
30,419	17,386	16,260	13,314	13,262	0,000	9,000	0,000	0,783
30,154	17,350	16,238	13,272	13,236	0,000	9,000	0,000	0,546
30,072	17,405	16,276	13,305	13,294	0,000	9,000	0,000	0,172
29,962	17,362	16,265	13,253	13,258	0,000	8,000	0,000	0,064
30,878	17,361	16,252	13,265	13,231	0,000	9,000	0,000	0,517
31,091	17,393	16,244	13,261	13,270	0,000	9,000	0,000	0,122
30,691	17,365	16,239	13,261	13,235	0,000	8,000	0,000	0,351
30,152	17,325	16,251	13,261	13,223	0,000	9,000	0,000	0,568
30,052	17,350	16,259	13,272	13,253	0,000	8,000	0,000	0,262
30,051	17,356	16,247	13,241	13,239	0,000	8,000	0,000	0,026
30,198	17,362	16,250	13,262	13,244	0,000	9,000	0,000	0,280
30,269	17,378	16,282	13,256	13,265	0,000	9,000	0,000	0,137
30,341	17,387	16,294	13,258	13,279	0,000	9,000	0,000	0,316
30,434	17,345	16,274	13,260	13,248	0,000	10,000	0,000	0,200
30,488	17,368	16,285	13,287	13,251	0,000	9,000	0,000	0,539
30,421	17,369	16,254	13,273	13,250	0,000	9,000	0,000	0,345
30,399	17,396	16,275	13,257	13,268	0,000	9,000	0,000	0,172
30,401	17,362	16,283	13,297	13,244	0,000	7,000	0,000	0,620
30,490	17,387	16,289	13,277	13,271	0,000	7,000	0,000	0,073
30,555	17,368	16,281	13,297	13,276	0,000	6,000	0,000	0,206
30,649	17,368	16,291	13,270	13,273	0,000	3,000	0,000	0,012
30,712	17,337	16,280	13,261	13,258	0,000	2,000	0,000	0,008
30,662	17,340	16,261	13,257	13,241	0,000	2,000	0,000	0,056
30,642	17,348	16,281	13,272	13,245	0,000	2,000	0,000	0,089
30,725	17,375	16,310	13,287	13,256	0,000	3,000	0,000	0,156
30,917	17,362	16,319	13,283	13,288	0,000	2,000	0,000	0,018
30,956	17,343	16,275	13,274	13,281	0,000	2,000	0,000	0,022
30,940	17,355	16,286	13,289	13,276	0,000	2,000	0,000	0,043
31,653	17,385	16,276	13,288	13,280	0,000	2,000	0,000	0,029
31,828	17,363	16,307	13,261	13,297	0,000	2,000	0,000	0,118
31,713	17,335	16,279	13,259	13,300	0,000	2,000	0,000	0,137
31,243	17,359	16,308	13,298	13,317	0,000	2,000	0,000	0,062
31,102	17,362	16,321	13,311	13,343	0,000	2,000	0,000	0,107
31,086	17,356	16,297	13,289	13,309	0,000	2,000	0,000	0,069
31,060	17,342	16,271	13,274	13,324	0,000	2,000	0,000	0,166
31,193	17,331	16,288	13,272	13,325	0,000	2,000	0,000	0,177
31,618	17,347	16,296	13,295	13,327	0,000	2,000	0,000	0,105
31,806	17,323	16,288	13,275	13,306	0,000	2,000	0,000	0,104
32,291	17,366	16,335	13,315	13,349	0,000	2,000	0,000	0,113
31,777	17,380	16,328	13,338	13,385	0,000	2,000	0,000	0,155
32,452	17,362	16,314	13,311	13,351	0,000	2,000	0,000	0,134
32,345	17,352	16,339	13,307	13,361	0,000	2,000	0,000	0,182
32,054	17,341	16,312	13,302	13,370	0,000	2,000	0,000	0,225
32,031	17,344	16,299	13,320	13,353	0,000	2,000	0,000	0,112
32,552	17,330	16,300	13,317	13,388	0,000	2,000	0,000	0,236
32,513	17,352	16,316	13,335	13,394	0,000	2,000	0,000	0,198
32,259	17,318	16,304	13,294	13,353	0,000	2,000	0,000	0,198
32,018	17,299	16,314	13,323	13,367	0,000	2,000	0,000	0,147
32,087	17,339	16,345	13,327	13,391	0,000	2,000	0,000	0,216
31,998	17,379	16,349	13,364	13,406	0,000	2,000	0,000	0,142
32,088	17,366	16,321	13,328	13,393	0,000	2,000	0,000	0,219
32,151	17,352	16,339	13,338	13,404	0,000	2,000	0,000	0,219
32,087	17,349	16,339	13,329	13,428	0,000	2,000	0,000	0,332
32,070	17,355	16,321	13,363	13,430	0,000	3,000	0,000	0,338
32,000	17,314	16,329	13,361	13,425	0,000	2,000	0,000	0,212
31,991	17,347	16,353	13,361	13,418	0,000	2,000	0,000	0,188
32,199	17,341	16,351	13,367	13,423	0,000	2,000	0,000	0,185
32,779	17,324	16,350	13,375	13,432	0,000	2,000	0,000	0,190
33,077	17,325	16,342	13,376	13,422	0,000	2,000	0,000	0,156
32,289	17,289	16,314	13,344	13,400	0,000	2,000	0,000	0,185
32,343	17,322	16,330	13,355	13,392	0,000	2,000	0,000	0,121
33,745	17,344	16,356	13,363	13,440	0,000	2,000	0,000	0,257
33,811	17,331	16,360	13,374	13,442	0,000	2,000	0,000	0,227
33,095	17,329	16,377	13,387	13,442	0,000	2,000	0,000	0,184
32,603	17,340	16,380	13,402	13,446	0,000	2,000	0,000	0,148
32,488	17,322	16,370	13,378	13,433	0,000	2,000	0,000	0,184
32,981	17,308	16,359	13,392	13,440	0,000	2,000	0,000	0,163
32,679	17,330	16,377	13,381	13,458	0,000	2,000	0,000	0,260
32,805	17,327	16,364	13,406	13,435	0,000	2,000	0,000	0,096
32,929	17,303	16,348	13,393	13,438	0,000	2,000	0,000	0,152
33,501	17,328	16,374	13,401	13,451	0,000	2,000	0,000	0,168
33,049	17,301	16,357	13,387	13,437	0,000	2,000	0,000	0,168
32,971	17,323	16,369	13,414	13,444	0,000	2,000	0,000	0,101
33,195	17,287	16,350	13,387	13,435	0,000	2,000	0,000	0,158
33,749	17,311	16,372	13,433	13,432	0,000	3,000	0,000	0,002
34,402	17,288	16,369	13,397	13,446	0,000	2,000	0,000	0,164
33,661	17,332	16,385	13,422	13,475	0,000	2,000	0,000	0,177
33,067	17,300	16,340	13,408	13,437	0,000	2,000	0,000	0,099
33,323	17,307	16,376	13,435	13,437	0,000	2,000	0,000	0,006
33,384	17,316	16,389	13,428	13,465	0,000	2,000	0,000	0,126
33,656	17,295	16,350	13,434	13,456	0,000	2,000	0,000	0,075
33,089	17,339	16,412	13,428	13,450	0,000	2,000	0,000	0,073
33,087	17,310	16,399	13,446	13,444	0,000	2,000	0,000	0,006
33,097	17,317	16,403	13,458	13,480	0,000	2,000	0,000	0,075
33,130	17,325	16,384	13,444	13,448	0,000	2,000	0,000	0,011
33,167	17,328	16,406	13,458	13,464	0,000	2,000	0,000	0,019
33,161	17,288	16,369	13,450	13,431	0,000	2,000	0,000	0,061
33,186	17,321	16,391	13,463	13,435	0,000	2,000	0,000	0,094
33,248	17,304	16,396	13,450	13,424	0,000	2,000	0,000	0,089
33,199	17,301	16,373	13,420	13,428	0,000	2,000	0,000	0,024
33,253	17,339	16,433	13,491	13,483	0,000	2,000	0,000	0,027
33,256	17,294	16,395	13,459	13,443	0,000	2,000	0,000	0,053
34,154	17,316	16,395	13,465	13,449	0,000	2,000	0,000	0,054
34,561	17,260	16,374	13,429	13,419	0,000	3,000	0,000	0,048
34,885	17,299	16,392	13,468	13,449	0,000	2,000	0,000	0,065
34,954	17,273	16,378	13,463	13,444	0,000	2,000	0,000	0,064
35,698	17,298	16,424	13,490	13,471	0,000	2,000	0,000	0,065
35,212	17,299	16,405	13,487	13,467	0,000	2,000	0,000	0,067
34,722	17,279	16,403	13,454	13,442	0,000	2,000	0,000	0,040
34,708	17,288	16,397	13,451	13,429	0,000	2,000	0,000	0,073
34,542	17,308	16,432	13,510	13,465	0,000	2,000	0,000	0,150
34,782	17,306	16,420	13,483	13,442	0,000	2,000	0,000	0,137
34,910	17,291	16,411	13,495	13,437	0,000	2,000	0,000	0,193
34,393	17,288	16,410	13,483	13,438	0,000	2,000	0,000	0,150
34,006	17,288	16,457	13,517	13,453	0,000	2,000	0,000	0,212
33,812	17,292	16,416	13,483	13,457	0,000	2,000	0,000	0,086
33,826	17,279	16,412	13,499	13,459	0,000	3,000	0,000	0,204
33,970	17,293	16,454	13,513	13,468	0,000	2,000	0,000	0,152
33,887	17,321	16,457	13,524	13,458	0,000	2,000	0,000	0,219
33,946	17,286	16,425	13,502	13,449	0,000	2,000	0,000	0,177
33,951	17,302	16,407	13,494	13,444	0,000	2,000	0,000	0,168
34,004	17,296	16,431	13,520	13,447	0,000	2,000	0,000	0,246
34,278	17,269	16,439	13,483	13,426	0,000	2,000	0,000	0,190
34,450	17,300	16,432	13,503	13,429	0,000	2,000	0,000	0,247
35,133	17,286	16,417	13,493	13,433	0,000	2,000	0,000	0,203
34,930	17,253	16,409	13,500	13,418	0,000	2,000	0,000	0,273
34,769	17,271	16,420	13,490	13,425	0,000	2,000	0,000	0,217
34,391	17,280	16,431	13,498	13,429	0,000	2,000	0,000	0,231
34,316	17,261	16,444	13,493	13,420	0,000	3,000	0,000	0,364
34,299	17,273	16,446	13,472	13,410	0,000	2,000	0,000	0,209
34,293	17,259	16,420	13,484	13,427	0,000	2,000	0,000	0,192
34,407	17,261	16,439	13,499	13,410	0,000	2,000	0,000	0,297
34,785	17,291	16,449	13,521	13,454	0,000	2,000	0,000	0,223
35,233	17,292	16,473	13,523	13,419	0,000	2,000	0,000	0,351
35,046	17,267	16,449	13,498	13,426	0,000	2,000	0,000	0,239
34,984	17,270	16,449	13,500	13,434	0,000	2,000	0,000	0,220
34,674	17,265	16,448	13,481	13,413	0,000	2,000	0,000	0,225
34,696	17,272	16,448	13,505	13,437	0,000	2,000	0,000	0,230
35,153	17,278	16,464	13,495	13,428	0,000	2,000	0,000	0,225
35,819	17,270	16,442	13,512	13,425	0,000	3,000	0,000	0,438
35,619	17,263	16,466	13,512	13,409	0,000	2,000	0,000	0,346
35,326	17,249	16,423	13,479	13,400	0,000	2,000	0,000	0,262
35,283	17,305	16,484	13,524	13,451	0,000	2,000	0,000	0,243
35,075	17,275	16,467	13,497	13,432	0,000	2,000	0,000	0,217
34,927	17,289	16,457	13,519	13,437	0,000	2,000	0,000	0,273
35,008	17,249	16,425	13,488	13,387	0,000	2,000	0,000	0,335
35,174	17,254	16,471	13,519	13,407	0,000	2,000	0,000	0,374
35,150	17,286	16,470	13,546	13,421	0,000	2,000	0,000	0,420
35,233	17,245	16,490	13,503	13,415	0,000	2,000	0,000	0,294
35,202	17,276	16,457	13,490	13,426	0,000	2,000	0,000	0,214
35,187	17,279	16,475	13,544	13,415	0,000	2,000	0,000	0,431
35,152	17,241	16,457	13,488	13,383	0,000	2,000	0,000	0,353
35,123	17,267	16,460	13,499	13,396	0,000	3,000	0,000	0,515
35,152	17,254	16,463	13,498	13,399	0,000	2,000	0,000	0,329
35,153	17,258	16,481	13,517	13,428	0,000	2,000	0,000	0,300
35,761	17,244	16,462	13,503	13,400	0,000	2,000	0,000	0,346
35,827	17,277	16,483	13,502	13,420	0,000	2,000	0,000	0,275
36,340	17,251	16,483	13,507	13,400	0,000	2,000	0,000	0,358
36,751	17,249	16,475	13,505	13,411	0,000	2,000	0,000	0,316
36,307	17,240	16,476	13,495	13,374	0,000	2,000	0,000	0,407
35,796	17,269	16,511	13,510	13,419	0,000	2,000	0,000	0,303
36,583	17,233	16,471	13,520	13,406	0,000	2,000	0,000	0,380
37,160	17,230	16,460	13,486	13,374	0,000	2,000	0,000	0,375
37,009	17,259	16,474	13,506	13,391	0,000	2,000	0,000	0,385
36,331	17,221	16,498	13,487	13,383	0,000	2,000	0,000	0,350
35,820	17,241	16,501	13,485	13,404	0,000	2,000	0,000	0,270
35,941	17,254	16,496	13,507	13,401	0,000	3,000	0,000	0,534
37,006	17,284	16,518	13,524	13,431	0,000	2,000	0,000	0,313
36,909	17,268	16,513	13,520	13,405	0,000	2,000	0,000	0,385
37,518	17,229	16,479	13,480	13,366	0,000	2,000	0,000	0,382
36,773	17,260	16,485	13,497	13,402	0,000	2,000	0,000	0,318
37,188	17,248	16,487	13,490	13,379	0,000	2,000	0,000	0,372
36,107	17,201	16,469	13,458	13,346	0,000	2,000	0,000	0,377
35,894	17,233	16,496	13,488	13,382	0,000	2,000	0,000	0,354
36,124	17,223	16,478	13,471	13,364	0,000	2,000	0,000	0,359
36,955	17,266	16,521	13,519	13,412	0,000	2,000	0,000	0,361
37,119	17,278	16,547	13,517	13,403	0,000	2,000	0,000	0,382
36,572	17,258	16,515	13,501	13,388	0,000	2,000	0,000	0,375
36,988	17,234	16,492	13,467	13,383	0,000	2,000	0,000	0,279
36,325	17,258	16,504	13,469	13,371	0,000	2,000	0,000	0,327
36,182	17,249	16,503	13,482	13,392	0,000	2,000	0,000	0,302
36,200	17,248	16,505	13,473	13,392	0,000	2,000	0,000	0,273
36,214	17,238	16,517	13,484	13,396	0,000	3,000	0,000	0,441
36,176	17,260	16,522	13,461	13,375	0,000	2,000	0,000	0,286
36,225	17,246	16,517	13,499	13,378	0,000	2,000	0,000	0,405
36,205	17,252	16,535	13,504	13,383	0,000	2,000	0,000	0,405
36,378	17,263	16,524	13,486	13,371	0,000	2,000	0,000	0,385
36,458	17,253	16,535	13,515	13,381	0,000	1,000	0,000	0,224
36,900	17,258	16,506	13,519	13,391	0,000	2,000	0,000	0,429
36,508	17,227	16,545	13,464	13,387	0,000	5,000	0,000	0,639
36,431	17,231	16,515	13,494	13,365	0,000	7,000	0,000	1,503
36,972	17,227	16,503	13,458	13,329	0,000	6,000	0,000	1,298
36,901	17,231	16,513	13,468	13,335	0,000	7,000	0,000	1,553
36,646	17,215	16,514	13,428	13,279	0,000	8,000	0,000	1,999
37,570	17,256	16,545	13,469	13,312	0,000	7,000	0,000	1,838
37,762	17,228	16,522	13,441	13,288	0,000	7,000	0,000	1,799
37,507	17,233	16,519	13,466	13,263	0,000	8,000	0,000	2,727
38,013	17,220	16,508	13,425	13,250	0,000	7,000	0,000	2,051
37,868	17,259	16,547	13,452	13,266	0,000	8,000	0,000	2,490
37,385	17,262	16,555	13,442	13,249	0,000	7,000	0,000	2,269
37,091	17,194	16,513	13,394	13,208	0,000	8,000	0,000	2,497
36,894	17,208	16,522	13,369	13,184	0,000	8,000	0,000	2,465
36,871	17,249	16,566	13,407	13,210	0,000	8,000	0,000	2,637
36,777	17,229	16,516	13,345	13,163	0,000	8,000	0,000	2,427
36,889	17,229	16,546	13,378	13,154	0,000	8,000	0,000	2,995
36,964	17,220	16,528	13,330	13,119	0,000	8,000	0,000	2,836
38,304	17,241	16,550	13,337	13,156	0,000	8,000	0,000	2,420
37,881	17,202	16,506	13,295	13,113	0,000	9,000	0,000	2,737
37,872	17,184	16,509	13,272	13,117	0,000	8,000	0,000	2,082
37,621	17,234	16,554	13,306	13,139	0,000	9,000	0,000	2,522
37,323	17,211	16,540	13,248	13,081	0,000	8,000	0,000	2,229
37,280	17,202	16,540	13,256	13,106	0,000	9,000	0,000	2,256
37,254	17,219	16,529	13,264	13,107	0,000	8,000	0,000	2,101
37,266	17,207	16,533	13,229	13,090	0,000	9,000	0,000	2,084
37,332	17,213	16,540	13,216	13,093	0,000	9,000	0,000	1,847
37,359	17,235	16,539	13,242	13,103	0,000	8,000	0,000	1,871
37,380	17,194	16,547	13,212	13,089	0,000	9,000	0,000	1,854
37,289	17,229	16,547	13,218	13,086	0,000	9,000	0,000	1,983
38,032	17,197	16,525	13,178	13,071	0,000	9,000	0,000	1,617
38,440	17,211	16,530	13,200	13,066	0,000	8,000	0,000	1,795
38,755	17,191	16,547	13,160	13,078	0,000	9,000	0,000	1,236
38,447	17,215	16,549	13,149	13,075	0,000	8,000	0,000	0,990
37,680	17,197	16,554	13,181	13,074	0,000	9,000	0,000	1,617
37,665	17,207	16,560	13,173	13,069	0,000	9,000	0,000	1,559
37,692	17,229	16,560	13,177	13,087	0,000	8,000	0,000	1,194
38,394	17,202	16,559	13,127	13,059	0,000	9,000	0,000	1,027
38,737	17,206	16,541	13,154	13,057	0,000	9,000	0,000	1,459
38,581	17,191	16,538	13,146	13,052	0,000	8,000	0,000	1,265
38,396	17,207	16,557	13,142	13,031	0,000	9,000	0,000	1,674
38,077	17,176	16,552	13,115	13,039	0,000	9,000	0,000	1,157
38,503	17,200	16,581	13,135	13,074	0,000	8,000	0,000	0,811
39,412	17,222	16,545	13,118	13,037	0,000	9,000	0,000	1,229
39,117	17,178	16,549	13,112	13,040	0,000	9,000	0,000	1,071
38,404	17,193	16,570	13,122	13,067	0,000	8,000	0,000	0,734
38,134	17,204	16,564	13,116	13,049	0,000	9,000	0,000	1,013
38,811	17,206	16,561	13,129	13,036	0,000	9,000	0,000	1,401
38,429	17,226	16,570	13,138	13,062	0,000	8,000	0,000	1,015
38,240	17,216	16,554	13,122	13,034	0,000	9,000	0,000	1,315
38,159	17,202	16,579	13,128	13,039	0,000	9,000	0,000	1,344
38,129	17,182	16,561	13,085	13,025	0,000	8,000	0,000	0,811
38,124	17,180	16,536	13,070	13,014	0,000	9,000	0,000	0,855
38,450	17,200	16,571	13,109	13,044	0,000	9,000	0,000	0,984
39,307	17,218	16,563	13,085	13,013	0,000	8,000	0,000	0,964
39,664	17,193	16,589	13,107	13,029	0,000	9,000	0,000	1,171
39,841	17,201	16,570	13,106	13,032	0,000	9,000	0,000	1,107
39,095	17,220	16,574	13,083	13,029	0,000	8,000	0,000	0,722
39,349	17,213	16,625	13,124	13,063	0,000	9,000	0,000	0,927
39,323	17,184	16,574	13,095	13,037	0,000	9,000	0,000	0,869
39,215	17,161	16,566	13,076	12,983	0,000	9,000	0,000	1,416
38,910	17,215	16,632	13,124	13,046	0,000	8,000	0,000	1,035
38,799	17,171	16,575	13,078	13,035	0,000	9,000	0,000	0,654
39,354	17,185	16,571	13,092	13,002	0,000	9,000	0,000	1,358
39,621	17,174	16,592	13,066	13,023	0,000	8,000	0,000	0,568
39,795	17,194	16,591	13,086	13,012	0,000	9,000	0,000	1,107
39,070	17,202	16,600	13,094	13,005	0,000	9,000	0,000	1,336
38,772	17,168	16,570	13,046	13,002	0,000	8,000	0,000	0,594
39,112	17,168	16,583	13,096	13,003	0,000	9,000	0,000	1,408
39,704	17,176	16,599	13,072	13,010	0,000	9,000	0,000	0,934
39,397	17,174	16,597	13,069	12,988	0,000	8,000	0,000	1,092
40,340	17,162	16,577	13,060	12,967	0,000	9,000	0,000	1,401
40,182	17,187	16,581	13,082	12,996	0,000	9,000	0,000	1,301
39,445	17,149	16,592	13,047	12,986	0,000	8,000	0,000	0,824
39,389	17,160	16,614	13,081	13,005	0,000	9,000	0,000	1,135
39,494	17,193	16,615	13,087	13,003	0,000	8,000	0,000	1,124
39,201	17,187	16,594	13,059	12,983	0,000	9,000	0,000	1,135
39,177	17,169	16,589	13,071	12,998	0,000	9,000	0,000	1,107
39,218	17,180	16,576	13,044	12,988	0,000	8,000	0,000	0,754
39,060	17,181	16,601	13,061	12,981	0,000	9,000	0,000	1,200
39,063	17,173	16,590	13,045	12,971	0,000	9,000	0,000	1,107
39,120	17,175	16,604	13,066	13,009	0,000	8,000	0,000	0,760
39,146	17,167	16,611	13,063	12,986	0,000	9,000	0,000	1,150
39,186	17,215	16,654	13,094	13,032	0,000	9,000	0,000	0,927
40,116	17,191	16,625	13,084	12,994	0,000	8,000	0,000	1,207
39,750	17,187	16,631	13,098	12,998	0,000	9,000	0,000	1,509
39,360	17,184	16,624	13,071	12,996	0,000	9,000	0,000	1,135
39,355	17,190	16,617	13,068	12,975	0,000	8,000	0,000	1,252
39,303	17,201	16,627	13,038	12,973	0,000	9,000	0,000	0,977
39,367	17,162	16,599	13,048	12,963	0,000	9,000	0,000	1,279
39,469	17,175	16,640	13,043	12,985	0,000	8,000	0,000	0,786
39,537	17,213	16,671	13,068	13,002	0,000	9,000	0,000	0,992
39,666	17,162	16,622	13,037	12,953	0,000	9,000	0,000	1,257
40,469	17,170	16,605	13,021	12,930	0,000	9,000	0,000	1,365
40,340	17,152	16,598	13,023	12,924	0,000	8,000	0,000	1,329
39,789	17,176	16,630	13,051	12,951	0,000	9,000	0,000	1,502
39,729	17,182	16,610	13,045	12,940	0,000	9,000	0,000	1,574
39,949	17,153	16,615	13,019	12,942	0,000	8,000	0,000	1,041
39,790	17,177	16,623	13,022	12,943	0,000	9,000	0,000	1,200
39,741	17,164	16,613	13,017	12,925	0,000	9,000	0,000	1,380
39,924	17,152	16,613	13,013	12,938	0,000	8,000	0,000	1,003
40,082	17,188	16,635	13,032	12,941	0,000	9,000	0,000	1,372
40,328	17,188	16,618	13,028	12,931	0,000	9,000	0,000	1,473
40,123	17,159	16,621	12,992	12,923	0,000	8,000	0,000	0,913
40,431	17,142	16,614	12,964	12,910	0,000	9,000	0,000	0,819
40,634	17,162	16,644	12,990	12,902	0,000	9,000	0,000	1,337
41,193	17,181	16,626	13,004	12,907	0,000	8,000	0,000	1,290
41,690	17,192	16,645	13,020	12,924	0,000	9,000	0,000	1,452
41,838	17,193	16,658	13,009	12,932	0,000	9,000	0,000	1,157
41,067	17,164	16,628	13,018	12,896	0,000	9,000	0,000	1,840
41,163	17,169	16,632	13,000	12,899	0,000	8,000	0,000	1,361
41,347	17,143	16,635	13,004	12,889	0,000	9,000	0,000	1,732
42,588	17,175	16,654	13,003	12,918	0,000	9,000	0,000	1,286
41,189	17,162	16,616	12,964	12,892	0,000	8,000	0,000	0,965
40,569	17,182	16,630	12,989	12,867	0,000	9,000	0,000	1,840
40,370	17,197	16,679	12,994	12,902	0,000	9,000	0,000	1,394
40,355	17,169	16,621	12,956	12,860	0,000	8,000	0,000	1,284
40,526	17,142	16,636	12,965	12,878	0,000	9,000	0,000	1,322
41,090	17,156	16,648	12,964	12,874	0,000	9,000	0,000	1,365
40,847	17,166	16,682	12,973	12,886	0,000	8,000	0,000	1,163
41,202	17,169	16,639	12,977	12,874	0,000	9,000	0,000	1,545
41,603	17,158	16,652	12,969	12,887	0,000	8,000	0,000	1,105
41,229	17,137	16,633	12,949	12,850	0,000	9,000	0,000	1,502
41,633	17,173	16,653	12,949	12,885	0,000	8,000	0,000	0,856
41,758	17,153	16,657	12,940	12,876	0,000	9,000	0,000	0,970
42,242	17,183	16,666	12,952	12,877	0,000	9,000	0,000	1,128
42,325	17,145	16,640	12,914	12,845	0,000	8,000	0,000	0,933
41,971	17,169	16,661	12,969	12,874	0,000	9,000	0,000	1,423
41,587	17,186	16,666	12,959	12,860	0,000	8,000	0,000	1,316
41,326	17,164	16,668	12,959	12,842	0,000	9,000	0,000	1,761
41,116	17,123	16,635	12,938	12,841	0,000	8,000	0,000	1,297
41,626	17,167	16,670	12,919	12,860	0,000	9,000	0,000	0,884
42,072	17,155	16,647	12,919	12,815	0,000	8,000	0,000	1,380
41,603	17,135	16,674	12,929	12,849	0,000	9,000	0,000	1,214
41,253	17,123	16,669	12,909	12,834	0,000	8,000	0,000	1,003
41,781	17,164	16,663	12,919	12,848	0,000	9,000	0,000	1,064
41,148	17,170	16,670	12,952	12,833	0,000	9,000	0,000	1,797
41,138	17,165	16,645	12,895	12,816	0,000	8,000	0,000	1,054
41,142	17,174	16,693	12,932	12,854	0,000	9,000	0,000	1,179
41,071	17,165	16,672	12,934	12,819	0,000	8,000	0,000	1,552
41,396	17,146	16,635	12,892	12,802	0,000	9,000	0,000	1,365
42,228	17,169	16,697	12,932	12,823	0,000	8,000	0,000	1,456
41,234	17,130	16,662	12,885	12,817	0,000	9,000	0,000	1,035
41,541	17,175	16,661	12,952	12,839	0,000	8,000	0,000	1,501
41,988	17,164	16,699	12,922	12,831	0,000	9,000	0,000	1,373
41,975	17,176	16,683	12,917	12,836	0,000	8,000	0,000	1,080
41,663	17,167	16,706	12,921	12,839	0,000	9,000	0,000	1,236
41,454	17,174	16,695	12,899	12,856	0,000	8,000	0,000	0,575
41,554	17,154	16,682	12,893	12,822	0,000	9,000	0,000	1,071
41,436	17,150	16,701	12,903	12,810	0,000	8,000	0,000	1,252
41,880	17,163	16,676	12,915	12,818	0,000	9,000	0,000	1,452
41,870	17,140	16,689	12,868	12,792	0,000	8,000	0,000	1,016
41,903	17,185	16,679	12,897	12,829	0,000	9,000	0,000	1,028
42,151	17,151	16,690	12,893	12,802	0,000	8,000	0,000	1,220
42,185	17,154	16,703	12,900	12,808	0,000	9,000	0,000	1,380
42,837	17,173	16,710	12,894	12,803	0,000	8,000	0,000	1,220
42,822	17,172	16,708	12,927	12,825	0,000	9,000	0,000	1,538
42,092	17,142	16,683	12,853	12,771	0,000	8,000	0,000	1,092
41,994	17,127	16,685	12,871	12,784	0,000	9,000	0,000	1,322
41,915	17,138	16,685	12,874	12,801	0,000	9,000	0,000	1,099
41,968	17,157	16,710	12,893	12,786	0,000	8,000	0,000	1,424
42,017	17,153	16,702	12,897	12,780	0,000	9,000	0,000	1,761
41,990	17,145	16,715	12,882	12,802	0,000	8,000	0,000	1,073
42,024	17,116	16,685	12,859	12,761	0,000	9,000	0,000	1,480
42,457	17,150	16,687	12,857	12,794	0,000	8,000	0,000	0,856
43,668	17,126	16,693	12,844	12,777	0,000	9,000	0,000	1,020
43,454	17,139	16,689	12,830	12,760	0,000	8,000	0,000	0,939
43,385	17,133	16,704	12,857	12,770	0,000	9,000	0,000	1,322
42,536	17,165	16,729	12,873	12,802	0,000	8,000	0,000	0,952
42,379	17,163	16,705	12,855	12,768	0,000	9,000	0,000	1,301
43,870	17,172	16,722	12,863	12,785	0,000	8,000	0,000	1,035
43,834	17,147	16,678	12,847	12,733	0,000	9,000	0,000	1,725
43,490	17,137	16,715	12,823	12,771	0,000	8,000	0,000	0,703
43,324	17,132	16,725	12,828	12,765	0,000	9,000	0,000	0,941
42,591	17,127	16,706	12,855	12,750	0,000	8,000	0,000	1,405
42,380	17,169	16,715	12,862	12,781	0,000	9,000	0,000	1,222
42,341	17,159	16,727	12,850	12,754	0,000	8,000	0,000	1,284
42,330	17,142	16,725	12,817	12,744	0,000	9,000	0,000	1,107
42,769	17,150	16,698	12,822	12,736	0,000	8,000	0,000	1,150
43,459	17,132	16,708	12,856	12,728	0,000	8,000	0,000	1,706
43,192	17,146	16,721	12,824	12,736	0,000	9,000	0,000	1,330
42,715	17,108	16,704	12,823	12,745	0,000	8,000	0,000	1,048
42,564	17,121	16,713	12,832	12,723	0,000	8,000	0,000	1,456
42,497	17,147	16,732	12,831	12,756	0,000	9,000	0,000	1,135
42,502	17,157	16,732	12,842	12,727	0,000	8,000	0,000	1,540
43,098	17,128	16,726	12,818	12,742	0,000	8,000	0,000	1,022
43,703	17,135	16,713	12,835	12,728	0,000	9,000	0,000	1,624
43,714	17,128	16,702	12,782	12,691	0,000	8,000	0,000	1,214
43,763	17,130	16,759	12,816	12,749	0,000	8,000	0,000	0,894
43,267	17,111	16,736	12,842	12,735	0,000	9,000	0,000	1,603
43,035	17,110	16,704	12,822	12,722	0,000	8,000	0,000	1,335
42,882	17,155	16,741	12,836	12,742	0,000	8,000	0,000	1,265
42,914	17,127	16,717	12,802	12,728	0,000	8,000	0,000	0,990
42,967	17,133	16,735	12,809	12,729	0,000	9,000	0,000	1,193
43,344	17,143	16,720	12,816	12,730	0,000	8,000	0,000	1,150
43,161	17,086	16,689	12,790	12,686	0,000	8,000	0,000	1,393
43,172	17,113	16,716	12,804	12,720	0,000	9,000	0,000	1,272
43,172	17,134	16,725	12,815	12,750	0,000	8,000	0,000	0,869
43,197	17,125	16,753	12,811	12,709	0,000	9,000	0,000	1,545
43,194	17,144	16,741	12,801	12,733	0,000	8,000	0,000	0,913
43,250	17,111	16,721	12,786	12,684	0,000	8,000	0,000	1,361
43,487	17,097	16,728	12,789	12,704	0,000	9,000	0,000	1,279
43,969	17,124	16,759	12,792	12,683	0,000	8,000	0,000	1,469
43,750	17,129	16,742	12,833	12,704	0,000	8,000	0,000	1,725
43,636	17,110	16,724	12,807	12,691	0,000	9,000	0,000	1,746
43,804	17,084	16,740	12,785	12,671	0,000	8,000	0,000	1,533
44,176	17,156	16,791	12,832	12,739	0,000	8,000	0,000	1,239
44,364	17,131	16,731	12,800	12,689	0,000	9,000	0,000	1,674
44,402	17,105	16,735	12,780	12,682	0,000	8,000	0,000	1,310
45,358	17,112	16,732	12,791	12,681	0,000	8,000	0,000	1,469
44,703	17,111	16,760	12,798	12,676	0,000	9,000	0,000	1,833
43,986	17,153	16,779	12,826	12,711	0,000	8,000	0,000	1,533
45,219	17,116	16,774	12,791	12,713	0,000	8,000	0,000	1,048
45,458	17,099	16,746	12,757	12,662	0,000	9,000	0,000	1,430
44,716	17,127	16,751	12,795	12,690	0,000	8,000	0,000	1,405
44,568	17,136	16,776	12,774	12,716	0,000	8,000	0,000	0,779
43,893	17,108	16,744	12,762	12,659	0,000	9,000	0,000	1,552
43,762	17,101	16,739	12,771	12,672	0,000	8,000	0,000	1,335
44,739	17,078	16,735	12,740	12,656	0,000	8,000	0,000	1,131
44,258	17,131	16,765	12,776	12,671	0,000	9,000	0,000	1,595
44,063	17,086	16,744	12,740	12,650	0,000	8,000	0,000	1,201
44,773	17,085	16,760	12,749	12,657	0,000	9,000	0,000	1,380
44,958	17,117	16,751	12,771	12,664	0,000	8,000	0,000	1,425
44,620	17,096	16,734	12,724	12,659	0,000	8,000	0,000	0,875
44,158	17,095	16,771	12,728	12,669	0,000	9,000	0,000	0,884
44,393	17,115	16,766	12,775	12,683	0,000	8,000	0,000	1,239
44,735	17,091	16,759	12,766	12,652	0,000	8,000	0,000	1,520
44,582	17,106	16,766	12,749	12,676	0,000	9,000	0,000	1,100
45,559	17,087	16,734	12,727	12,621	0,000	8,000	0,000	1,418
45,494	17,125	16,792	12,744	12,682	0,000	8,000	0,000	0,830
45,252	17,087	16,752	12,735	12,644	0,000	9,000	0,000	1,366
45,489	17,108	16,757	12,739	12,683	0,000	8,000	0,000	0,747
46,048	17,080	16,725	12,711	12,631	0,000	8,000	0,000	1,073
45,732	17,094	16,764	12,737	12,634	0,000	9,000	0,000	1,538
45,265	17,116	16,786	12,770	12,661	0,000	8,000	0,000	1,463
45,300	17,080	16,732	12,733	12,630	0,000	8,000	0,000	1,367
45,010	17,108	16,768	12,763	12,668	0,000	9,000	0,000	1,430
45,313	17,080	16,742	12,714	12,629	0,000	8,000	0,000	1,144
45,633	17,112	16,797	12,767	12,674	0,000	8,000	0,000	1,233
45,589	17,108	16,767	12,747	12,670	0,000	9,000	0,000	1,164
45,099	17,088	16,808	12,729	12,663	0,000	8,000	0,000	0,882
45,431	17,105	16,814	12,770	12,672	0,000	9,000	0,000	1,473
45,801	17,088	16,778	12,732	12,654	0,000	8,000	0,000	1,035
46,075	17,114	16,793	12,741	12,662	0,000	8,000	0,000	1,060
45,133	17,079	16,755	12,722	12,636	0,000	9,000	0,000	1,301
46,202	17,094	16,789	12,730	12,642	0,000	8,000	0,000	1,175
45,155	17,085	16,781	12,704	12,647	0,000	8,000	0,000	0,773
44,851	17,117	16,769	12,715	12,652	0,000	9,000	0,000	0,941
46,022	17,096	16,754	12,695	12,605	0,000	8,000	0,000	1,207
45,199	17,073	16,757	12,698	12,623	0,000	8,000	0,000	0,997
45,919	17,095	16,790	12,734	12,631	0,000	9,000	0,000	1,560
45,759	17,057	16,771	12,702	12,620	0,000	8,000	0,000	1,092
45,608	17,070	16,783	12,711	12,605	0,000	9,000	0,000	1,603
46,157	17,095	16,791	12,722	12,643	0,000	8,000	0,000	1,067
46,491	17,114	16,787	12,734	12,649	0,000	9,000	0,000	1,279
46,488	17,058	16,786	12,703	12,639	0,000	9,000	0,000	0,970
46,409	17,097	16,766	12,713	12,640	0,000	9,000	0,000	1,092
46,584	17,068	16,770	12,702	12,606	0,000	9,000	0,000	1,445
45,368	17,090	16,786	12,702	12,629	0,000	9,000	0,000	1,092
45,109	17,078	16,760	12,685	12,579	0,000	9,000	0,000	1,603
45,391	17,092	16,818	12,706	12,632	0,000	9,000	0,000	1,107
46,508	17,095	16,810	12,712	12,638	0,000	9,000	0,000	1,121
46,591	17,094	16,808	12,718	12,623	0,000	9,000	0,000	1,437
46,358	17,084	16,801	12,706	12,642	0,000	9,000	0,000	0,956
46,386	17,116	16,805	12,729	12,654	0,000	9,000	0,000	1,128
45,440	17,093	16,803	12,705	12,629	0,000	9,000	0,000	1,150
45,392	17,088	16,788	12,695	12,631	0,000	9,000	0,000	0,963
45,328	17,066	16,788	12,686	12,623	0,000	9,000	0,000	0,949
45,711	17,088	16,785	12,693	12,631	0,000	9,000	0,000	0,942
46,234	17,073	16,797	12,685	12,619	0,000	9,000	0,000	0,985
46,367	17,096	16,798	12,684	12,626	0,000	9,000	0,000	0,877
46,659	17,109	16,818	12,696	12,653	0,000	9,000	0,000	0,640
46,666	17,082	16,810	12,703	12,651	0,000	9,000	0,000	0,783
45,929	17,079	16,792	12,672	12,636	0,000	9,000	0,000	0,539
45,662	17,085	16,797	12,711	12,674	0,000	9,000	0,000	0,568
46,593	17,083	16,805	12,714	12,643	0,000	9,000	0,000	1,064
46,947	17,056	16,799	12,676	12,631	0,000	9,000	0,000	0,676
46,612	17,046	16,793	12,679	12,615	0,000	9,000	0,000	0,970
46,004	17,096	16,829	12,704	12,629	0,000	9,000	0,000	1,136
45,890	17,057	16,793	12,700	12,642	0,000	9,000	0,000	0,884
46,043	17,076	16,822	12,684	12,650	0,000	9,000	0,000	0,503
46,392	17,073	16,794	12,700	12,653	0,000	9,000	0,000	0,719
46,190	17,072	16,795	12,689	12,647	0,000	9,000	0,000	0,632
45,967	17,074	16,817	12,702	12,638	0,000	9,000	0,000	0,970
45,850	17,090	16,824	12,686	12,654	0,000	9,000	0,000	0,474
46,387	17,090	16,821	12,712	12,663	0,000	9,000	0,000	0,733
46,246	17,069	16,816	12,677	12,647	0,000	9,000	0,000	0,446
46,202	17,053	16,808	12,673	12,634	0,000	9,000	0,000	0,582
46,685	17,067	16,826	12,677	12,640	0,000	9,000	0,000	0,561
46,998	17,082	16,817	12,723	12,678	0,000	9,000	0,000	0,676
46,714	17,055	16,805	12,670	12,651	0,000	9,000	0,000	0,287
46,584	17,072	16,829	12,731	12,690	0,000	9,000	0,000	0,625
47,039	17,054	16,825	12,698	12,647	0,000	9,000	0,000	0,762
47,544	17,077	16,806	12,696	12,644	0,000	9,000	0,000	0,776
47,836	17,074	16,839	12,700	12,652	0,000	9,000	0,000	0,719
47,025	17,065	16,812	12,694	12,670	0,000	9,000	0,000	0,352
47,673	17,032	16,826	12,691	12,654	0,000	9,000	0,000	0,553
47,985	17,053	16,812	12,680	12,655	0,000	9,000	0,000	0,381
46,747	17,040	16,821	12,707	12,666	0,000	9,000	0,000	0,618
46,661	17,054	16,809	12,715	12,661	0,000	9,000	0,000	0,819
46,397	17,043	16,835	12,714	12,669	0,000	9,000	0,000	0,676
46,472	17,010	16,790	12,671	12,635	0,000	9,000	0,000	0,546
47,586	17,062	16,850	12,728	12,680	0,000	9,000	0,000	0,726
48,058	17,064	16,830	12,719	12,667	0,000	9,000	0,000	0,783
47,964	17,062	16,828	12,711	12,660	0,000	9,000	0,000	0,762
47,661	17,034	16,818	12,714	12,671	0,000	10,000	0,000	0,727
47,935	17,020	16,806	12,691	12,650	0,000	9,000	0,000	0,618
47,305	17,055	16,836	12,713	12,650	0,000	9,000	0,000	0,949
47,421	17,035	16,822	12,717	12,649	0,000	9,000	0,000	1,013
47,555	17,016	16,803	12,715	12,657	0,000	9,000	0,000	0,870
47,594	17,049	16,832	12,710	12,668	0,000	9,000	0,000	0,632
47,024	17,078	16,854	12,738	12,665	0,000	9,000	0,000	1,092
47,615	17,044	16,828	12,718	12,668	0,000	9,000	0,000	0,755
47,275	17,026	16,841	12,722	12,669	0,000	9,000	0,000	0,798
47,913	17,020	16,814	12,717	12,680	0,000	9,000	0,000	0,553
47,599	17,026	16,851	12,710	12,679	0,000	9,000	0,000	0,467
47,536	17,045	16,852	12,735	12,682	0,000	9,000	0,000	0,798
46,945	17,030	16,867	12,722	12,688	0,000	9,000	0,000	0,510
47,360	17,038	16,831	12,706	12,673	0,000	9,000	0,000	0,496
47,389	17,041	16,841	12,714	12,680	0,000	9,000	0,000	0,517
47,699	17,040	16,820	12,716	12,683	0,000	9,000	0,000	0,489
48,349	17,006	16,825	12,719	12,654	0,000	9,000	0,000	0,992
48,281	17,067	16,877	12,756	12,700	0,000	9,000	0,000	0,848
47,666	17,052	16,868	12,750	12,708	0,000	9,000	0,000	0,647
47,255	17,063	16,873	12,761	12,711	0,000	9,000	0,000	0,747
48,525	17,057	16,881	12,764	12,719	0,000	9,000	0,000	0,676
48,245	17,012	16,829	12,703	12,667	0,000	9,000	0,000	0,546
47,244	17,040	16,829	12,723	12,681	0,000	9,000	0,000	0,632
47,566	17,039	16,857	12,721	12,695	0,000	9,000	0,000	0,388
48,000	17,066	16,880	12,755	12,690	0,000	9,000	0,000	0,985
48,003	17,038	16,855	12,731	12,682	0,000	9,000	0,000	0,733
48,016	17,026	16,853	12,747	12,708	0,000	9,000	0,000	0,596
47,589	17,045	16,857	12,745	12,692	0,000	9,000	0,000	0,812
47,474	17,069	16,866	12,746	12,699	0,000	9,000	0,000	0,711
47,505	17,025	16,822	12,715	12,654	0,000	9,000	0,000	0,927
47,784	17,038	16,866	12,739	12,715	0,000	9,000	0,000	0,367
48,295	17,031	16,877	12,755	12,696	0,000	9,000	0,000	0,898
48,553	17,054	16,861	12,742	12,697	0,000	9,000	0,000	0,683
48,665	17,021	16,877	12,725	12,697	0,000	9,000	0,000	0,417
48,934	17,043	16,873	12,762	12,700	0,000	9,000	0,000	0,927
48,752	17,013	16,850	12,735	12,671	0,000	9,000	0,000	0,970
49,638	17,056	16,863	12,765	12,718	0,000	9,000	0,000	0,704
48,709	17,023	16,861	12,717	12,701	0,000	9,000	0,000	0,244
49,150	17,046	16,864	12,764	12,686	0,000	9,000	0,000	1,171
49,039	17,030	16,885	12,757	12,680	0,000	9,000	0,000	1,157
48,675	17,078	16,881	12,769	12,726	0,000	9,000	0,000	0,654
48,516	17,018	16,864	12,758	12,699	0,000	9,000	0,000	0,884
48,926	17,018	16,861	12,749	12,680	0,000	9,000	0,000	1,035
48,608	17,032	16,874	12,767	12,725	0,000	9,000	0,000	0,640
48,943	17,037	16,886	12,744	12,712	0,000	9,000	0,000	0,489
49,070	17,070	16,900	12,798	12,720	0,000	9,000	0,000	1,171
48,555	17,045	16,884	12,786	12,734	0,000	10,000	0,000	0,878
48,584	17,048	16,891	12,782	12,715	0,000	9,000	0,000	1,006
49,425	17,014	16,875	12,753	12,690	0,000	9,000	0,000	0,949
49,218	16,999	16,892	12,748	12,711	0,000	9,000	0,000	0,561
49,242	17,018	16,883	12,761	12,717	0,000	9,000	0,000	0,661
49,272	17,041	16,917	12,770	12,734	0,000	9,000	0,000	0,553
49,254	17,020	16,901	12,761	12,719	0,000	9,000	0,000	0,625
49,806	17,005	16,871	12,731	12,692	0,000	9,000	0,000	0,589
50,170	17,035	16,887	12,761	12,693	0,000	9,000	0,000	1,028
50,525	17,028	16,921	12,782	12,703	0,000	9,000	0,000	1,186
49,665	17,035	16,927	12,776	12,723	0,000	9,000	0,000	0,798
50,062	17,037	16,915	12,772	12,712	0,000	9,000	0,000	0,898
49,452	17,042	16,932	12,786	12,715	0,000	9,000	0,000	1,071
49,014	17,042	16,927	12,787	12,734	0,000	9,000	0,000	0,805
49,043	17,027	16,911	12,785	12,703	0,000	9,000	0,000	1,222
50,408	17,029	16,907	12,779	12,709	0,000	9,000	0,000	1,049
49,988	17,037	16,941	12,779	12,729	0,000	9,000	0,000	0,747
50,245	17,004	16,903	12,759	12,704	0,000	9,000	0,000	0,826
48,877	16,985	16,946	12,775	12,701	0,000	9,000	0,000	1,114
48,936	17,003	16,940	12,778	12,710	0,000	9,000	0,000	1,028
49,378	17,038	16,938	12,801	12,713	0,000	9,000	0,000	1,322
50,739	17,011	16,927	12,792	12,725	0,000	9,000	0,000	1,013
49,881	17,013	16,956	12,776	12,737	0,000	9,000	0,000	0,589
49,851	17,030	16,949	12,784	12,732	0,000	9,000	0,000	0,791
49,505	17,019	16,925	12,815	12,733	0,000	9,000	0,000	1,229
49,092	17,021	16,939	12,786	12,717	0,000	9,000	0,000	1,035
50,182	17,005	16,894	12,775	12,711	0,000	9,000	0,000	0,956
50,269	17,030	16,931	12,795	12,723	0,000	9,000	0,000	1,078
50,098	17,029	16,899	12,773	12,697	0,000	9,000	0,000	1,143
49,649	16,997	16,865	12,792	12,705	0,000	9,000	0,000	1,308
50,574	17,015	16,892	12,777	12,717	0,000	9,000	0,000	0,906
50,883	17,024	16,895	12,804	12,744	0,000	9,000	0,000	0,906
50,356	17,000	16,887	12,779	12,715	0,000	9,000	0,000	0,970
50,131	17,011	16,902	12,810	12,755	0,000	10,000	0,000	0,910
49,593	16,983	16,872	12,775	12,721	0,000	9,000	0,000	0,812
49,470	17,020	16,950	12,809	12,747	0,000	9,000	0,000	0,934
49,269	17,022	16,895	12,827	12,753	0,000	9,000	0,000	1,121
49,429	17,045	16,919	12,823	12,763	0,000	9,000	0,000	0,905
49,422	17,033	16,910	12,802	12,741	0,000	9,000	0,000	0,913
49,365	17,006	16,912	12,775	12,740	0,000	9,000	0,000	0,539
49,335	16,956	16,871	12,767	12,699	0,000	9,000	0,000	1,035
49,450	16,992	16,893	12,805	12,748	0,000	9,000	0,000	0,862
49,525	17,003	16,885	12,781	12,713	0,000	9,000	0,000	1,035
49,474	17,008	16,915	12,795	12,738	0,000	9,000	0,000	0,855
49,689	17,013	16,956	12,823	12,739	0,000	9,000	0,000	1,258
50,593	17,023	16,942	12,811	12,743	0,000	9,000	0,000	1,028
51,219	17,005	16,935	12,804	12,768	0,000	9,000	0,000	0,546
50,627	16,991	16,906	12,771	12,713	0,000	9,000	0,000	0,870
51,073	17,008	16,934	12,810	12,730	0,000	9,000	0,000	1,215
51,256	17,015	16,975	12,846	12,754	0,000	9,000	0,000	1,394
51,553	16,993	16,958	12,796	12,735	0,000	9,000	0,000	0,906
51,166	17,005	16,932	12,789	12,726	0,000	9,000	0,000	0,949
50,519	17,017	16,990	12,851	12,759	0,000	9,000	0,000	1,387
50,503	16,993	16,953	12,815	12,775	0,000	9,000	0,000	0,596
51,002	17,002	16,941	12,837	12,745	0,000	9,000	0,000	1,380
50,830	16,981	16,946	12,823	12,747	0,000	9,000	0,000	1,143
51,154	17,016	16,965	12,829	12,748	0,000	9,000	0,000	1,215
50,361	16,989	16,963	12,817	12,750	0,000	9,000	0,000	1,020
51,384	16,983	16,916	12,800	12,748	0,000	9,000	0,000	0,783
50,808	16,985	16,926	12,813	12,735	0,000	9,000	0,000	1,171
51,467	16,991	16,963	12,817	12,761	0,000	9,000	0,000	0,834
50,595	17,009	16,945	12,823	12,766	0,000	9,000	0,000	0,848
51,165	17,003	16,967	12,846	12,754	0,000	9,000	0,000	1,380
50,903	17,000	16,934	12,805	12,750	0,000	9,000	0,000	0,834
51,032	17,002	16,930	12,823	12,745	0,000	10,000	0,000	1,294
50,856	16,990	16,961	12,832	12,756	0,000	9,000	0,000	1,135
51,134	16,973	16,933	12,825	12,741	0,000	9,000	0,000	1,272
51,175	17,004	16,951	12,842	12,783	0,000	9,000	0,000	0,891
50,901	16,967	16,958	12,828	12,745	0,000	9,000	0,000	1,243
52,487	16,993	16,951	12,813	12,780	0,000	9,000	0,000	0,503
51,697	16,981	16,966	12,840	12,768	0,000	9,000	0,000	1,078
51,658	16,982	16,940	12,834	12,763	0,000	9,000	0,000	1,071
52,397	16,983	16,935	12,806	12,757	0,000	9,000	0,000	0,740
51,808	16,969	16,942	12,838	12,733	0,000	9,000	0,000	1,581
51,511	16,991	16,945	12,819	12,762	0,000	9,000	0,000	0,855
51,398	16,997	16,946	12,840	12,764	0,000	9,000	0,000	1,150
50,964	16,984	16,961	12,839	12,784	0,000	9,000	0,000	0,834
51,526	16,961	16,924	12,816	12,766	0,000	9,000	0,000	0,762
52,071	16,976	16,925	12,822	12,765	0,000	9,000	0,000	0,855
51,801	16,986	16,960	12,834	12,777	0,000	9,000	0,000	0,870
51,912	17,014	16,970	12,839	12,793	0,000	9,000	0,000	0,690
52,045	16,974	16,948	12,800	12,759	0,000	9,000	0,000	0,611
51,386	16,947	16,929	12,836	12,787	0,000	9,000	0,000	0,733
51,139	17,002	16,963	12,883	12,790	0,000	9,000	0,000	1,401
51,090	16,975	16,972	12,856	12,789	0,000	9,000	0,000	1,020
51,579	16,951	16,921	12,827	12,757	0,000	9,000	0,000	1,042
51,799	16,950	16,945	12,833	12,774	0,000	9,000	0,000	0,891
51,802	16,971	16,937	12,836	12,781	0,000	9,000	0,000	0,834
52,091	16,956	16,954	12,820	12,767	0,000	9,000	0,000	0,798
51,542	16,979	16,953	12,868	12,774	0,000	9,000	0,000	1,430
51,682	16,966	16,948	12,848	12,764	0,000	9,000	0,000	1,272
51,819	16,981	16,968	12,859	12,792	0,000	9,000	0,000	1,013
52,366	16,962	16,979	12,857	12,802	0,000	9,000	0,000	0,819
52,518	16,987	16,970	12,887	12,794	0,000	9,000	0,000	1,401
52,629	16,985	16,952	12,860	12,788	0,000	10,000	0,000	1,206
52,343	16,952	16,922	12,826	12,757	0,000	9,000	0,000	1,042
52,288	16,971	16,974	12,849	12,786	0,000	9,000	0,000	0,956
52,345	16,987	16,948	12,871	12,811	0,000	9,000	0,000	0,905
52,214	16,960	16,962	12,869	12,810	0,000	9,000	0,000	0,891
52,258	16,942	16,935	12,838	12,762	0,000	9,000	0,000	1,150
51,731	16,964	16,948	12,871	12,791	0,000	9,000	0,000	1,193
51,563	16,957	16,961	12,860	12,803	0,000	9,000	0,000	0,855
52,636	16,976	16,961	12,868	12,790	0,000	9,000	0,000	1,171
53,025	16,973	16,960	12,877	12,804	0,000	9,000	0,000	1,099
52,713	16,925	16,957	12,839	12,783	0,000	9,000	0,000	0,841
52,878	16,939	16,962	12,866	12,791	0,000	9,000	0,000	1,128
52,330	16,949	16,965	12,857	12,786	0,000	9,000	0,000	1,071
52,106	16,968	16,983	12,875	12,808	0,000	9,000	0,000	1,013
52,569	16,959	16,961	12,866	12,791	0,000	9,000	0,000	1,128
52,952	16,970	16,975	12,865	12,802	0,000	9,000	0,000	0,941
52,736	16,960	16,952	12,850	12,804	0,000	9,000	0,000	0,704
52,897	16,950	16,973	12,879	12,794	0,000	9,000	0,000	1,279
53,266	16,998	17,018	12,899	12,821	0,000	9,000	0,000	1,164
52,811	16,959	16,962	12,850	12,802	0,000	9,000	0,000	0,726
52,260	16,958	16,982	12,882	12,781	0,000	9,000	0,000	1,516
53,147	16,945	16,983	12,872	12,790	0,000	9,000	0,000	1,229
52,414	16,930	16,956	12,858	12,794	0,000	9,000	0,000	0,963
52,426	16,938	16,993	12,867	12,811	0,000	9,000	0,000	0,834
52,313	16,970	16,988	12,875	12,824	0,000	9,000	0,000	0,783
53,601	16,912	16,945	12,814	12,760	0,000	9,000	0,000	0,819
52,829	16,947	16,983	12,878	12,801	0,000	10,000	0,000	1,302
52,934	16,936	16,934	12,852	12,772	0,000	9,000	0,000	1,207
53,846	16,928	16,976	12,877	12,788	0,000	9,000	0,000	1,337
52,800	16,916	16,963	12,858	12,789	0,000	9,000	0,000	1,028
53,079	16,946	16,982	12,876	12,798	0,000	9,000	0,000	1,171
53,088	16,950	16,979	12,867	12,785	0,000	9,000	0,000	1,236
53,432	16,963	17,000	12,879	12,803	0,000	9,000	0,000	1,150
52,590	17,018	16,999	12,897	12,832	0,000	9,000	0,000	0,970
53,837	16,934	16,980	12,888	12,816	0,000	9,000	0,000	1,078
53,275	16,985	17,002	12,870	12,815	0,000	9,000	0,000	0,826
53,752	16,959	16,979	12,891	12,823	0,000	9,000	0,000	1,020
54,017	16,941	16,983	12,865	12,813	0,000	9,000	0,000	0,783
52,820	16,940	16,974	12,892	12,821	0,000	9,000	0,000	1,071
52,483	16,934	16,966	12,870	12,786	0,000	9,000	0,000	1,265
52,489	16,935	16,975	12,864	12,828	0,000	9,000	0,000	0,539
52,565	16,934	16,961	12,884	12,765	0,000	9,000	0,000	1,782
53,760	16,950	16,979	12,900	12,817	0,000	9,000	0,000	1,250
54,072	16,911	16,972	12,870	12,773	0,000	9,000	0,000	1,459
54,294	16,927	16,986	12,878	12,808	0,000	9,000	0,000	1,056
53,551	16,937	16,970	12,879	12,817	0,000	9,000	0,000	0,941
53,103	16,951	16,977	12,902	12,821	0,000	9,000	0,000	1,222
53,258	16,962	16,988	12,888	12,836	0,000	9,000	0,000	0,783
53,067	16,932	16,955	12,855	12,798	0,000	9,000	0,000	0,862
53,981	16,954	16,994	12,907	12,834	0,000	9,000	0,000	1,092
54,486	16,936	16,958	12,876	12,788	0,000	9,000	0,000	1,329
54,467	16,941	16,998	12,891	12,813	0,000	9,000	0,000	1,179
54,308	16,926	16,966	12,869	12,811	0,000	9,000	0,000	0,877
53,965	16,921	16,970	12,874	12,797	0,000	9,000	0,000	1,171
54,219	16,956	16,989	12,901	12,833	0,000	9,000	0,000	1,028
53,912	16,938	16,986	12,896	12,844	0,000	9,000	0,000	0,783
54,039	16,944	16,971	12,888	12,804	0,000	9,000	0,000	1,265
53,910	16,955	16,991	12,920	12,818	0,000	9,000	0,000	1,538
54,737	16,959	17,002	12,889	12,802	0,000	9,000	0,000	1,322
53,925	16,944	16,983	12,897	12,814	0,000	9,000	0,000	1,250
54,412	16,921	17,000	12,883	12,820	0,000	10,000	0,000	1,054
54,470	16,952	16,991	12,908	12,808	0,000	9,000	0,000	1,502
54,314	16,976	17,017	12,911	12,830	0,000	9,000	0,000	1,214
54,382	16,915	16,955	12,872	12,799	0,000	9,000	0,000	1,099
54,714	16,939	16,992	12,896	12,814	0,000	9,000	0,000	1,236
53,807	16,916	16,971	12,877	12,797	0,000	9,000	0,000	1,200
54,001	16,937	16,978	12,872	12,812	0,000	9,000	0,000	0,891
54,082	16,946	17,000	12,915	12,837	0,000	9,000	0,000	1,179
54,344	16,911	16,988	12,882	12,807	0,000	9,000	0,000	1,121
53,768	16,965	17,008	12,905	12,808	0,000	9,000	0,000	1,459
54,304	16,918	16,971	12,884	12,799	0,000	9,000	0,000	1,286
54,500	16,927	16,987	12,898	12,805	0,000	9,000	0,000	1,408
54,061	16,929	16,993	12,892	12,811	0,000	9,000	0,000	1,222
54,539	16,923	16,978	12,896	12,812	0,000	9,000	0,000	1,258
54,712	16,954	16,998	12,904	12,816	0,000	9,000	0,000	1,315
54,617	16,933	16,970	12,897	12,812	0,000	9,000	0,000	1,279
55,007	16,906	16,962	12,878	12,777	0,000	9,000	0,000	1,516
53,560	16,965	17,022	12,919	12,858	0,000	9,000	0,000	0,927
53,603	16,940	17,000	12,922	12,845	0,000	9,000	0,000	1,157
54,585	16,952	17,002	12,916	12,823	0,000	9,000	0,000	1,401
54,779	16,920	16,983	12,872	12,801	0,000	9,000	0,000	1,071
54,422	16,938	16,987	12,906	12,830	0,000	9,000	0,000	1,143
55,076	16,926	16,980	12,895	12,809	0,000	10,000	0,000	1,437
54,930	16,958	17,023	12,912	12,824	0,000	9,000	0,000	1,322
54,799	16,920	16,996	12,880	12,805	0,000	9,000	0,000	1,135
55,486	16,927	17,000	12,888	12,814	0,000	9,000	0,000	1,121
54,858	16,913	16,960	12,874	12,784	0,000	9,000	0,000	1,351
54,104	16,931	16,984	12,908	12,809	0,000	9,000	0,000	1,488
54,741	16,912	17,021	12,900	12,789	0,000	9,000	0,000	1,660
55,320	16,898	17,010	12,911	12,805	0,000	9,000	0,000	1,595
55,352	16,946	17,023	12,915	12,816	0,000	9,000	0,000	1,488
54,992	16,927	16,993	12,916	12,790	0,000	9,000	0,000	1,890
54,589	16,929	17,006	12,901	12,809	0,000	9,000	0,000	1,394
54,942	16,959	17,014	12,903	12,823	0,000	9,000	0,000	1,214
55,369	16,929	16,991	12,894	12,818	0,000	9,000	0,000	1,157
55,059	16,931	17,012	12,910	12,819	0,000	9,000	0,000	1,373
55,316	16,920	16,999	12,876	12,789	0,000	9,000	0,000	1,308
55,719	16,921	16,972	12,903	12,818	0,000	9,000	0,000	1,272
54,464	16,948	17,013	12,902	12,817	0,000	9,000	0,000	1,279
54,247	16,904	16,981	12,867	12,781	0,000	9,000	0,000	1,286
55,346	16,945	16,994	12,920	12,817	0,000	9,000	0,000	1,552
54,445	16,928	16,999	12,908	12,829	0,000	9,000	0,000	1,193
54,800	16,913	16,975	12,880	12,798	0,000	10,000	0,000	1,373
55,663	16,919	17,000	12,896	12,805	0,000	9,000	0,000	1,380
56,116	16,907	16,999	12,900	12,815	0,000	9,000	0,000	1,279
55,541	16,927	16,988	12,921	12,818	0,000	9,000	0,000	1,545
55,627	16,917	17,012	12,918	12,821	0,000	9,000	0,000	1,459
55,945	16,927	17,001	12,882	12,816	0,000	9,000	0,000	0,999
55,632	16,908	17,000	12,873	12,788	0,000	9,000	0,000	1,294
55,368	16,909	17,001	12,895	12,823	0,000	9,000	0,000	1,078
56,338	16,936	17,032	12,929	12,825	0,000	9,000	0,000	1,574
56,041	16,913	16,999	12,906	12,806	0,000	9,000	0,000	1,502
56,480	16,894	16,984	12,855	12,793	0,000	9,000	0,000	0,927
55,641	16,913	16,995	12,903	12,796	0,000	9,000	0,000	1,617
55,623	16,914	16,998	12,866	12,810	0,000	9,000	0,000	0,841
55,980	16,931	17,029	12,906	12,803	0,000	9,000	0,000	1,559
55,900	16,915	17,008	12,870	12,805	0,000	9,000	0,000	0,970
55,539	16,900	17,009	12,886	12,802	0,000	9,000	0,000	1,265
55,737	16,938	17,042	12,942	12,825	0,000	9,000	0,000	1,768
56,581	16,913	17,024	12,918	12,788	0,000	9,000	0,000	1,955
56,053	16,909	17,004	12,890	12,783	0,000	9,000	0,000	1,617
56,488	16,939	17,056	12,923	12,829	0,000	9,000	0,000	1,408
56,338	16,886	17,027	12,893	12,818	0,000	9,000	0,000	1,135
55,949	16,911	17,049	12,878	12,828	0,000	9,000	0,000	0,755
56,146	16,911	17,055	12,910	12,822	0,000	9,000	0,000	1,329
56,014	16,931	17,044	12,923	12,846	0,000	9,000	0,000	1,164
55,561	16,931	17,057	12,912	12,831	0,000	9,000	0,000	1,229
56,172	16,931	17,004	12,885	12,820	0,000	9,000	0,000	0,970
56,313	16,918	17,032	12,890	12,804	0,000	9,000	0,000	1,294
56,718	16,905	17,033	12,897	12,832	0,000	10,000	0,000	1,102
56,671	16,904	16,984	12,904	12,809	0,000	9,000	0,000	1,437
56,438	16,932	17,020	12,930	12,827	0,000	9,000	0,000	1,559
55,713	16,883	16,965	12,860	12,785	0,000	9,000	0,000	1,128
55,300	16,895	16,991	12,876	12,813	0,000	9,000	0,000	0,949
55,036	16,891	16,994	12,894	12,817	0,000	9,000	0,000	1,171
55,438	16,886	16,999	12,865	12,792	0,000	9,000	0,000	1,107
55,701	16,914	16,978	12,901	12,814	0,000	9,000	0,000	1,315
55,741	16,921	17,005	12,909	12,822	0,000	9,000	0,000	1,322
55,976	16,926	16,988	12,929	12,830	0,000	9,000	0,000	1,502
56,525	16,902	16,983	12,888	12,806	0,000	9,000	0,000	1,229
55,755	16,910	16,994	12,883	12,818	0,000	9,000	0,000	0,985
56,352	16,903	16,982	12,888	12,796	0,000	9,000	0,000	1,387
56,292	16,924	17,010	12,915	12,827	0,000	9,000	0,000	1,322
56,151	16,895	16,987	12,906	12,815	0,000	9,000	0,000	1,373
55,960	16,911	16,999	12,889	12,811	0,000	9,000	0,000	1,164
56,590	16,923	17,002	12,916	12,845	0,000	9,000	0,000	1,071
56,593	16,913	17,025	12,930	12,831	0,000	9,000	0,000	1,488
56,635	16,904	17,005	12,909	12,845	0,000	9,000	0,000	0,963
56,742	16,897	17,008	12,911	12,854	0,000	9,000	0,000	0,870
56,989	16,909	17,034	12,915	12,857	0,000	9,000	0,000	0,877
57,517	16,899	17,021	12,906	12,842	0,000	9,000	0,000	0,956
57,173	16,896	17,049	12,903	12,840	0,000	9,000	0,000	0,949
57,403	16,889	17,025	12,872	12,825	0,000	9,000	0,000	0,704
57,172	16,934	17,052	12,943	12,868	0,000	10,000	0,000	1,254
56,701	16,907	16,998	12,908	12,810	0,000	9,000	0,000	1,473
56,813	16,873	17,005	12,902	12,786	0,000	9,000	0,000	1,746
56,502	16,898	17,028	12,906	12,813	0,000	9,000	0,000	1,408
56,991	16,903	17,040	12,907	12,842	0,000	9,000	0,000	0,977
57,897	16,888	17,047	12,905	12,812	0,000	9,000	0,000	1,408
56,960	16,879	17,050	12,899	12,828	0,000	9,000	0,000	1,071
57,419	16,882	17,056	12,923	12,827	0,000	9,000	0,000	1,437
58,152	16,869	17,046	12,919	12,816	0,000	9,000	0,000	1,545
57,289	16,897	17,069	12,927	12,841	0,000	9,000	0,000	1,293
56,553	16,912	17,058	12,930	12,841	0,000	9,000	0,000	1,337
56,466	16,870	17,057	12,904	12,810	0,000	9,000	0,000	1,416
56,034	16,900	17,093	12,932	12,838	0,000	9,000	0,000	1,408
56,205	16,911	17,087	12,918	12,871	0,000	9,000	0,000	0,704
57,168	16,898	17,106	12,924	12,839	0,000	9,000	0,000	1,279
57,477	16,896	17,104	12,915	12,859	0,000	9,000	0,000	0,848
56,874	16,901	17,070	12,923	12,843	0,000	9,000	0,000	1,207
57,626	16,865	16,831	12,912	12,810	0,000	9,000	0,000	1,531
57,093	16,882	16,748	12,907	12,867	0,000	9,000	0,000	0,604
56,841	16,878	16,737	12,916	12,840	0,000	10,000	0,000	1,286
57,496	16,891	16,739	12,927	12,852	0,000	9,000	0,000	1,128
56,651	16,883	16,746	12,939	12,870	0,000	9,000	0,000	1,028
56,482	16,889	16,728	12,913	12,857	0,000	9,000	0,000	0,841
56,596	16,885	16,750	12,936	12,870	0,000	9,000	0,000	0,999
56,680	16,869	16,732	12,932	12,842	0,000	9,000	0,000	1,344
56,758	16,874	16,764	12,942	12,868	0,000	9,000	0,000	1,121
57,217	16,891	16,753	12,940	12,883	0,000	9,000	0,000	0,848
57,199	16,888	16,768	12,923	12,884	0,000	9,000	0,000	0,589
57,246	16,846	16,759	12,894	12,836	0,000	9,000	0,000	0,877
57,667	16,900	16,794	12,947	12,889	0,000	9,000	0,000	0,869
57,938	16,889	16,785	12,937	12,885	0,000	9,000	0,000	0,783
57,029	16,888	16,789	12,943	12,881	0,000	9,000	0,000	0,934
57,464	16,889	16,793	12,923	12,880	0,000	9,000	0,000	0,647
58,135	16,904	16,828	12,964	12,909	0,000	9,000	0,000	0,834
58,549	16,891	16,850	12,985	12,889	0,000	9,000	0,000	1,452
58,259	16,853	16,789	12,928	12,857	0,000	9,000	0,000	1,064
58,544	16,877	16,842	12,943	12,878	0,000	9,000	0,000	0,984
58,203	16,902	16,841	12,985	12,910	0,000	9,000	0,000	1,121
57,933	16,893	16,837	12,979	12,914	0,000	9,000	0,000	0,970
57,825	16,875	16,833	12,952	12,899	0,000	9,000	0,000	0,790
58,210	16,874	16,823	12,949	12,888	0,000	9,000	0,000	0,920
58,413	16,879	16,828	12,969	12,895	0,000	10,000	0,000	1,230
58,418	16,868	16,846	12,956	12,899	0,000	9,000	0,000	0,869
58,522	16,851	16,812	12,951	12,896	0,000	9,000	0,000	0,819
57,936	16,884	16,853	12,989	12,921	0,000	9,000	0,000	1,035
58,269	16,898	16,854	13,000	12,921	0,000	9,000	0,000	1,193
57,566	16,883	16,854	12,965	12,921	0,000	9,000	0,000	0,654
58,395	16,876	16,867	12,984	12,917	0,000	9,000	0,000	0,999
58,546	16,857	16,881	12,977	12,897	0,000	9,000	0,000	1,200
58,372	16,861	16,855	12,973	12,892	0,000	9,000	0,000	1,229
58,308	16,889	16,879	12,989	12,926	0,000	9,000	0,000	0,956
58,722	16,863	16,856	12,947	12,914	0,000	9,000	0,000	0,496
59,258	16,879	16,881	12,977	12,921	0,000	9,000	0,000	0,841
59,314	16,883	16,891	13,019	12,909	0,000	9,000	0,000	1,646
58,612	16,889	16,894	13,006	12,933	0,000	9,000	0,000	1,092
58,573	16,871	16,934	12,995	12,925	0,000	9,000	0,000	1,063
58,184	16,866	16,917	12,988	12,931	0,000	9,000	0,000	0,855
59,050	16,874	16,928	12,979	12,960	0,000	9,000	0,000	0,287
59,294	16,858	16,889	13,000	12,916	0,000	9,000	0,000	1,265
59,264	16,882	16,913	13,009	12,915	0,000	10,000	0,000	1,573
58,862	16,860	16,911	12,992	12,931	0,000	9,000	0,000	0,920
59,016	16,867	16,917	13,018	12,948	0,000	9,000	0,000	1,063
59,522	16,852	16,913	12,988	12,949	0,000	9,000	0,000	0,596
59,159	16,874	16,923	13,019	12,957	0,000	9,000	0,000	0,934
59,029	16,873	16,941	13,025	12,953	0,000	9,000	0,000	1,078
58,633	16,840	16,913	13,001	12,947	0,000	9,000	0,000	0,812
58,838	16,838	16,893	12,984	12,941	0,000	9,000	0,000	0,647
58,869	16,844	16,918	13,027	12,935	0,000	9,000	0,000	1,394
59,380	16,876	16,945	13,032	12,960	0,000	9,000	0,000	1,092
59,136	16,868	16,899	13,021	12,973	0,000	9,000	0,000	0,719
59,318	16,890	16,937	13,048	12,980	0,000	9,000	0,000	1,020
59,301	16,830	16,885	13,010	12,941	0,000	9,000	0,000	1,049
58,800	16,834	16,906	13,040	12,971	0,000	9,000	0,000	1,042
58,507	16,868	16,938	13,044	12,967	0,000	9,000	0,000	1,157
58,645	16,855	16,918	13,045	12,978	0,000	9,000	0,000	0,999
58,675	16,866	16,943	13,061	12,964	0,000	10,000	0,000	1,621
58,863	16,831	16,915	13,031	12,944	0,000	9,000	0,000	1,315
58,814	16,829	16,939	13,034	12,982	0,000	9,000	0,000	0,776
58,690	16,846	16,936	13,042	12,988	0,000	9,000	0,000	0,805
58,489	16,851	16,939	13,049	12,999	0,000	9,000	0,000	0,762
59,159	16,870	16,938	13,041	12,992	0,000	9,000	0,000	0,747
58,716	16,871	16,958	13,084	13,005	0,000	9,000	0,000	1,200
58,724	16,871	16,982	13,094	13,011	0,000	9,000	0,000	1,243
59,281	16,853	16,957	13,071	13,032	0,000	9,000	0,000	0,582
59,429	16,841	16,941	13,051	12,990	0,000	9,000	0,000	0,913
59,758	16,823	16,954	13,043	12,995	0,000	9,000	0,000	0,719
59,809	16,863	16,957	13,075	13,015	0,000	9,000	0,000	0,905
60,197	16,840	16,969	13,043	12,999	0,000	9,000	0,000	0,668
59,612	16,837	16,977	13,057	13,026	0,000	9,000	0,000	0,467
59,120	16,844	16,973	13,064	13,003	0,000	9,000	0,000	0,920
59,471	16,873	16,983	13,088	13,060	0,000	9,000	0,000	0,417
59,876	16,850	16,958	13,078	13,014	0,000	9,000	0,000	0,963
60,129	16,824	16,947	13,063	12,978	0,000	9,000	0,000	1,286
60,170	16,861	16,992	13,110	13,025	0,000	9,000	0,000	1,286
59,685	16,875	16,997	13,101	13,053	0,000	10,000	0,000	0,798
59,057	16,833	16,969	13,076	13,024	0,000	9,000	0,000	0,783
59,446	16,849	16,944	13,089	13,044	0,000	9,000	0,000	0,668
59,528	16,838	16,958	13,091	13,036	0,000	9,000	0,000	0,833
59,408	16,832	16,963	13,123	13,039	0,000	9,000	0,000	1,272
59,539	16,851	16,978	13,106	13,068	0,000	9,000	0,000	0,575
59,534	16,849	16,956	13,088	13,057	0,000	9,000	0,000	0,467
60,085	16,819	16,942	13,083	13,025	0,000	9,000	0,000	0,877
59,771	16,876	17,002	13,134	13,063	0,000	9,000	0,000	1,063
59,848	16,833	16,974	13,123	13,072	0,000	9,000	0,000	0,769
59,219	16,842	16,985	13,127	13,049	0,000	9,000	0,000	1,178
59,854	16,802	16,951	13,131	13,026	0,000	9,000	0,000	1,574
59,802	16,882	17,025	13,166	13,104	0,000	9,000	0,000	0,941
59,860	16,816	16,976	13,079	13,024	0,000	9,000	0,000	0,826
59,759	16,848	17,012	13,111	13,077	0,000	9,000	0,000	0,517
60,187	16,827	16,974	13,116	13,047	0,000	9,000	0,000	1,035
59,802	16,838	17,006	13,129	13,074	0,000	9,000	0,000	0,826
59,491	16,842	17,026	13,139	13,068	0,000	10,000	0,000	1,190
59,201	16,883	17,054	13,182	13,109	0,000	9,000	0,000	1,106
59,947	16,816	17,005	13,137	13,068	0,000	9,000	0,000	1,042
60,710	16,845	17,010	13,151	13,089	0,000	9,000	0,000	0,941
60,382	16,820	17,026	13,140	13,080	0,000	9,000	0,000	0,905
60,187	16,792	17,020	13,136	13,067	0,000	9,000	0,000	1,035
59,712	16,811	17,032	13,170	13,070	0,000	9,000	0,000	1,494
59,985	16,821	16,998	13,134	13,093	0,000	9,000	0,000	0,618
59,472	16,842	17,063	13,160	13,080	0,000	9,000	0,000	1,207
59,510	16,864	17,076	13,202	13,119	0,000	9,000	0,000	1,257
60,153	16,823	17,033	13,134	13,072	0,000	9,000	0,000	0,934
60,418	16,840	17,062	13,145	13,101	0,000	9,000	0,000	0,668
60,430	16,839	17,066	13,178	13,122	0,000	9,000	0,000	0,841
59,757	16,811	17,077	13,168	13,101	0,000	9,000	0,000	1,013
59,844	16,837	17,065	13,182	13,133	0,000	9,000	0,000	0,740
59,774	16,851	17,083	13,186	13,122	0,000	9,000	0,000	0,977
