54,992	19,223	18,474	13,382	13,368	0,000	0,000	0,000	0,000
54,945	19,239	18,505	13,385	13,385	0,000	9,000	0,000	0,007
55,056	19,256	18,492	13,389	13,376	1,000	9,000	1,278	0,208
55,184	23,329	17,625	13,397	13,355	4,000	9,000	38,191	0,639
55,178	23,427	15,190	13,404	13,356	4,000	9,000	55,150	0,726
55,005	23,797	14,117	13,377	13,387	6,000	9,000	97,226	0,158
54,963	25,255	14,232	13,412	13,418	6,000	9,000	110,721	0,086
54,837	25,936	14,125	13,398	13,595	8,000	9,000	158,174	2,967
54,755	26,660	14,438	13,397	14,091	8,000	9,000	163,674	10,450
54,719	26,911	15,010	13,395	14,626	8,000	9,000	159,390	18,541
54,874	27,063	15,905	13,385	15,397	9,000	9,000	168,115	30,317
54,941	27,444	17,018	13,400	16,392	9,000	9,000	157,086	45,069
54,865	27,622	18,094	13,415	17,078	9,000	9,000	143,547	55,174
54,741	27,946	19,070	13,385	17,863	8,000	9,000	118,871	67,467
54,721	28,137	19,481	13,402	18,284	9,000	9,000	130,417	73,559
54,700	28,302	20,010	13,362	18,543	9,000	9,000	124,929	78,056
54,723	28,655	20,235	13,415	19,017	9,000	9,000	126,861	84,393
54,637	28,914	20,641	13,399	19,203	9,000	9,000	124,644	87,449
54,663	29,330	20,938	13,387	19,258	9,000	9,000	126,425	88,451
54,588	29,928	21,039	13,373	19,513	9,000	9,000	133,918	92,493
54,568	30,523	21,265	13,376	19,659	9,000	9,000	139,484	94,652
54,461	31,255	21,459	13,389	19,856	9,000	8,000	147,576	86,607
54,480	31,791	21,636	13,398	20,047	9,000	9,000	152,984	100,177
54,530	32,138	21,671	13,374	20,136	9,000	9,000	157,702	101,873
54,425	32,744	22,261	13,410	20,445	9,000	9,000	157,927	105,993
54,363	33,116	22,399	13,400	20,615	9,000	9,000	161,460	108,702
54,320	33,498	22,493	13,396	20,815	9,000	9,000	165,802	111,767
54,349	34,337	23,019	13,415	21,176	9,000	9,000	170,519	116,930
54,299	34,887	23,302	13,429	21,379	9,000	9,000	174,543	119,763
54,211	35,522	23,615	13,386	21,514	9,000	9,000	179,383	122,452
54,022	36,187	23,878	13,413	21,875	9,000	9,000	185,454	127,489
53,882	36,625	24,089	13,392	22,062	9,000	9,000	188,867	130,616
53,164	37,569	24,492	13,391	22,404	9,000	9,000	197,028	135,796
52,510	38,097	24,776	13,383	22,608	9,000	9,000	200,695	138,986
52,216	38,605	25,001	13,414	22,832	9,000	9,000	204,968	141,892
51,765	39,314	25,292	13,403	23,049	9,000	9,000	211,256	145,330
51,636	39,668	25,701	13,395	23,373	9,000	9,000	210,439	150,328
51,318	40,227	26,139	13,417	23,775	9,000	9,000	212,241	156,062
51,109	40,693	26,291	13,404	24,008	9,000	9,000	216,989	159,746
51,084	40,997	26,557	13,384	24,282	9,000	9,000	217,560	164,201
51,118	41,531	27,185	13,416	24,614	9,000	9,000	216,138	168,718
50,981	41,908	27,512	13,438	24,870	9,000	9,000	216,887	172,231
50,778	42,115	27,607	13,381	24,937	10,000	9,000	242,864	174,111
50,694	42,562	28,003	13,430	25,275	9,000	9,000	219,339	178,459
50,673	42,817	28,293	13,427	25,522	9,000	9,000	218,826	182,216
50,417	43,160	28,402	13,426	25,774	9,000	9,000	222,347	186,036
50,438	43,299	28,580	13,443	25,975	9,000	9,000	221,751	188,807
50,563	43,502	29,005	13,395	26,090	9,000	9,000	218,413	191,267
50,587	43,771	29,168	13,421	26,303	9,000	9,000	220,011	194,078
50,574	43,931	29,472	13,421	26,529	9,000	9,000	217,831	197,475
50,594	44,064	29,622	13,404	26,605	9,000	9,000	217,585	198,885
50,542	44,250	29,789	13,431	26,724	9,000	9,000	217,875	200,266
50,547	44,422	29,834	13,440	26,907	9,000	9,000	219,775	202,894
50,414	44,525	30,064	13,430	27,067	10,000	9,000	242,070	205,453
50,421	44,624	30,259	13,446	27,060	9,000	9,000	216,413	205,116
50,298	44,712	30,263	13,438	27,203	9,000	9,000	217,685	207,390
49,963	44,908	30,413	13,383	27,351	9,000	9,000	218,376	210,447
49,926	45,066	30,542	13,446	27,415	9,000	9,000	218,812	210,457
49,882	45,091	30,674	13,447	27,518	9,000	9,000	217,207	211,990
49,860	45,227	30,783	13,396	27,637	9,000	9,000	217,606	214,563
49,810	45,268	30,764	13,446	27,631	9,000	9,000	218,504	213,709
49,660	45,374	30,988	13,444	27,707	9,000	9,000	216,742	214,895
49,678	45,442	31,000	13,449	27,784	10,000	9,000	241,761	215,973
49,609	45,558	31,095	13,457	27,886	9,000	9,000	217,909	217,377
49,327	45,606	31,195	13,421	27,888	9,000	9,000	217,115	217,951
49,109	45,653	31,149	13,449	27,953	9,000	9,000	218,514	218,521
49,176	45,689	31,282	13,446	27,961	9,000	9,000	217,056	218,685
49,241	45,752	31,343	13,426	28,033	9,000	9,000	217,079	220,058
49,230	45,840	31,336	13,452	28,097	9,000	10,000	218,520	245,166
48,838	45,898	31,534	13,443	28,144	9,000	9,000	216,401	221,481
48,999	45,926	31,601	13,450	28,191	9,000	9,000	215,829	222,083
48,775	45,954	31,520	13,437	28,229	9,000	9,000	217,458	222,859
48,658	45,971	31,659	13,448	28,271	9,000	9,000	215,623	223,318
48,759	45,983	31,689	13,448	28,375	9,000	9,000	215,352	224,893
48,822	46,046	31,685	13,458	28,341	10,000	9,000	240,406	224,232
48,778	46,094	31,728	13,476	28,407	9,000	9,000	216,434	224,952
48,816	46,051	31,809	13,475	28,411	9,000	9,000	214,568	225,016
48,855	46,066	31,812	13,442	28,406	9,000	9,000	214,756	225,433
48,834	46,110	31,889	13,456	28,453	9,000	9,000	214,246	225,956
48,783	46,122	31,934	13,454	28,472	9,000	9,000	213,763	226,261
48,588	46,140	31,810	13,456	28,491	9,000	9,000	215,895	226,516
48,544	46,174	31,916	13,448	28,494	10,000	9,000	238,674	226,688
48,503	46,202	31,935	13,485	28,540	9,000	9,000	214,943	226,823
48,464	46,178	31,961	13,468	28,491	9,000	9,000	214,198	226,337
48,430	46,179	32,029	13,474	28,543	9,000	9,000	213,186	227,031
48,341	46,199	31,999	13,430	28,478	9,000	9,000	213,939	226,713
48,176	46,201	32,051	13,440	28,603	9,000	9,000	213,175	228,449
48,011	46,254	32,105	13,451	28,564	9,000	9,000	213,179	227,687
47,933	46,271	32,060	13,476	28,550	9,000	9,000	214,102	227,115
47,934	46,281	32,080	13,471	28,594	9,000	9,000	213,952	227,847
47,942	46,289	32,088	13,487	28,649	10,000	9,000	237,723	228,433
47,916	46,242	32,068	13,463	28,605	9,000	9,000	213,556	228,139
47,879	46,235	32,132	13,479	28,675	9,000	9,000	212,469	228,945
47,910	46,240	32,183	13,475	28,610	9,000	9,000	211,775	228,023
47,837	46,196	32,121	13,459	28,650	9,000	9,000	212,045	228,878
47,809	46,199	32,187	13,470	28,663	9,000	9,000	211,097	228,890
47,829	46,176	32,126	13,436	28,637	9,000	9,000	211,674	229,017
47,816	46,204	32,141	13,466	28,648	10,000	9,000	235,423	228,735
47,775	46,210	32,186	13,499	28,660	9,000	9,000	211,293	228,416
47,762	46,187	32,172	13,467	28,703	9,000	9,000	211,149	229,550
47,763	46,206	32,196	13,486	28,658	9,000	9,000	211,082	228,575
47,768	46,124	32,147	13,481	28,699	9,000	9,000	210,574	229,271
47,836	46,098	32,140	13,462	28,643	9,000	9,000	210,296	228,721
47,900	46,143	32,208	13,485	28,669	9,000	9,000	209,948	228,759
47,755	46,113	32,168	13,505	28,722	9,000	9,000	210,088	229,259
47,596	46,122	32,219	13,475	28,674	9,000	9,000	209,457	228,995
47,528	46,077	32,150	13,465	28,682	10,000	9,000	233,132	229,260
47,530	46,091	32,174	13,497	28,645	9,000	9,000	209,675	228,211
47,542	46,072	32,168	13,469	28,614	9,000	9,000	209,488	228,174
47,567	46,059	32,124	13,469	28,612	9,000	9,000	209,943	228,138
47,569	46,015	32,172	13,484	28,591	9,000	9,000	208,551	227,596
47,547	45,993	32,154	13,458	28,587	9,000	9,000	208,506	227,942
47,590	45,977	32,159	13,498	28,652	9,000	9,000	208,169	228,317
47,586	45,924	32,101	13,486	28,563	9,000	9,000	208,257	227,156
47,601	45,891	32,168	13,496	28,623	9,000	9,000	206,757	227,899
47,619	45,864	32,176	13,499	28,598	9,000	9,000	206,225	227,494
47,609	45,833	32,141	13,483	28,564	10,000	9,000	229,215	227,213
47,650	45,797	32,115	13,495	28,551	9,000	9,000	206,145	226,842
47,577	45,812	32,118	13,490	28,564	9,000	9,000	206,312	227,099
47,396	45,779	32,043	13,461	28,499	9,000	9,000	206,940	226,551
47,217	45,816	32,142	13,480	28,548	9,000	9,000	206,021	227,015
47,127	45,793	32,110	13,475	28,530	9,000	9,000	206,146	226,818
47,096	45,816	32,074	13,477	28,523	9,000	9,000	207,032	226,690
47,097	45,745	32,049	13,487	28,561	9,000	9,000	206,345	227,106
47,080	45,735	32,111	13,490	28,575	9,000	9,000	205,265	227,269
47,050	45,688	32,068	13,483	28,517	9,000	9,000	205,196	226,497
46,966	45,677	32,045	13,475	28,518	9,000	8,000	205,382	201,445
46,965	45,666	32,094	13,490	28,551	10,000	9,000	227,191	226,914
46,956	45,631	32,041	13,500	28,600	9,000	9,000	204,754	227,494
46,938	45,605	32,068	13,475	28,608	9,000	9,000	203,953	228,002
46,962	45,600	32,059	13,510	28,537	9,000	9,000	204,010	226,400
46,975	45,518	32,050	13,502	28,492	9,000	9,000	202,908	225,848
46,906	45,495	32,044	13,454	28,490	9,000	9,000	202,658	226,538
46,916	45,497	32,079	13,511	28,514	9,000	9,000	202,148	226,031
46,910	45,486	32,081	13,489	28,472	9,000	9,000	201,959	225,737
46,868	45,466	32,080	13,484	28,501	9,000	8,000	201,673	201,116
46,906	45,478	32,088	13,490	28,527	9,000	9,000	201,735	226,552
46,898	45,451	32,007	13,472	28,451	9,000	9,000	202,538	225,669
46,893	45,436	31,982	13,519	28,532	9,000	9,000	202,703	226,192
46,846	45,409	31,956	13,499	28,494	9,000	9,000	202,680	225,919
46,820	45,353	32,050	13,498	28,504	9,000	9,000	200,421	226,076
46,727	45,335	31,934	13,496	28,454	10,000	9,000	224,335	225,359
46,639	45,343	31,973	13,515	28,480	9,000	9,000	201,440	225,477
46,581	45,317	32,049	13,523	28,484	9,000	8,000	199,904	200,366
46,481	45,286	31,991	13,501	28,460	9,000	9,000	200,305	225,366
46,469	45,257	31,942	13,474	28,397	9,000	9,000	200,607	224,832
46,415	45,214	31,987	13,487	28,437	9,000	9,000	199,279	225,241
46,362	45,182	31,942	13,472	28,427	9,000	9,000	199,475	225,314
46,396	45,205	31,922	13,508	28,451	9,000	9,000	200,122	225,144
46,368	45,129	31,997	13,506	28,449	9,000	9,000	197,844	225,123
46,341	45,060	31,924	13,464	28,376	9,000	8,000	197,913	199,707
46,257	45,057	31,851	13,483	28,394	10,000	9,000	221,067	224,638
46,174	45,032	31,806	13,502	28,382	9,000	9,000	199,268	224,174
46,169	45,034	31,926	13,493	28,403	9,000	9,000	197,486	224,636
46,200	44,979	31,864	13,490	28,367	9,000	9,000	197,588	224,133
46,133	44,964	31,822	13,500	28,311	9,000	9,000	197,994	223,145
45,880	44,912	31,830	13,505	28,382	9,000	8,000	197,098	199,221
45,724	44,920	31,855	13,514	28,344	9,000	9,000	196,834	223,434
45,765	44,867	31,823	13,470	28,329	9,000	9,000	196,512	223,867
45,796	44,881	31,858	13,527	28,264	9,000	9,000	196,205	222,026
45,740	44,822	31,800	13,509	28,262	10,000	9,000	217,986	222,271
45,777	44,800	31,853	13,493	28,284	9,000	9,000	195,066	222,849
45,772	44,820	31,826	13,488	28,247	9,000	8,000	195,756	197,647
45,812	44,806	31,782	13,538	28,278	9,000	9,000	196,218	222,067
45,844	44,774	31,777	13,518	28,234	9,000	9,000	195,814	221,716
45,801	44,709	31,764	13,501	28,200	9,000	9,000	195,033	221,442
45,834	44,718	31,700	13,532	28,220	9,000	9,000	196,127	221,280
45,874	44,669	31,779	13,530	28,199	9,000	9,000	194,205	220,997
45,802	44,622	31,774	13,524	28,207	9,000	8,000	193,563	196,645
45,827	44,627	31,781	13,557	28,227	9,000	9,000	193,541	221,013
45,795	44,619	31,686	13,515	28,203	10,000	9,000	216,493	221,284
45,793	44,535	31,731	13,493	28,140	9,000	9,000	192,906	220,677
45,601	44,570	31,726	13,497	28,186	9,000	9,000	193,494	221,308
45,483	44,543	31,659	13,539	28,199	9,000	9,000	194,114	220,875
45,472	44,525	31,682	13,536	28,138	9,000	8,000	193,488	195,551
45,486	44,472	31,718	13,533	28,112	9,000	9,000	192,146	219,641
45,465	44,418	31,611	13,536	28,068	9,000	9,000	192,947	218,931
45,440	44,417	31,683	13,547	28,120	9,000	9,000	191,837	219,553
45,446	44,378	31,571	13,525	28,130	9,000	9,000	192,961	220,040
45,315	44,379	31,685	13,536	28,133	9,000	9,000	191,243	219,917
45,297	44,345	31,651	13,559	28,111	9,000	9,000	191,248	219,232
45,322	44,269	31,570	13,551	28,077	9,000	9,000	191,332	218,850
45,297	44,253	31,570	13,543	27,989	9,000	8,000	191,080	193,462
45,322	44,209	31,579	13,548	28,046	9,000	9,000	190,282	218,432
45,341	44,187	31,519	13,539	28,010	10,000	9,000	212,065	218,022
45,317	44,177	31,498	13,558	28,006	9,000	9,000	191,023	217,685
45,261	44,127	31,489	13,542	27,953	9,000	9,000	190,402	217,113
45,193	44,106	31,482	13,576	27,976	9,000	9,000	190,186	216,944
45,007	44,100	31,481	13,535	27,983	9,000	8,000	190,116	193,483
45,015	44,100	31,504	13,578	27,980	9,000	9,000	189,770	216,986
45,143	44,064	31,519	13,553	27,946	9,000	9,000	188,991	216,834
45,246	44,034	31,390	13,539	27,964	9,000	9,000	190,495	217,327
45,123	43,990	31,383	13,575	27,846	9,000	9,000	189,937	214,999
44,966	43,969	31,371	13,537	27,889	9,000	9,000	189,813	216,227
44,923	43,962	31,397	13,573	27,840	9,000	9,000	189,298	214,950
44,959	43,907	31,380	13,570	27,855	9,000	8,000	188,727	191,307
44,953	43,888	31,285	13,538	27,831	9,000	9,000	189,877	215,347
44,899	43,880	31,433	13,586	27,891	10,000	9,000	208,366	215,522
44,935	43,821	31,366	13,565	27,847	9,000	9,000	187,645	215,164
44,873	43,759	31,409	13,558	27,831	9,000	9,000	186,057	215,045
44,799	43,787	31,289	13,629	27,889	9,000	8,000	188,288	190,982
44,738	43,737	31,300	13,581	27,796	9,000	9,000	187,384	214,160
44,751	43,703	31,291	13,601	27,858	9,000	9,000	187,000	214,796
44,760	43,684	31,218	13,590	27,789	9,000	9,000	187,803	213,918
44,744	43,682	31,354	13,597	27,801	9,000	9,000	185,730	213,994
44,750	43,630	31,242	13,581	27,756	9,000	8,000	186,630	189,828
44,731	43,582	31,198	13,572	27,784	9,000	9,000	186,575	214,112
44,728	43,560	31,225	13,591	27,764	9,000	9,000	185,836	213,527
44,708	43,510	31,208	13,575	27,739	9,000	9,000	185,335	213,395
44,679	43,475	31,228	13,588	27,752	9,000	9,000	184,527	213,385
44,663	43,442	31,211	13,627	27,735	9,000	9,000	184,278	212,555
44,617	43,418	31,185	13,620	27,705	9,000	9,000	184,303	212,202
44,627	43,372	31,164	13,607	27,679	9,000	8,000	183,921	188,455
44,560	43,372	31,158	13,632	27,635	10,000	9,000	204,475	210,971
44,589	43,366	31,188	13,616	27,649	9,000	9,000	183,477	211,421
44,522	43,304	31,170	13,595	27,616	9,000	9,000	182,807	211,240
44,471	43,274	31,002	13,602	27,597	9,000	9,000	184,893	210,856
44,390	43,208	31,025	13,602	27,584	9,000	9,000	183,559	210,657
44,364	43,213	31,065	13,607	27,593	9,000	9,000	183,014	210,713
44,268	43,211	30,959	13,613	27,579	9,000	8,000	184,585	187,034
44,153	43,207	30,995	13,622	27,582	9,000	9,000	183,984	210,320
43,949	43,118	30,933	13,603	27,480	9,000	9,000	183,574	209,073
43,865	43,115	30,914	13,593	27,498	9,000	9,000	183,823	209,494
43,890	43,096	30,937	13,591	27,469	9,000	9,000	183,182	209,075
43,845	43,069	30,936	13,607	27,511	9,000	9,000	182,797	209,478
43,835	43,080	31,006	13,611	27,517	9,000	8,000	181,910	186,240
43,759	43,048	31,060	13,649	27,499	9,000	9,000	180,606	208,654
43,784	42,986	30,958	13,596	27,531	9,000	9,000	181,211	209,934
43,765	42,959	30,959	13,629	27,484	9,000	9,000	180,791	208,735
43,808	42,923	30,877	13,622	27,461	10,000	9,000	201,648	208,502
43,844	42,907	30,898	13,620	27,426	9,000	9,000	180,927	208,013
43,769	42,863	30,908	13,599	27,444	9,000	8,000	180,120	185,402
43,744	42,880	30,832	13,659	27,425	9,000	9,000	181,526	207,388
43,663	42,842	30,790	13,641	27,397	9,000	9,000	181,575	207,256
43,681	42,815	30,849	13,625	27,417	9,000	9,000	180,277	207,777
43,647	42,760	30,902	13,642	27,356	9,000	9,000	178,665	206,610
43,589	42,727	30,807	13,622	27,378	9,000	9,000	179,576	207,260
43,533	42,709	30,772	13,631	27,362	9,000	9,000	179,848	206,875
43,633	42,708	30,807	13,656	27,359	9,000	8,000	179,296	183,506
43,623	42,641	30,695	13,630	27,300	9,000	9,000	179,973	205,966
43,607	42,579	30,655	13,630	27,334	9,000	9,000	179,636	206,456
43,610	42,609	30,810	13,670	27,357	9,000	9,000	177,769	206,208
43,525	42,537	30,655	13,646	27,305	9,000	9,000	179,013	205,786
43,469	42,515	30,684	13,640	27,320	10,000	9,000	198,057	206,099
43,444	42,484	30,642	13,651	27,285	9,000	9,000	178,419	205,415
43,207	42,445	30,596	13,624	27,231	9,000	8,000	178,525	182,223
43,221	42,449	30,558	13,652	27,256	9,000	9,000	179,140	204,961
43,158	42,414	30,547	13,638	27,191	9,000	9,000	178,792	204,182
43,170	42,404	30,554	13,664	27,210	9,000	9,000	178,525	204,078
43,201	42,377	30,508	13,668	27,249	9,000	9,000	178,812	204,610
43,258	42,346	30,561	13,626	27,127	9,000	9,000	177,543	203,410
43,301	42,317	30,545	13,656	27,121	9,000	8,000	177,349	180,324
43,265	42,304	30,524	13,646	27,175	9,000	9,000	177,479	203,840
43,317	42,251	30,521	13,626	27,146	9,000	9,000	176,730	203,694
43,327	42,275	30,528	13,662	27,142	9,000	9,000	176,981	203,084
43,260	42,235	30,484	13,644	27,102	9,000	9,000	177,030	202,767
43,152	42,225	30,474	13,648	27,052	9,000	9,000	177,038	201,950
43,026	42,250	30,416	13,682	27,084	9,000	9,000	178,288	201,916
43,032	42,176	30,344	13,650	27,085	9,000	8,000	178,257	179,921
43,053	42,173	30,501	13,670	27,061	9,000	9,000	175,857	201,740
43,013	42,087	30,406	13,646	27,022	9,000	9,000	175,984	201,524
42,936	42,095	30,414	13,648	27,068	9,000	9,000	175,997	202,177
42,925	42,035	30,399	13,632	27,040	9,000	9,000	175,313	202,009
42,945	42,039	30,336	13,629	27,057	9,000	9,000	176,318	202,315
42,885	42,013	30,376	13,657	27,017	9,000	9,000	175,331	201,273
42,888	41,991	30,335	13,655	27,055	10,000	9,000	195,131	201,870
42,763	41,955	30,359	13,678	27,022	9,000	8,000	174,703	178,705
42,817	41,941	30,296	13,665	27,014	9,000	9,000	175,456	201,123
42,828	41,904	30,250	13,649	26,969	9,000	9,000	175,582	200,678
42,760	41,876	30,248	13,648	26,978	9,000	9,000	175,197	200,827
42,761	41,825	30,187	13,636	26,921	9,000	9,000	175,340	200,140
42,799	41,834	30,295	13,648	26,984	9,000	9,000	173,844	200,927
42,795	41,798	30,192	13,647	26,918	9,000	8,000	174,855	177,718
42,763	41,813	30,216	13,650	26,941	9,000	9,000	174,719	200,245
42,795	41,724	30,210	13,624	26,856	9,000	9,000	173,472	199,354
42,816	41,685	30,234	13,647	26,864	9,000	9,000	172,515	199,137
42,701	41,644	30,155	13,632	26,866	9,000	9,000	173,095	199,381
42,607	41,638	30,213	13,667	26,898	9,000	9,000	172,140	199,340
42,595	41,605	30,209	13,656	26,859	9,000	9,000	171,685	198,922
42,576	41,646	30,220	13,686	26,888	9,000	9,000	172,146	198,896
42,554	41,606	30,134	13,677	26,900	9,000	8,000	172,839	177,082
42,512	41,567	30,119	13,631	26,805	9,000	9,000	172,477	198,479
42,296	41,538	30,117	13,675	26,842	9,000	9,000	172,078	198,379
42,161	41,517	30,048	13,670	26,819	9,000	9,000	172,790	198,110
42,123	41,454	30,091	13,656	26,797	9,000	9,000	171,192	197,992
42,132	41,447	30,056	13,702	26,787	10,000	9,000	190,686	197,138
42,115	41,381	30,021	13,649	26,756	9,000	9,000	171,140	197,474
42,099	41,353	29,995	13,650	26,703	9,000	8,000	171,130	174,812
42,098	41,339	29,977	13,641	26,738	9,000	9,000	171,189	197,312
42,106	41,343	30,040	13,638	26,730	9,000	9,000	170,295	197,241
42,065	41,353	30,032	13,649	26,705	9,000	9,000	170,570	196,714
42,091	41,309	29,927	13,641	26,712	9,000	9,000	171,484	196,921
42,138	41,290	29,931	13,654	26,670	9,000	9,000	171,140	196,102
42,132	41,255	29,988	13,629	26,645	9,000	9,000	169,743	196,099
42,167	41,231	29,916	13,634	26,657	9,000	8,000	170,476	174,398
42,134	41,156	29,973	13,636	26,673	9,000	9,000	168,483	196,417
42,117	41,108	30,005	13,655	26,686	9,000	9,000	167,272	196,322
42,149	41,096	29,876	13,646	26,621	9,000	9,000	169,038	195,485
42,113	41,103	29,819	13,631	26,620	9,000	9,000	170,007	195,700
42,072	41,075	29,799	13,632	26,588	9,000	9,000	169,891	195,196
42,068	41,029	29,810	13,639	26,605	9,000	8,000	169,027	173,639
42,033	40,981	29,815	13,652	26,553	9,000	9,000	168,234	194,354
42,004	40,990	29,785	13,648	26,537	9,000	9,000	168,806	194,184
41,945	40,937	29,762	13,644	26,535	9,000	9,000	168,368	194,206
41,984	40,937	29,744	13,648	26,545	9,000	9,000	168,637	194,312
41,891	40,906	29,760	13,654	26,486	9,000	9,000	167,927	193,323
41,797	40,886	29,685	13,639	26,491	9,000	9,000	168,759	193,631
41,746	40,881	29,660	13,635	26,458	9,000	8,000	169,057	171,732
41,727	40,882	29,677	13,643	26,486	10,000	9,000	187,566	193,495
41,560	40,911	29,621	13,648	26,453	9,000	9,000	170,101	192,919
41,603	40,875	29,704	13,640	26,442	9,000	9,000	168,300	192,878
41,596	40,817	29,631	13,630	26,444	9,000	9,000	168,529	193,057
41,619	40,783	29,571	13,626	26,452	9,000	9,000	168,931	193,242
41,456	40,783	29,593	13,626	26,418	9,000	9,000	168,584	192,724
41,340	40,728	29,578	13,633	26,437	9,000	8,000	167,983	171,467
41,363	40,736	29,617	13,654	26,419	9,000	9,000	167,514	192,314
41,335	40,698	29,655	13,644	26,371	9,000	9,000	166,372	191,740
41,314	40,687	29,655	13,633	26,374	9,000	9,000	166,210	191,948
41,278	40,641	29,507	13,621	26,334	9,000	9,000	167,748	191,530
41,253	40,583	29,501	13,613	26,343	9,000	9,000	166,963	191,787
41,372	40,585	29,471	13,648	26,344	9,000	9,000	167,445	191,277
41,267	40,580	29,561	13,660	26,354	9,000	8,000	166,000	170,004
41,270	40,558	29,470	13,637	26,324	9,000	9,000	167,052	191,130
41,168	40,514	29,419	13,603	26,255	9,000	9,000	167,165	190,609
41,122	40,484	29,481	13,624	26,284	9,000	9,000	165,774	190,734
41,139	40,458	29,474	13,639	26,278	9,000	9,000	165,480	190,418
41,203	40,458	29,435	13,644	26,290	9,000	9,000	166,075	190,531
41,203	40,412	29,409	13,610	26,241	9,000	8,000	165,778	169,157
41,116	40,406	29,376	13,618	26,282	9,000	9,000	166,176	190,791
41,102	40,389	29,353	13,622	26,270	9,000	9,000	166,263	190,556
41,005	40,363	29,353	13,623	26,194	9,000	9,000	165,877	189,390
40,989	40,342	29,376	13,624	26,173	9,000	9,000	165,214	189,063
40,953	40,307	29,325	13,625	26,233	9,000	9,000	165,461	189,959
40,972	40,266	29,310	13,646	26,200	9,000	8,000	165,056	168,123
41,020	40,217	29,269	13,622	26,160	9,000	9,000	164,950	188,886
40,903	40,177	29,281	13,612	26,153	9,000	9,000	164,169	188,937
40,751	40,132	29,278	13,586	26,166	9,000	9,000	163,517	189,531
40,727	40,131	29,309	13,622	26,134	9,000	9,000	163,042	188,502
40,754	40,126	29,228	13,625	26,130	9,000	9,000	164,191	188,402
40,644	40,093	29,233	13,604	26,099	9,000	9,000	163,629	188,256
40,732	40,102	29,231	13,616	26,103	9,000	8,000	163,777	167,223
40,639	40,112	29,219	13,650	26,071	9,000	9,000	164,123	187,140
40,588	40,090	29,211	13,634	26,043	9,000	9,000	163,913	186,950
40,683	40,013	29,177	13,605	26,027	10,000	9,000	181,383	187,146
40,766	39,974	29,158	13,609	26,037	9,000	9,000	162,960	187,231
40,576	39,950	29,131	13,623	26,051	9,000	9,000	162,999	187,243
40,527	39,964	29,167	13,630	26,023	9,000	8,000	162,670	165,963
40,465	39,958	29,155	13,610	26,035	9,000	9,000	162,749	187,195
40,502	39,901	29,077	13,607	25,962	9,000	9,000	163,063	186,136
40,489	39,913	29,092	13,616	25,997	9,000	9,000	163,026	186,533
40,557	39,896	29,076	13,606	25,958	9,000	9,000	163,007	186,094
40,609	39,813	28,999	13,620	25,964	9,000	9,000	162,934	185,978
40,611	39,804	28,988	13,596	25,955	9,000	9,000	162,957	186,195
40,591	39,759	29,081	13,614	25,932	9,000	8,000	160,879	164,961
40,593	39,738	28,988	13,625	25,950	9,000	9,000	161,953	185,700
40,628	39,719	29,057	13,602	25,955	9,000	9,000	160,637	186,109
40,657	39,702	29,036	13,596	25,891	9,000	9,000	160,704	185,235
40,639	39,675	28,982	13,621	25,873	9,000	9,000	161,098	184,591
40,536	39,631	28,970	13,607	25,899	9,000	9,000	160,622	185,183
40,373	39,609	28,912	13,644	25,846	9,000	9,000	161,164	183,841
40,316	39,582	28,972	13,609	25,807	9,000	8,000	159,849	163,356
40,350	39,521	28,877	13,619	25,840	9,000	9,000	160,362	184,122
40,372	39,530	28,880	13,628	25,863	9,000	9,000	160,453	184,334
40,331	39,483	28,910	13,613	25,797	9,000	9,000	159,290	183,561
40,291	39,448	28,881	13,599	25,803	9,000	9,000	159,203	183,862
40,305	39,460	28,851	13,610	25,813	9,000	9,000	159,832	183,846
40,291	39,418	28,819	13,623	25,769	9,000	8,000	159,689	162,658
40,232	39,369	28,791	13,630	25,763	9,000	9,000	159,370	182,783
40,276	39,331	28,815	13,594	25,753	9,000	9,000	158,433	183,187
40,245	39,313	28,700	13,590	25,692	9,000	9,000	159,890	182,327
40,202	39,285	28,767	13,595	25,704	9,000	9,000	158,468	182,440
40,228	39,300	28,775	13,609	25,747	9,000	9,000	158,579	182,865
40,185	39,305	28,698	13,607	25,641	9,000	8,000	159,806	161,169
40,150	39,304	28,751	13,614	25,656	9,000	9,000	159,004	181,428
40,087	39,266	28,753	13,608	25,641	9,000	9,000	158,386	181,293
40,031	39,228	28,731	13,615	25,668	9,000	9,000	158,143	181,591
40,001	39,218	28,738	13,606	25,686	10,000	9,000	175,441	182,005
39,950	39,183	28,704	13,650	25,706	9,000	9,000	157,880	181,635
39,878	39,168	28,702	13,635	25,676	9,000	8,000	157,677	161,253
39,805	39,163	28,732	13,631	25,657	9,000	9,000	157,160	181,190
39,793	39,120	28,697	13,632	25,592	9,000	9,000	157,046	180,194
39,818	39,061	28,617	13,622	25,604	9,000	9,000	157,345	180,523
39,846	39,080	28,659	13,629	25,582	9,000	9,000	157,009	180,088
39,829	39,038	28,605	13,645	25,587	9,000	9,000	157,192	179,915
39,766	39,015	28,545	13,621	25,555	9,000	9,000	157,742	179,805
39,687	38,984	28,544	13,637	25,579	9,000	8,000	157,279	159,932
39,658	38,963	28,617	13,623	25,569	9,000	9,000	155,870	179,982
39,669	38,946	28,584	13,641	25,531	9,000	9,000	156,114	179,133
39,637	38,909	28,573	13,630	25,493	9,000	9,000	155,722	178,736
39,643	38,865	28,555	13,641	25,538	9,000	9,000	155,331	179,233
39,630	38,842	28,542	13,646	25,546	9,000	9,000	155,178	179,289
39,557	38,793	28,516	13,652	25,548	9,000	8,000	154,838	159,310
39,608	38,789	28,494	13,648	25,542	9,000	9,000	155,094	179,196
39,671	38,739	28,448	13,639	25,447	9,000	9,000	155,044	177,903
39,718	38,709	28,450	13,632	25,484	9,000	9,000	154,559	178,573
39,664	38,702	28,421	13,620	25,422	9,000	9,000	154,887	177,799
39,600	38,682	28,394	13,621	25,447	9,000	9,000	155,010	178,169
39,510	38,649	28,398	13,630	25,417	9,000	9,000	154,454	177,591
39,488	38,602	28,352	13,664	25,422	9,000	8,000	154,433	157,469
39,497	38,597	28,422	13,666	25,405	9,000	9,000	153,291	176,867
39,452	38,538	28,350	13,624	25,373	9,000	9,000	153,498	177,016
39,403	38,521	28,305	13,643	25,402	9,000	9,000	153,926	177,162
39,431	38,511	28,374	13,674	25,370	9,000	9,000	152,729	176,212
39,453	38,489	28,331	13,631	25,355	9,000	8,000	153,030	157,011
39,394	38,496	28,356	13,701	25,351	9,000	9,000	152,774	175,518
39,385	38,512	28,246	13,678	25,337	9,000	9,000	154,666	175,663
39,331	38,502	28,273	13,680	25,326	9,000	9,000	154,121	175,464
39,226	38,445	28,182	13,662	25,301	9,000	9,000	154,619	175,353
39,209	38,412	28,247	13,658	25,271	9,000	9,000	153,155	174,962
39,268	38,398	28,295	13,649	25,274	9,000	9,000	152,206	175,141
39,263	38,406	28,224	13,694	25,325	9,000	8,000	153,411	155,757
39,351	38,392	28,265	13,698	25,301	9,000	9,000	152,569	174,821
39,408	38,371	28,203	13,670	25,264	9,000	9,000	153,189	174,683
39,386	38,370	28,178	13,701	25,295	9,000	9,000	153,551	174,664
38,961	38,286	28,208	13,693	25,232	9,000	9,000	151,825	173,840
38,907	38,266	28,179	13,694	25,264	9,000	9,000	151,976	174,324
38,887	38,242	28,150	13,687	25,235	9,000	8,000	152,044	154,651
38,889	38,224	28,178	13,719	25,274	9,000	9,000	151,365	174,092
38,911	38,224	28,121	13,711	25,198	9,000	9,000	152,217	173,069
38,803	38,195	28,154	13,718	25,191	9,000	9,000	151,284	172,861
38,800	38,167	28,174	13,690	25,186	9,000	9,000	150,550	173,193
38,794	38,139	28,169	13,697	25,177	9,000	9,000	150,206	172,957
38,835	38,109	28,115	13,696	25,163	9,000	8,000	150,565	153,562
38,880	38,096	28,105	13,713	25,161	9,000	9,000	150,525	172,478
38,867	38,076	28,036	13,685	25,184	9,000	9,000	151,258	173,236
38,826	38,068	28,059	13,714	25,143	9,000	9,000	150,784	172,179
38,708	38,021	28,083	13,718	25,180	10,000	9,000	166,362	172,691
38,618	37,973	28,050	13,690	25,127	9,000	9,000	149,506	172,317
38,588	37,946	28,020	13,693	25,126	9,000	9,000	149,545	172,260
38,618	37,939	28,030	13,693	25,131	9,000	8,000	149,298	153,177
38,650	37,907	27,913	13,707	25,086	9,000	9,000	150,580	171,440
38,604	37,888	28,014	13,707	25,098	9,000	9,000	148,765	171,618
38,571	37,865	27,968	13,714	25,122	9,000	9,000	149,109	171,880
38,544	37,831	27,952	13,708	25,038	9,000	9,000	148,851	170,700
38,480	37,850	27,952	13,722	25,058	9,000	9,000	149,126	170,783
38,414	37,794	27,949	13,728	25,059	9,000	9,000	148,324	170,711
38,329	37,773	27,937	13,723	25,026	9,000	8,000	148,192	151,364
38,291	37,784	27,888	13,728	25,043	9,000	9,000	149,085	170,469
38,315	37,737	27,881	13,746	25,013	9,000	9,000	148,495	169,762
38,336	37,683	27,867	13,731	25,025	9,000	9,000	147,886	170,163
38,299	37,701	27,827	13,719	25,005	9,000	9,000	148,763	170,036
38,326	37,702	27,803	13,719	24,995	9,000	9,000	149,139	169,880
38,329	37,647	27,777	13,721	24,962	9,000	8,000	148,714	150,542
38,442	37,638	27,864	13,749	24,994	9,000	9,000	147,246	169,420
38,459	37,618	27,795	13,735	24,991	9,000	9,000	147,987	169,593
38,364	37,644	27,832	13,750	24,997	9,000	9,000	147,827	169,441
38,407	37,589	27,765	13,741	24,922	9,000	9,000	148,012	168,446
38,413	37,565	27,748	13,743	24,920	9,000	9,000	147,909	168,382
38,393	37,577	27,824	13,772	24,936	9,000	8,000	146,935	149,505
38,424	37,499	27,812	13,728	24,910	9,000	9,000	145,945	168,455
38,375	37,530	27,762	13,765	24,957	9,000	9,000	147,169	168,621
38,380	37,488	27,682	13,780	24,949	9,000	9,000	147,742	168,270
38,265	37,475	27,712	13,755	24,917	9,000	9,000	147,084	168,167
38,258	37,476	27,730	13,742	24,866	9,000	9,000	146,828	167,599
38,221	37,462	27,687	13,747	24,855	9,000	8,000	147,270	148,767
38,205	37,426	27,717	13,738	24,891	9,000	9,000	146,281	168,034
38,128	37,398	27,664	13,742	24,867	9,000	9,000	146,647	167,599
38,052	37,338	27,657	13,749	24,839	9,000	9,000	145,860	167,078
38,053	37,332	27,715	13,788	24,837	9,000	9,000	144,903	166,454
38,047	37,298	27,647	13,773	24,883	9,000	9,000	145,412	167,381
38,033	37,230	27,579	13,749	24,828	9,000	9,000	145,400	166,908
38,030	37,232	27,586	13,724	24,845	9,000	8,000	145,328	148,941
38,046	37,239	27,641	13,779	24,838	9,000	9,000	144,589	166,619
38,095	37,232	27,659	13,781	24,801	9,000	9,000	144,228	166,035
38,055	37,215	27,552	13,757	24,802	9,000	9,000	145,586	166,394
38,027	37,196	27,597	13,785	24,802	9,000	9,000	144,616	165,977
38,003	37,155	27,669	13,779	24,758	9,000	9,000	142,918	165,416
37,897	37,117	27,559	13,778	24,743	9,000	9,000	144,002	165,210
37,908	37,093	27,555	13,794	24,785	9,000	8,000	143,700	147,186
37,909	37,086	27,526	13,792	24,768	9,000	9,000	144,028	165,357
37,734	37,030	27,441	13,770	24,718	9,000	9,000	144,468	164,940
37,699	37,031	27,517	13,804	24,659	9,000	9,000	143,339	163,540
37,650	37,066	27,481	13,821	24,719	9,000	9,000	144,407	164,186
37,589	37,028	27,394	13,785	24,668	9,000	9,000	145,150	163,963
37,563	36,984	27,426	13,758	24,633	9,000	9,000	143,992	163,845
37,471	36,947	27,449	13,793	24,690	9,000	8,000	143,095	145,927
37,494	36,959	27,409	13,789	24,667	9,000	9,000	143,875	163,884
37,530	36,938	27,367	13,811	24,656	9,000	9,000	144,197	163,383
37,448	36,931	27,411	13,830	24,671	9,000	9,000	143,431	163,330
37,349	36,943	27,413	13,823	24,653	9,000	9,000	143,578	163,168
37,300	36,869	27,361	13,802	24,611	9,000	9,000	143,255	162,836
37,258	36,849	27,361	13,804	24,645	9,000	9,000	142,938	163,327
37,381	36,822	27,370	13,801	24,613	9,000	8,000	142,416	144,800
37,345	36,829	27,366	13,808	24,612	9,000	9,000	142,564	162,764
37,280	36,791	27,404	13,820	24,649	9,000	9,000	141,426	163,147
37,318	36,750	27,305	13,820	24,628	9,000	9,000	142,305	162,833
37,321	36,753	27,369	13,808	24,553	9,000	9,000	141,374	161,881
37,384	36,684	27,289	13,783	24,548	9,000	9,000	141,540	162,190
37,351	36,683	27,348	13,815	24,559	9,000	9,000	140,638	161,873
37,341	36,719	27,407	13,851	24,577	9,000	9,000	140,299	161,591
37,183	36,655	27,205	13,811	24,536	9,000	8,000	142,374	143,628
37,203	36,631	27,251	13,829	24,558	9,000	9,000	141,312	161,650
37,262	36,622	27,237	13,831	24,522	9,000	9,000	141,392	161,073
37,230	36,590	27,243	13,849	24,542	9,000	9,000	140,821	161,100
37,302	36,550	27,229	13,858	24,500	9,000	9,000	140,428	160,322
37,348	36,519	27,245	13,843	24,486	9,000	9,000	139,715	160,338
37,249	36,501	27,192	13,846	24,501	9,000	8,000	140,257	142,687
37,229	36,467	27,129	13,848	24,479	10,000	9,000	156,320	160,167
37,229	36,493	27,178	13,862	24,513	9,000	9,000	140,344	160,457
37,139	36,420	27,226	13,846	24,478	9,000	9,000	138,507	160,181
36,912	36,452	27,211	13,853	24,476	9,000	9,000	139,227	160,045
36,965	36,407	27,147	13,857	24,481	9,000	9,000	139,503	160,059
36,811	36,377	27,164	13,848	24,426	9,000	9,000	138,810	159,369
36,735	36,363	27,135	13,874	24,408	9,000	9,000	139,018	158,711
36,700	36,343	27,102	13,861	24,413	9,000	8,000	139,234	141,325
36,754	36,322	27,030	13,891	24,428	9,000	9,000	139,997	158,752
36,738	36,345	27,131	13,891	24,429	9,000	9,000	138,815	158,766
36,702	36,303	27,073	13,864	24,368	9,000	9,000	139,062	158,242
36,654	36,288	27,087	13,873	24,420	9,000	9,000	138,616	158,903
36,681	36,275	27,056	13,876	24,423	9,000	9,000	138,902	158,903
36,699	36,301	27,021	13,888	24,387	9,000	8,000	139,808	140,606
36,689	36,259	27,067	13,889	24,373	9,000	9,000	138,485	157,947
36,709	36,215	27,057	13,864	24,335	9,000	9,000	137,965	157,751
36,753	36,209	27,084	13,932	24,344	9,000	9,000	137,483	156,867
36,692	36,185	27,087	13,914	24,376	9,000	9,000	137,067	157,616
36,638	36,105	26,994	13,852	24,324	9,000	9,000	137,269	157,781
36,647	36,121	26,982	13,902	24,321	9,000	9,000	137,679	156,970
36,682	36,085	27,009	13,927	24,337	9,000	8,000	136,746	139,418
36,662	36,073	26,982	13,953	24,302	9,000	9,000	136,961	155,910
36,628	36,060	26,990	13,897	24,316	9,000	9,000	136,650	156,963
36,625	36,015	26,930	13,904	24,294	9,000	9,000	136,869	156,542
36,625	36,002	26,963	13,932	24,278	9,000	9,000	136,174	155,877
36,579	35,970	26,887	13,919	24,263	9,000	9,000	136,853	155,843
36,522	35,946	26,891	13,920	24,273	9,000	9,000	136,423	155,985
36,537	35,961	27,010	13,948	24,271	9,000	9,000	134,858	155,526
36,484	35,903	26,943	13,931	24,217	9,000	9,000	135,000	154,972
36,493	35,898	26,950	13,972	24,280	9,000	9,000	134,816	155,295
36,396	35,880	26,907	13,981	24,282	9,000	8,000	135,195	137,950
36,373	35,844	26,865	13,926	24,231	9,000	9,000	135,278	155,251
36,328	35,842	26,931	13,958	24,250	9,000	9,000	134,248	155,061
36,304	35,778	26,863	13,953	24,184	9,000	9,000	134,313	154,143
36,322	35,796	26,847	13,972	24,186	9,000	9,000	134,822	153,892
36,335	35,799	26,872	14,002	24,192	9,000	9,000	134,488	153,518
36,378	35,736	26,880	13,979	24,196	9,000	9,000	133,416	153,919
36,369	35,729	26,847	14,000	24,213	9,000	8,000	133,822	136,777
36,368	35,699	26,789	13,981	24,210	9,000	9,000	134,238	154,119
36,314	35,649	26,748	13,973	24,156	9,000	9,000	134,109	153,414
36,318	35,634	26,725	13,991	24,200	9,000	9,000	134,225	153,811
36,287	35,612	26,768	14,002	24,129	9,000	9,000	133,240	152,563
36,314	35,605	26,703	14,033	24,157	9,000	9,000	134,108	152,531
36,296	35,581	26,756	14,000	24,163	9,000	9,000	132,960	153,119
36,315	35,544	26,719	13,997	24,140	9,000	8,000	132,964	135,834
36,256	35,567	26,701	14,019	24,109	9,000	9,000	133,579	152,013
36,228	35,529	26,676	14,015	24,084	9,000	9,000	133,378	151,700
36,105	35,533	26,680	14,031	24,105	9,000	9,000	133,385	151,769
36,095	35,510	26,665	14,013	24,083	9,000	9,000	133,253	151,714
36,122	35,517	26,713	14,049	24,086	9,000	9,000	132,648	151,219
36,102	35,507	26,660	14,075	24,124	9,000	9,000	133,303	151,408
36,098	35,424	26,631	14,027	24,065	9,000	8,000	132,475	134,425
36,116	35,417	26,638	14,062	24,084	9,000	9,000	132,262	150,989
36,149	35,381	26,598	14,058	24,072	9,000	9,000	132,331	150,861
36,079	35,362	26,609	14,054	24,058	9,000	9,000	131,871	150,712
36,107	35,368	26,545	14,067	24,065	9,000	9,000	132,915	150,632
36,045	35,313	26,609	14,037	24,045	9,000	9,000	131,138	150,778
36,033	35,288	26,622	14,071	24,082	9,000	8,000	130,566	134,072
36,008	35,282	26,630	14,082	24,044	9,000	9,000	130,361	150,089
35,935	35,284	26,595	14,101	24,042	9,000	9,000	130,908	149,773
35,866	35,251	26,578	14,097	24,041	9,000	9,000	130,670	149,824
35,812	35,240	26,540	14,096	24,028	9,000	9,000	131,083	149,631
35,834	35,218	26,568	14,066	23,970	9,000	9,000	130,312	149,215
35,858	35,223	26,465	14,092	23,975	9,000	9,000	131,939	148,898
35,734	35,213	26,504	14,125	23,976	9,000	8,000	131,208	131,926
35,685	35,202	26,517	14,139	24,011	9,000	9,000	130,861	148,736
35,709	35,144	26,498	14,118	23,998	9,000	9,000	130,271	148,852
35,637	35,166	26,488	14,145	24,013	9,000	9,000	130,737	148,671
35,609	35,116	26,514	14,147	23,984	9,000	9,000	129,599	148,208
35,622	35,119	26,500	14,168	24,004	9,000	9,000	129,855	148,198
35,593	35,101	26,498	14,164	24,002	9,000	9,000	129,608	148,213
35,647	35,059	26,527	14,139	23,950	9,000	8,000	128,540	131,393
35,650	35,020	26,452	14,149	23,959	9,000	9,000	129,085	147,802
35,676	35,047	26,489	14,210	23,966	9,000	9,000	128,933	146,982
35,678	35,024	26,407	14,188	23,970	9,000	9,000	129,817	147,377
35,553	34,974	26,470	14,197	23,978	9,000	9,000	128,124	147,361
35,558	34,945	26,365	14,188	23,935	9,000	9,000	129,258	146,857
35,508	34,909	26,395	14,202	23,933	9,000	9,000	128,281	146,598
35,494	34,890	26,436	14,241	23,944	9,000	9,000	127,360	146,188
35,504	34,884	26,393	14,223	23,916	9,000	8,000	127,929	129,807
35,507	34,891	26,442	14,236	23,947	9,000	9,000	127,303	146,302
35,362	34,822	26,319	14,199	23,873	9,000	9,000	128,100	145,758
35,370	34,828	26,406	14,255	23,878	9,000	9,000	126,898	144,982
35,289	34,826	26,300	14,243	23,854	9,000	9,000	128,448	144,806
35,339	34,815	26,303	14,243	23,876	9,000	9,000	128,243	145,126
35,190	34,768	26,333	14,262	23,886	9,000	9,000	127,090	144,989
35,122	34,775	26,306	14,302	23,914	9,000	9,000	127,594	144,820
35,134	34,771	26,352	14,301	23,907	9,000	9,000	126,841	144,720
35,118	34,728	26,291	14,293	23,850	9,000	8,000	127,116	127,995
35,100	34,740	26,275	14,313	23,870	9,000	9,000	127,527	143,985
35,115	34,735	26,318	14,322	23,900	9,000	9,000	126,824	144,298
35,085	34,722	26,309	14,341	23,912	9,000	9,000	126,747	144,189
35,135	34,688	26,307	14,312	23,870	9,000	9,000	126,268	144,000
35,115	34,693	26,261	14,332	23,834	9,000	9,000	127,049	143,150
35,149	34,639	26,256	14,346	23,832	9,000	9,000	126,295	142,913
35,190	34,629	26,301	14,338	23,872	9,000	8,000	125,472	127,680
35,151	34,582	26,236	14,341	23,846	9,000	9,000	125,733	143,198
35,108	34,536	26,248	14,350	23,828	9,000	9,000	124,871	142,784
35,028	34,531	26,328	14,375	23,843	9,000	9,000	123,585	142,632
34,979	34,548	26,235	14,385	23,819	9,000	9,000	125,254	142,132
34,972	34,532	26,285	14,421	23,849	9,000	9,000	124,246	142,035
35,011	34,469	26,178	14,374	23,787	9,000	8,000	124,908	126,068
35,008	34,454	26,220	14,418	23,819	9,000	9,000	124,064	141,644
35,024	34,456	26,220	14,450	23,853	9,000	9,000	124,085	141,661
35,003	34,425	26,178	14,428	23,805	9,000	9,000	124,259	141,279
34,956	34,403	26,158	14,452	23,832	9,000	9,000	124,219	141,319
34,978	34,381	26,167	14,418	23,788	9,000	9,000	123,752	141,173
35,000	34,368	26,121	14,444	23,795	9,000	9,000	124,237	140,885
34,985	34,358	26,159	14,459	23,767	9,000	8,000	123,520	124,654
34,980	34,317	26,151	14,469	23,770	9,000	9,000	123,035	140,127
35,014	34,283	26,131	14,456	23,781	9,000	9,000	122,825	140,492
34,981	34,253	26,151	14,489	23,781	9,000	9,000	122,075	139,997
34,979	34,257	26,097	14,495	23,755	9,000	9,000	122,935	139,519
34,978	34,227	26,135	14,508	23,778	9,000	9,000	121,915	139,653
34,974	34,199	26,103	14,484	23,737	9,000	9,000	121,975	139,413
34,858	34,197	26,037	14,501	23,727	9,000	9,000	122,949	139,005
34,765	34,181	26,055	14,508	23,706	9,000	8,000	122,439	123,179
34,667	34,182	26,075	14,522	23,704	9,000	9,000	122,147	138,340
34,569	34,131	26,064	14,543	23,744	9,000	9,000	121,549	138,623
34,624	34,105	26,035	14,528	23,718	9,000	9,000	121,587	138,460
34,622	34,099	26,014	14,530	23,703	9,000	9,000	121,808	138,204
34,605	34,092	26,034	14,571	23,742	9,000	9,000	121,397	138,171
34,577	34,102	26,034	14,574	23,717	9,000	9,000	121,545	137,750
34,579	34,058	25,988	14,560	23,716	9,000	8,000	121,586	122,617
34,536	34,064	25,995	14,571	23,729	9,000	9,000	121,571	137,971
34,510	34,036	25,999	14,611	23,710	9,000	9,000	121,090	137,090
34,524	34,062	25,936	14,613	23,698	9,000	9,000	122,424	136,884
34,493	34,036	25,986	14,611	23,724	9,000	9,000	121,275	137,304
34,480	33,960	26,012	14,614	23,726	9,000	9,000	119,755	137,290
34,518	33,957	25,986	14,612	23,677	9,000	9,000	120,083	136,570
34,505	33,964	25,998	14,636	23,682	9,000	9,000	120,011	136,275
34,481	33,913	25,958	14,613	23,663	9,000	8,000	119,846	121,186
34,462	33,914	25,944	14,646	23,658	9,000	9,000	120,073	135,775
34,412	33,873	25,981	14,663	23,694	9,000	9,000	118,898	136,059
34,398	33,865	25,963	14,684	23,646	9,000	9,000	119,048	135,016
34,407	33,835	25,948	14,674	23,608	9,000	9,000	118,824	134,597
34,394	33,827	25,953	14,698	23,681	9,000	9,000	118,640	135,335
34,386	33,792	25,909	14,652	23,651	9,000	9,000	118,779	135,575
34,445	33,796	25,848	14,691	23,635	9,000	9,000	119,753	134,752
34,455	33,747	25,910	14,717	23,642	9,000	8,000	118,073	119,530
34,363	33,758	25,884	14,701	23,593	9,000	9,000	118,626	133,967
34,150	33,739	25,851	14,737	23,622	9,000	9,000	118,842	133,856
34,068	33,705	25,918	14,737	23,635	9,000	9,000	117,324	134,048
34,108	33,690	25,906	14,707	23,618	9,000	9,000	117,269	134,258
34,091	33,682	25,889	14,734	23,632	9,000	9,000	117,412	134,048
34,134	33,655	25,879	14,746	23,612	9,000	9,000	117,144	133,584
34,120	33,637	25,861	14,773	23,616	9,000	9,000	117,161	133,232
34,087	33,620	25,839	14,751	23,616	9,000	8,000	117,219	118,722
34,131	33,606	25,801	14,757	23,570	9,000	9,000	117,591	132,770
34,105	33,605	25,858	14,794	23,634	9,000	9,000	116,709	133,187
34,050	33,564	25,833	14,765	23,591	9,000	9,000	116,472	132,983
33,972	33,580	25,783	14,762	23,577	9,000	9,000	117,480	132,820
33,928	33,568	25,779	14,803	23,567	9,000	9,000	117,353	132,032
33,989	33,555	25,754	14,808	23,559	9,000	8,000	117,532	117,190
33,996	33,562	25,767	14,831	23,551	9,000	9,000	117,446	131,387
33,958	33,586	25,770	14,863	23,622	9,000	9,000	117,764	131,975
33,893	33,500	25,823	14,825	23,561	9,000	9,000	115,661	131,616
33,842	33,450	25,730	14,836	23,539	9,000	9,000	116,314	131,116
33,928	33,455	25,777	14,821	23,528	9,000	9,000	115,673	131,174
33,919	33,473	25,782	14,864	23,575	9,000	9,000	115,870	131,241
33,943	33,439	25,714	14,859	23,555	9,000	8,000	116,386	116,463
33,933	33,414	25,694	14,856	23,575	9,000	9,000	116,318	131,356
33,964	33,412	25,761	14,875	23,540	9,000	9,000	115,272	130,549
33,975	33,388	25,748	14,889	23,527	9,000	9,000	115,104	130,141
33,936	33,374	25,728	14,867	23,534	9,000	9,000	115,184	130,564
33,917	33,351	25,727	14,890	23,528	9,000	9,000	114,867	130,141
33,875	33,354	25,708	14,898	23,526	9,000	9,000	115,186	129,983
33,895	33,303	25,732	14,887	23,544	8,000	9,000	101,381	130,419
33,918	33,284	25,740	14,905	23,523	9,000	9,000	113,658	129,840
33,921	33,288	25,694	14,940	23,551	9,000	9,000	114,411	129,729
33,940	33,243	25,674	14,913	23,505	9,000	8,000	114,025	115,064
33,891	33,225	25,712	14,940	23,490	9,000	9,000	113,195	128,810
33,886	33,196	25,676	14,937	23,560	10,000	9,000	125,878	129,915
33,882	33,159	25,644	14,929	23,484	9,000	9,000	113,223	128,890
33,853	33,174	25,653	14,936	23,477	8,000	9,000	100,717	128,675
33,869	33,166	25,668	14,969	23,516	9,000	9,000	112,966	128,779
33,837	33,125	25,619	14,937	23,508	10,000	9,000	125,657	129,131
33,845	33,150	25,590	14,975	23,521	9,000	8,000	113,900	114,444
33,752	33,105	25,592	14,972	23,467	9,000	9,000	113,186	127,994
33,691	33,064	25,622	14,951	23,442	9,000	9,000	112,124	127,925
33,684	33,058	25,600	14,970	23,450	9,000	9,000	112,352	127,759
33,675	33,025	25,581	14,983	23,429	9,000	9,000	112,156	127,245
33,635	32,999	25,619	14,995	23,480	9,000	9,000	111,199	127,835
33,493	32,973	25,567	14,978	23,433	9,000	9,000	111,571	127,381
33,471	32,974	25,549	15,010	23,470	9,000	8,000	111,863	113,294
33,454	32,934	25,524	15,010	23,397	9,000	9,000	111,639	126,358
33,537	32,934	25,550	15,007	23,392	9,000	9,000	111,241	126,323
33,488	32,938	25,555	15,013	23,424	9,000	9,000	111,241	126,714
33,437	32,924	25,564	15,028	23,431	9,000	9,000	110,879	126,592
33,371	32,897	25,513	15,028	23,437	9,000	9,000	111,238	126,692
33,353	32,887	25,498	15,042	23,377	8,000	9,000	98,955	125,585
33,356	32,869	25,517	15,029	23,396	9,000	9,000	110,764	126,050
33,361	32,826	25,488	15,030	23,387	9,000	9,000	110,555	125,900
33,396	32,859	25,539	15,066	23,422	9,000	8,000	110,289	111,895
33,387	32,809	25,442	15,049	23,410	9,000	9,000	110,991	125,955
33,427	32,783	25,438	15,075	23,378	9,000	9,000	110,659	125,090
33,394	32,813	25,502	15,098	23,402	9,000	9,000	110,144	125,109
33,439	32,753	25,444	15,050	23,334	9,000	9,000	110,115	124,801
33,397	32,781	25,418	15,077	23,385	9,000	9,000	110,923	125,176
33,349	32,737	25,455	15,068	23,382	9,000	9,000	109,718	125,262
33,329	32,733	25,451	15,105	23,364	9,000	9,000	109,704	124,432
33,307	32,699	25,456	15,089	23,339	9,000	9,000	109,117	124,291
33,289	32,697	25,474	15,115	23,340	9,000	8,000	108,819	110,149
33,245	32,672	25,409	15,097	23,329	9,000	9,000	109,419	124,026
33,199	32,667	25,429	15,119	23,370	9,000	9,000	109,049	124,316
33,194	32,631	25,424	15,095	23,359	9,000	9,000	108,591	124,504
33,187	32,599	25,374	15,112	23,330	9,000	9,000	108,850	123,811
33,191	32,598	25,376	15,107	23,321	9,000	9,000	108,807	123,754
33,176	32,590	25,390	15,123	23,338	9,000	9,000	108,488	123,767
33,197	32,568	25,382	15,145	23,321	9,000	9,000	108,263	123,187
33,138	32,563	25,349	15,116	23,316	9,000	8,000	108,690	109,826
33,141	32,552	25,315	15,168	23,325	9,000	9,000	109,040	122,893
33,111	32,535	25,341	15,143	23,329	9,000	9,000	108,387	123,337
33,100	32,472	25,377	15,145	23,263	9,000	9,000	106,892	122,303
33,087	32,470	25,382	15,166	23,290	9,000	9,000	106,779	122,401
33,024	32,457	25,348	15,150	23,236	9,000	9,000	107,107	121,825
32,961	32,413	25,305	15,129	23,267	9,000	9,000	107,083	122,604
33,037	32,432	25,350	15,176	23,280	9,000	9,000	106,690	122,094
33,076	32,423	25,328	15,172	23,292	9,000	9,000	106,883	122,336
33,083	32,431	25,289	15,162	23,265	9,000	9,000	107,601	122,081
32,950	32,411	25,278	15,184	23,258	9,000	8,000	107,461	108,128
32,877	32,383	25,257	15,181	23,269	9,000	9,000	107,357	121,858
32,822	32,401	25,236	15,178	23,259	9,000	9,000	107,945	121,751
32,655	32,373	25,260	15,174	23,234	9,000	9,000	107,158	121,431
32,772	32,338	25,256	15,207	23,228	9,000	9,000	106,692	120,850
32,800	32,310	25,201	15,169	23,226	9,000	9,000	107,101	121,381
32,846	32,311	25,234	15,203	23,228	9,000	9,000	106,631	120,893
32,774	32,270	25,230	15,199	23,251	9,000	9,000	106,059	121,314
32,793	32,292	25,213	15,210	23,191	9,000	9,000	106,661	120,237
32,727	32,306	25,276	15,249	23,262	9,000	9,000	105,920	120,725
32,776	32,258	25,252	15,224	23,222	9,000	8,000	105,548	107,098
32,747	32,227	25,273	15,200	23,209	9,000	9,000	104,768	120,658
32,804	32,223	25,179	15,206	23,169	9,000	9,000	106,128	119,959
32,817	32,240	25,185	15,252	23,202	9,000	9,000	106,290	119,777
32,845	32,195	25,134	15,179	23,175	9,000	9,000	106,387	120,468
32,856	32,178	25,163	15,190	23,198	9,000	9,000	105,684	120,652
32,829	32,167	25,198	15,272	23,200	9,000	9,000	105,009	119,447
32,764	32,122	25,181	15,248	23,188	9,000	9,000	104,572	119,634
32,689	32,120	25,118	15,233	23,182	9,000	9,000	105,497	119,757
32,698	32,106	25,164	15,249	23,142	9,000	9,000	104,595	118,907
32,720	32,101	25,146	15,264	23,179	9,000	8,000	104,795	105,998
32,676	32,063	25,117	15,231	23,146	9,000	9,000	104,642	119,251
32,691	32,015	25,084	15,233	23,124	9,000	9,000	104,419	118,887
32,660	32,019	25,126	15,273	23,152	9,000	9,000	103,849	118,712
32,614	32,048	25,113	15,257	23,144	8,000	9,000	92,871	118,835
32,560	32,011	25,083	15,259	23,154	9,000	9,000	104,377	118,949
32,423	32,016	25,059	15,239	23,149	9,000	9,000	104,810	119,172
32,385	31,988	25,053	15,243	23,120	9,000	9,000	104,472	118,680
32,398	32,016	25,127	15,282	23,111	9,000	8,000	103,793	104,850
32,411	31,966	25,057	15,260	23,062	9,000	9,000	104,089	117,537
32,437	31,954	25,064	15,271	23,094	9,000	9,000	103,806	117,864
32,433	31,932	25,073	15,252	23,096	9,000	9,000	103,331	118,180
32,439	31,937	25,072	15,311	23,113	9,000	9,000	103,423	117,540
32,456	31,917	25,022	15,274	23,087	9,000	9,000	103,881	117,700
32,490	31,898	25,022	15,273	23,091	9,000	9,000	103,591	117,786
32,455	31,873	25,045	15,279	23,119	9,000	9,000	102,875	118,113
32,389	31,889	25,075	15,288	23,086	9,000	9,000	102,659	117,470
32,298	31,808	24,959	15,251	23,055	9,000	9,000	103,180	117,581
32,318	31,814	24,985	15,298	23,094	9,000	8,000	102,894	104,398
32,251	31,829	25,062	15,298	23,082	9,000	9,000	101,946	117,270
32,256	31,787	25,012	15,290	23,032	9,000	9,000	102,064	116,643
32,268	31,755	24,977	15,267	23,030	9,000	9,000	102,117	116,952
32,268	31,781	24,990	15,280	23,035	9,000	9,000	102,321	116,837
32,291	31,714	24,969	15,307	23,025	9,000	9,000	101,623	116,285
32,178	31,705	24,931	15,266	23,016	9,000	9,000	102,058	116,760
32,085	31,707	24,912	15,296	23,025	9,000	9,000	102,378	116,443
32,038	31,697	24,956	15,274	22,979	9,000	9,000	101,568	116,074
32,098	31,690	24,844	15,278	22,971	9,000	8,000	103,141	103,018
32,123	31,712	24,894	15,308	22,989	9,000	9,000	102,726	115,729
32,127	31,686	24,968	15,319	22,995	9,000	9,000	101,213	115,642
32,079	31,642	24,862	15,289	22,973	9,000	9,000	102,142	115,759
32,078	31,628	24,865	15,263	22,941	9,000	9,000	101,880	115,669
32,106	31,652	24,904	15,296	22,968	9,000	9,000	101,665	115,580
32,022	31,623	24,917	15,281	22,981	9,000	9,000	101,041	116,010
32,068	31,554	24,806	15,258	22,946	9,000	9,000	101,674	115,833
32,076	31,557	24,819	15,275	22,942	9,000	8,000	101,510	102,676
32,087	31,550	24,846	15,289	22,941	9,000	9,000	100,998	115,296
32,092	31,566	24,866	15,298	22,939	9,000	9,000	100,947	115,124
32,048	31,517	24,833	15,286	22,933	9,000	9,000	100,702	115,218
32,046	31,518	24,870	15,324	22,948	9,000	9,000	100,154	114,858
31,968	31,510	24,867	15,327	22,951	9,000	9,000	100,077	114,864
31,979	31,480	24,814	15,292	22,935	9,000	9,000	100,435	115,160
31,987	31,467	24,826	15,320	22,967	9,000	9,000	100,045	115,207
31,972	31,432	24,799	15,308	22,925	9,000	8,000	99,927	102,015
31,999	31,402	24,777	15,313	22,894	9,000	9,000	99,809	114,224
31,968	31,396	24,761	15,318	22,875	9,000	9,000	99,966	113,853
31,989	31,390	24,748	15,318	22,904	9,000	9,000	100,067	114,295
31,908	31,365	24,736	15,310	22,888	9,000	9,000	99,877	114,174
31,905	31,362	24,757	15,331	22,838	9,000	9,000	99,507	113,096
31,925	31,350	24,729	15,336	22,844	9,000	9,000	99,750	113,110
31,880	31,348	24,732	15,348	22,855	9,000	9,000	99,665	113,094
31,870	31,301	24,708	15,328	22,807	9,000	9,000	99,320	112,690
31,861	31,296	24,717	15,329	22,859	9,000	8,000	99,114	100,853
31,868	31,281	24,688	15,316	22,842	8,000	9,000	88,293	113,382
31,855	31,310	24,743	15,343	22,852	9,000	9,000	98,942	113,137
31,792	31,269	24,682	15,352	22,850	9,000	9,000	99,252	112,973
31,696	31,246	24,635	15,345	22,806	9,000	9,000	99,596	112,410
31,691	31,234	24,708	15,353	22,824	9,000	9,000	98,316	112,552
31,696	31,224	24,653	15,315	22,790	9,000	9,000	98,993	112,619
31,576	31,204	24,666	15,339	22,793	9,000	9,000	98,504	112,296
31,609	31,191	24,659	15,328	22,761	9,000	9,000	98,405	111,991
31,620	31,184	24,640	15,317	22,771	9,000	9,000	98,591	112,313
31,647	31,155	24,577	15,316	22,748	9,000	8,000	99,099	99,529
31,584	31,157	24,622	15,336	22,795	9,000	9,000	98,451	112,382
31,606	31,109	24,608	15,342	22,781	9,000	9,000	97,957	112,075
31,571	31,094	24,596	15,309	22,739	9,000	9,000	97,894	111,943
31,502	31,088	24,556	15,319	22,756	9,000	9,000	98,422	112,049
31,458	31,051	24,580	15,331	22,740	9,000	9,000	97,493	111,627
31,516	31,079	24,567	15,335	22,758	9,000	9,000	98,109	111,826
31,450	31,023	24,569	15,342	22,747	9,000	9,000	97,246	111,576
31,390	31,006	24,624	15,366	22,739	9,000	8,000	96,151	98,733
31,384	30,982	24,547	15,330	22,725	9,000	9,000	96,944	111,427
31,368	30,998	24,541	15,343	22,698	9,000	9,000	97,270	110,805
31,423	30,978	24,528	15,331	22,713	9,000	9,000	97,172	111,206
31,421	30,950	24,515	15,322	22,709	9,000	9,000	96,939	111,292
31,475	30,959	24,487	15,313	22,699	9,000	9,000	97,501	111,272
31,477	30,954	24,487	15,337	22,673	9,000	9,000	97,437	110,521
31,398	30,954	24,484	15,363	22,673	9,000	9,000	97,466	110,126
31,275	30,969	24,486	15,370	22,671	9,000	9,000	97,678	110,004
31,226	30,966	24,502	15,361	22,710	9,000	9,000	97,379	110,718
31,217	30,933	24,460	15,352	22,669	9,000	9,000	97,518	110,234
31,220	30,917	24,445	15,341	22,681	9,000	8,000	97,519	98,297
31,189	30,868	24,462	15,309	22,648	9,000	9,000	96,520	110,573
31,175	30,872	24,522	15,372	22,656	9,000	9,000	95,672	109,747
31,129	30,842	24,437	15,347	22,677	9,000	9,000	96,501	110,434
31,170	30,808	24,452	15,331	22,628	9,000	9,000	95,756	109,929
31,164	30,778	24,437	15,336	22,633	9,000	9,000	95,545	109,936
31,206	30,758	24,410	15,336	22,597	9,000	9,000	95,647	109,394
31,218	30,746	24,404	15,324	22,605	9,000	9,000	95,541	109,709
31,262	30,732	24,385	15,343	22,610	9,000	9,000	95,628	109,486
31,252	30,728	24,415	15,354	22,610	9,000	9,000	95,108	109,328
31,234	30,715	24,338	15,318	22,569	9,000	8,000	96,071	97,101
31,207	30,718	24,319	15,324	22,568	9,000	9,000	96,412	109,131
31,223	30,730	24,356	15,366	22,608	9,000	9,000	96,034	109,106
31,185	30,681	24,348	15,313	22,550	9,000	9,000	95,419	109,032
31,149	30,694	24,394	15,336	22,564	9,000	9,000	94,919	108,895
31,135	30,667	24,330	15,326	22,545	9,000	9,000	95,477	108,760
31,116	30,627	24,356	15,319	22,533	9,000	9,000	94,476	108,682
31,121	30,623	24,312	15,344	22,537	9,000	9,000	95,082	108,373
31,103	30,597	24,292	15,304	22,500	9,000	9,000	94,985	108,412
31,018	30,606	24,274	15,322	22,498	9,000	9,000	95,397	108,118
31,018	30,600	24,313	15,350	22,513	9,000	9,000	94,721	107,916
30,997	30,594	24,281	15,361	22,527	9,000	8,000	95,106	95,976
31,011	30,556	24,304	15,323	22,504	9,000	9,000	94,191	108,183
30,931	30,534	24,305	15,330	22,473	9,000	9,000	93,844	107,611
30,921	30,518	24,282	15,332	22,485	8,000	9,000	83,513	107,754
30,913	30,526	24,283	15,338	22,468	9,000	9,000	94,065	107,432
30,930	30,522	24,225	15,335	22,431	9,000	9,000	94,863	106,919
30,861	30,514	24,269	15,349	22,506	9,000	9,000	94,095	107,831
30,825	30,469	24,216	15,308	22,443	9,000	9,000	94,220	107,499
30,861	30,490	24,175	15,304	22,465	9,000	9,000	95,144	107,885
30,891	30,467	24,224	15,330	22,440	9,000	8,000	94,063	95,217
30,895	30,467	24,177	15,339	22,440	9,000	9,000	94,768	106,983
30,956	30,438	24,200	15,332	22,435	9,000	9,000	93,973	107,019
30,989	30,430	24,181	15,290	22,435	9,000	9,000	94,145	107,636
30,867	30,402	24,235	15,358	22,418	9,000	9,000	92,908	106,375
30,805	30,449	24,179	15,346	22,428	9,000	9,000	94,464	106,704
30,773	30,391	24,174	15,331	22,405	9,000	9,000	93,664	106,577
30,763	30,409	24,194	15,322	22,408	9,000	9,000	93,634	106,763
30,798	30,383	24,179	15,337	22,431	9,000	9,000	93,465	106,883
30,787	30,380	24,176	15,346	22,449	9,000	9,000	93,458	107,011
30,821	30,342	24,123	15,313	22,375	9,000	9,000	93,697	106,407
30,804	30,327	24,133	15,323	22,390	9,000	8,000	93,306	94,634
30,769	30,296	24,096	15,314	22,378	9,000	9,000	93,402	106,414
30,749	30,275	24,140	15,327	22,372	9,000	9,000	92,428	106,149
30,701	30,239	24,079	15,323	22,359	9,000	9,000	92,808	105,993
30,683	30,263	24,093	15,311	22,375	9,000	9,000	92,963	106,429
30,576	30,212	24,079	15,313	22,348	9,000	9,000	92,405	106,001
30,412	30,248	24,085	15,313	22,363	9,000	9,000	92,857	106,215
30,437	30,240	24,048	15,321	22,331	9,000	9,000	93,278	105,608
30,450	30,228	24,056	15,325	22,306	9,000	9,000	92,987	105,179
30,429	30,193	24,045	15,310	22,297	9,000	9,000	92,627	105,259
30,460	30,171	24,048	15,281	22,288	9,000	8,000	92,251	93,832
30,425	30,152	24,053	15,294	22,310	9,000	9,000	91,883	105,695
30,450	30,128	24,028	15,284	22,289	9,000	9,000	91,899	105,539
30,472	30,115	24,049	15,307	22,321	9,000	9,000	91,387	105,680
30,435	30,114	24,084	15,308	22,308	9,000	9,000	90,846	105,459
30,453	30,083	24,009	15,297	22,268	9,000	9,000	91,504	105,025
30,396	30,070	23,979	15,299	22,236	9,000	9,000	91,754	104,511
30,407	30,109	23,967	15,285	22,244	9,000	9,000	92,542	104,840
30,323	30,060	24,003	15,313	22,255	9,000	9,000	91,249	104,588
30,347	30,051	23,998	15,296	22,276	9,000	9,000	91,193	105,160
30,309	30,061	23,974	15,288	22,241	8,000	9,000	81,522	104,747
30,302	30,021	23,951	15,272	22,230	10,000	8,000	101,614	93,186
30,311	30,034	23,979	15,289	22,192	8,000	9,000	81,094	104,005
30,399	30,002	23,905	15,263	22,194	9,000	9,000	91,860	104,428
30,375	30,022	23,922	15,307	22,222	9,000	9,000	91,894	104,175
30,348	30,002	23,917	15,282	22,199	9,000	9,000	91,675	104,212
30,294	29,965	23,912	15,289	22,185	9,000	9,000	91,201	103,891
30,270	29,958	23,915	15,284	22,192	9,000	9,000	91,044	104,077
30,267	29,949	23,902	15,307	22,214	9,000	9,000	91,109	104,061
30,195	29,928	23,858	15,276	22,146	9,000	9,000	91,446	103,499
30,242	29,895	23,885	15,278	22,183	9,000	8,000	90,537	92,469
30,146	29,863	23,867	15,277	22,152	9,000	9,000	90,333	103,578
30,213	29,869	23,878	15,276	22,172	9,000	9,000	90,254	103,899
30,264	29,854	23,844	15,264	22,113	9,000	9,000	90,555	103,194
30,325	29,805	23,822	15,251	22,123	9,000	9,000	90,146	103,537
30,297	29,834	23,848	15,283	22,139	9,000	9,000	90,186	103,299
30,154	29,784	23,856	15,303	22,157	9,000	9,000	89,314	103,255
30,175	29,784	23,795	15,252	22,121	9,000	9,000	90,240	103,480
30,162	29,769	23,789	15,277	22,103	9,000	9,000	90,099	102,843
30,160	29,728	23,764	15,211	22,100	9,000	8,000	89,860	92,252
30,119	29,747	23,815	15,289	22,088	9,000	9,000	89,374	102,442
30,106	29,766	23,788	15,288	22,094	9,000	9,000	90,063	102,528
30,027	29,733	23,787	15,264	22,098	9,000	9,000	89,582	102,965
30,009	29,733	23,748	15,279	22,104	8,000	9,000	80,154	102,821
29,983	29,681	23,740	15,236	22,077	9,000	9,000	89,501	103,068
29,976	29,703	23,736	15,279	22,091	9,000	9,000	89,912	102,622
30,002	29,631	23,738	15,267	22,021	9,000	9,000	88,785	101,759
29,979	29,642	23,708	15,260	22,052	9,000	9,000	89,404	102,331
30,003	29,636	23,726	15,259	22,067	9,000	9,000	89,034	102,566
29,992	29,624	23,734	15,266	22,061	9,000	9,000	88,729	102,373
29,940	29,598	23,694	15,258	22,036	9,000	8,000	88,952	90,770
29,942	29,598	23,703	15,283	22,027	9,000	9,000	88,816	101,594
29,930	29,559	23,681	15,251	22,021	9,000	9,000	88,563	102,003
29,916	29,533	23,679	15,252	22,009	9,000	9,000	88,195	101,810
29,926	29,524	23,657	15,215	21,965	9,000	9,000	88,388	101,706
29,932	29,537	23,683	15,247	22,008	9,000	9,000	88,194	101,861
29,945	29,528	23,628	15,256	21,997	9,000	9,000	88,886	101,553
29,942	29,517	23,661	15,236	21,959	9,000	9,000	88,224	101,284
29,917	29,478	23,601	15,240	21,937	9,000	9,000	88,555	100,898
29,900	29,481	23,620	15,237	21,929	9,000	8,000	88,299	89,617
29,883	29,462	23,576	15,210	21,907	9,000	9,000	88,678	100,893
29,870	29,503	23,635	15,244	21,944	9,000	9,000	88,411	100,947
29,855	29,489	23,606	15,225	21,939	9,000	9,000	88,633	101,156
29,838	29,434	23,564	15,201	21,924	8,000	9,000	78,618	101,279
29,841	29,455	23,572	15,239	21,932	9,000	9,000	88,622	100,848
29,848	29,426	23,549	15,213	21,891	9,000	9,000	88,538	100,622
29,827	29,424	23,570	15,213	21,903	9,000	9,000	88,196	100,793
29,818	29,434	23,617	15,211	21,920	9,000	9,000	87,647	101,079
29,856	29,417	23,568	15,216	21,881	9,000	8,000	88,126	89,264
29,833	29,380	23,566	15,200	21,881	9,000	9,000	87,594	100,651
29,830	29,411	23,539	15,237	21,918	9,000	9,000	88,475	100,663
29,800	29,344	23,458	15,209	21,881	9,000	9,000	88,673	100,529
29,798	29,335	23,490	15,219	21,865	9,000	9,000	88,061	100,136
29,793	29,330	23,535	15,214	21,865	9,000	9,000	87,313	100,201
29,739	29,319	23,526	15,196	21,828	9,000	9,000	87,264	99,924
29,621	29,302	23,497	15,222	21,862	9,000	9,000	87,458	100,036
29,639	29,300	23,523	15,207	21,854	9,000	9,000	87,045	100,137
29,614	29,286	23,459	15,195	21,825	9,000	9,000	87,794	99,881
29,628	29,274	23,511	15,226	21,861	9,000	8,000	86,826	88,863
29,616	29,278	23,478	15,206	21,868	9,000	9,000	87,389	100,380
29,597	29,251	23,480	15,206	21,843	9,000	9,000	86,949	99,987
29,489	29,228	23,460	15,202	21,846	9,000	9,000	86,901	100,102
29,489	29,240	23,460	15,232	21,824	9,000	9,000	87,078	99,321
29,458	29,190	23,457	15,203	21,835	9,000	9,000	86,377	99,916
29,412	29,184	23,432	15,200	21,805	9,000	9,000	86,655	99,516
29,420	29,202	23,400	15,190	21,790	9,000	9,000	87,409	99,432
29,442	29,166	23,352	15,200	21,778	9,000	9,000	87,583	99,095
29,525	29,175	23,411	15,215	21,822	9,000	8,000	86,841	88,483
29,507	29,143	23,393	15,198	21,767	9,000	9,000	86,637	98,967
29,496	29,113	23,356	15,169	21,771	9,000	9,000	86,725	99,476
29,507	29,136	23,382	15,188	21,762	9,000	9,000	86,695	99,054
29,540	29,095	23,338	15,172	21,771	9,000	9,000	86,741	99,412
29,494	29,092	23,342	15,180	21,732	9,000	9,000	86,641	98,712
29,440	29,068	23,354	15,159	21,723	8,000	9,000	76,522	98,884
29,413	29,063	23,383	15,152	21,717	9,000	9,000	85,582	98,914
29,402	29,079	23,326	15,175	21,730	9,000	9,000	86,685	98,755
29,393	29,049	23,325	15,186	21,730	9,000	9,000	86,246	98,597
29,412	29,030	23,311	15,180	21,701	9,000	9,000	86,155	98,240
29,394	29,010	23,313	15,157	21,725	9,000	9,000	85,828	98,942
29,428	28,998	23,303	15,190	21,694	9,000	8,000	85,794	87,108
29,404	29,004	23,290	15,194	21,714	9,000	9,000	86,092	98,239
29,408	28,982	23,284	15,163	21,695	9,000	9,000	85,852	98,406
29,410	28,935	23,252	15,184	21,668	9,000	9,000	85,628	97,698
29,360	28,931	23,270	15,166	21,646	9,000	9,000	85,293	97,620
29,282	28,907	23,239	15,136	21,622	9,000	9,000	85,402	97,723
29,210	28,919	23,219	15,171	21,661	9,000	9,000	85,885	97,784
29,182	28,919	23,264	15,170	21,670	9,000	9,000	85,194	97,927
29,158	28,889	23,222	15,146	21,630	9,000	9,000	85,382	97,693
29,100	28,852	23,205	15,164	21,613	9,000	9,000	85,071	97,157
29,113	28,872	23,234	15,181	21,657	9,000	9,000	84,941	97,569
29,101	28,854	23,214	15,167	21,627	9,000	8,000	84,971	86,507
29,113	28,847	23,186	15,176	21,596	9,000	9,000	85,285	96,720
29,094	28,840	23,196	15,150	21,617	9,000	9,000	85,043	97,436
29,085	28,824	23,203	15,179	21,637	9,000	9,000	84,695	97,298
29,113	28,803	23,211	15,153	21,588	9,000	9,000	84,241	96,943
29,162	28,827	23,224	15,170	21,627	9,000	9,000	84,410	97,270
29,141	28,808	23,166	15,174	21,610	9,000	9,000	85,003	96,970
29,091	28,814	23,173	15,181	21,635	9,000	9,000	84,981	97,241
29,108	28,802	23,179	15,157	21,578	9,000	9,000	84,719	96,729
29,112	28,767	23,131	15,175	21,586	9,000	9,000	84,914	96,578
29,103	28,738	23,138	15,136	21,573	8,000	8,000	74,999	86,205
29,109	28,714	23,131	15,151	21,521	9,000	9,000	84,119	95,965
29,102	28,715	23,118	15,130	21,537	9,000	9,000	84,319	96,524
29,126	28,670	23,074	15,130	21,534	9,000	9,000	84,315	96,488
29,151	28,674	23,108	15,163	21,523	9,000	9,000	83,866	95,807
29,089	28,660	23,074	15,163	21,501	9,000	9,000	84,159	95,479
29,140	28,641	23,064	15,099	21,517	9,000	9,000	84,011	96,698
29,161	28,639	23,016	15,120	21,497	9,000	9,000	84,703	96,082
29,096	28,628	23,017	15,120	21,501	9,000	9,000	84,540	96,139
29,068	28,618	23,054	15,141	21,489	9,000	9,000	83,828	95,638
29,035	28,618	23,074	15,141	21,514	9,000	8,000	83,528	85,341
29,018	28,588	23,059	15,132	21,467	9,000	9,000	83,295	95,446
28,972	28,567	23,000	15,111	21,474	9,000	9,000	83,874	95,869
28,973	28,573	23,002	15,106	21,457	9,000	9,000	83,938	95,683
28,954	28,592	23,006	15,136	21,412	9,000	9,000	84,150	94,553
28,926	28,559	22,988	15,103	21,447	9,000	9,000	83,932	95,576
28,905	28,552	22,990	15,112	21,412	9,000	9,000	83,790	94,912
28,928	28,513	22,971	15,108	21,420	8,000	9,000	74,223	95,098
28,897	28,530	23,003	15,118	21,449	9,000	9,000	83,264	95,375
28,769	28,540	22,989	15,134	21,444	9,000	9,000	83,634	95,067
28,741	28,519	22,984	15,122	21,467	9,000	9,000	83,393	95,589
28,743	28,444	22,980	15,101	21,385	9,000	9,000	82,322	94,677
28,732	28,496	22,960	15,126	21,456	9,000	8,000	83,395	84,771
28,718	28,456	22,943	15,109	21,419	9,000	9,000	83,049	95,062
28,693	28,426	22,909	15,077	21,372	9,000	9,000	83,115	94,829
28,675	28,456	22,948	15,120	21,394	9,000	9,000	82,992	94,526
28,690	28,437	22,927	15,078	21,393	9,000	9,000	83,007	95,136
28,658	28,436	22,914	15,095	21,391	9,000	9,000	83,193	94,863
28,692	28,417	22,887	15,102	21,378	9,000	9,000	83,308	94,548
28,603	28,398	22,899	15,084	21,375	9,000	9,000	82,854	94,771
