Time - Plot 0	Degrees Celsius - Plot 0	Time - Plot 1	Degrees Celsius - Plot 1	Time - Plot 2	Degrees Celsius - Plot 2	Time - Plot 3	Degrees Celsius - Plot 3	Time - Plot 4	Degrees Celsius - Plot 4	
0	54,992	0	19,2228	0	18,4743	0	13,3818	0	13,3685	
1	54,9445	1	19,2385	1	18,5048	1	13,3847	1	13,3852	
2	55,056	2	19,2556	2	18,4924	2	13,3894	2	13,3756	
3	55,1835	3	23,3289	3	17,6253	3	13,3973	3	13,3549	
4	55,1779	4	23,4267	4	15,1904	4	13,4039	4	13,3557	
5	55,0049	5	23,7971	5	14,1171	5	13,3767	5	13,3872	
6	54,9629	6	25,2554	6	14,2319	6	13,4125	6	13,4182	
7	54,8375	7	25,9361	7	14,125	7	13,398	7	13,5949	
8	54,7546	8	26,6599	8	14,4381	8	13,3971	8	14,0907	
9	54,7188	9	26,9114	9	15,0095	9	13,3954	9	14,626	
10	54,8744	10	27,0635	10	15,9049	10	13,3846	10	15,3969	
11	54,9412	11	27,4442	11	17,0176	11	13,4002	11	16,3916	
12	54,8653	12	27,6223	12	18,0944	12	13,4154	12	17,0775	
13	54,7414	13	27,9459	13	19,0696	13	13,3848	13	17,8629	
14	54,7206	14	28,1374	14	19,481	14	13,4018	14	18,2842	
15	54,6996	15	28,3025	15	20,0104	15	13,362	15	18,5429	
16	54,7231	16	28,6554	16	20,235	16	13,4151	16	19,0167	
17	54,6375	17	28,9144	17	20,6412	17	13,3986	17	19,2029	
18	54,663	18	29,3298	18	20,9383	18	13,387	18	19,2579	
19	54,5876	19	29,9278	19	21,0391	19	13,3734	19	19,5126	
20	54,5678	20	30,5232	20	21,265	20	13,3761	20	19,6586	
21	54,4614	21	31,2546	21	21,4593	21	13,3885	21	19,8555	
22	54,4796	22	31,7906	22	21,6363	22	13,3983	22	20,0475	
23	54,5297	23	32,1383	23	21,6709	23	13,3744	23	20,1362	
24	54,4249	24	32,7438	24	22,2615	24	13,4096	24	20,4449	
25	54,3628	25	33,1162	25	22,3994	25	13,4002	25	20,6153	
26	54,3198	26	33,4977	26	22,4927	26	13,3964	26	20,8149	
27	54,3489	27	34,3371	27	23,019	27	13,4149	27	21,1761	
28	54,2992	28	34,8873	28	23,3021	28	13,4295	28	21,3787	
29	54,2108	29	35,5216	29	23,6151	29	13,3864	29	21,5141	
30	54,0219	30	36,1871	30	23,8776	30	13,4131	30	21,8752	
31	53,8825	31	36,625	31	24,0891	31	13,3922	31	22,0619	
32	53,1643	32	37,5692	32	24,4916	32	13,3906	32	22,404	
33	52,5105	33	38,0973	33	24,7762	33	13,3832	33	22,6083	
34	52,2157	34	38,6053	34	25,0006	34	13,4141	34	22,8322	
35	51,765	35	39,3137	35	25,2917	35	13,4033	35	23,0495	
36	51,6359	36	39,6683	36	25,7006	36	13,3952	36	23,3731	
37	51,3183	37	40,2269	37	26,1395	37	13,4166	37	23,7752	
38	51,1093	38	40,6932	38	26,2907	38	13,4044	38	24,0075	
39	51,0844	39	40,9971	39	26,5566	39	13,3837	39	24,2825	
40	51,1183	40	41,531	40	27,1849	40	13,4159	40	24,6145	
41	50,9811	41	41,9079	41	27,5122	41	13,438	41	24,8698	
42	50,7777	42	42,1145	42	27,6065	42	13,3809	42	24,9374	
43	50,694	43	42,5616	43	28,0031	43	13,4299	43	25,275	
44	50,6727	44	42,8174	44	28,2929	44	13,4272	44	25,5217	
45	50,4167	45	43,16	45	28,4018	45	13,4258	45	25,7739	
46	50,4384	46	43,299	46	28,5804	46	13,4426	46	25,9746	
47	50,5628	47	43,5021	47	29,0051	47	13,3946	47	26,0899	
48	50,5873	48	43,771	48	29,1679	48	13,4213	48	26,3032	
49	50,5736	49	43,9309	49	29,4724	49	13,4214	49	26,5287	
50	50,5938	50	44,0644	50	29,6223	50	13,4041	50	26,605	
51	50,5424	51	44,2501	51	29,7888	51	13,4313	51	26,7239	
52	50,5471	52	44,4218	52	29,8343	52	13,4403	52	26,9073	
53	50,414	53	44,5251	53	30,0645	53	13,4305	53	27,0673	
54	50,4208	54	44,6236	54	30,2593	54	13,446	54	27,0605	
55	50,2985	55	44,7117	55	30,2629	55	13,4377	55	27,2032	
56	49,9631	56	44,9078	56	30,4132	56	13,3828	56	27,3511	
57	49,9257	57	45,0659	57	30,5423	57	13,446	57	27,415	
58	49,8819	58	45,0915	58	30,6744	58	13,4471	58	27,5179	
59	49,86	59	45,2269	59	30,7834	59	13,3956	59	27,6371	
60	49,8099	60	45,2676	60	30,7645	60	13,446	60	27,6308	
61	49,6599	61	45,3743	61	30,9881	61	13,4436	61	27,7072	
62	49,6776	62	45,4423	62	31,0001	62	13,4491	62	27,7842	
63	49,6095	63	45,5583	63	31,0946	63	13,4573	63	27,8856	
64	49,3271	64	45,6058	64	31,1949	64	13,4214	64	27,8878	
65	49,1089	65	45,653	65	31,1493	65	13,4489	65	27,9531	
66	49,1763	66	45,6888	66	31,2818	66	13,4461	66	27,9612	
67	49,2411	67	45,752	67	31,3435	67	13,4263	67	28,0325	
68	49,2296	68	45,8397	68	31,3356	68	13,4516	68	28,0971	
69	48,8383	69	45,8976	69	31,5341	69	13,4429	69	28,1437	
70	48,9988	70	45,9264	70	31,6008	70	13,4501	70	28,1908	
71	48,7748	71	45,9536	71	31,5199	71	13,4366	71	28,2288	
72	48,658	72	45,9706	72	31,6588	72	13,448	72	28,2706	
73	48,7593	73	45,9831	73	31,6892	73	13,4479	73	28,3751	
74	48,8222	74	46,0462	74	31,6851	74	13,4575	74	28,3408	
75	48,7778	75	46,0936	75	31,7279	75	13,4762	75	28,4073	
76	48,8156	76	46,0507	76	31,8088	76	13,4755	76	28,4108	
77	48,8549	77	46,0664	77	31,812	77	13,4425	77	28,4055	
78	48,8337	78	46,1097	78	31,8892	78	13,4556	78	28,4534	
79	48,7827	79	46,1223	79	31,9339	79	13,4538	79	28,4718	
80	48,5881	80	46,1403	80	31,8104	80	13,4561	80	28,491	
81	48,5441	81	46,174	81	31,9163	81	13,4478	81	28,4941	
82	48,5034	82	46,2018	82	31,935	82	13,485	82	28,5403	
83	48,4642	83	46,178	83	31,9607	83	13,4677	83	28,4907	
84	48,4304	84	46,1788	84	32,0287	84	13,4743	84	28,5433	
85	48,3412	85	46,1988	85	31,9987	85	13,43	85	28,4779	
86	48,1763	86	46,2007	86	32,0513	86	13,44	86	28,6032	
87	48,0111	87	46,2544	87	32,1047	87	13,4514	87	28,5641	
88	47,9333	88	46,2711	88	32,0602	88	13,4758	88	28,5505	
89	47,9344	89	46,2809	89	32,0799	89	13,471	89	28,5942	
90	47,9419	90	46,2888	90	32,088	90	13,4873	90	28,6494	
91	47,9163	91	46,2425	91	32,0678	91	13,4625	91	28,6052	
92	47,8793	92	46,2347	92	32,1321	92	13,4788	92	28,6749	
93	47,9103	93	46,2399	93	32,1834	93	13,4751	93	28,6101	
94	47,8367	94	46,1956	94	32,1212	94	13,4586	94	28,6503	
95	47,8095	95	46,1988	95	32,1873	95	13,4705	95	28,6629	
96	47,8293	96	46,1761	96	32,1263	96	13,4357	96	28,6366	
97	47,8164	97	46,2044	97	32,1409	97	13,4657	97	28,6479	
98	47,7748	98	46,21	98	32,1855	98	13,4987	98	28,6597	
99	47,7625	99	46,1873	99	32,1724	99	13,4668	99	28,7031	
100	47,7633	100	46,206	100	32,1955	100	13,4865	100	28,658	
101	47,7679	101	46,1236	101	32,1469	101	13,4813	101	28,6991	
102	47,8358	102	46,0979	102	32,1396	102	13,4615	102	28,6428	
103	47,8995	103	46,143	103	32,2078	103	13,4851	103	28,6689	
104	47,7553	104	46,1126	104	32,1681	104	13,5053	104	28,7223	
105	47,5961	105	46,1218	105	32,2192	105	13,4748	105	28,6742	
106	47,5281	106	46,0765	106	32,1498	106	13,4648	106	28,6819	
107	47,5298	107	46,091	107	32,1739	107	13,4974	107	28,6448	
108	47,5424	108	46,0725	108	32,1678	108	13,4688	108	28,6137	
109	47,5669	109	46,0587	109	32,1238	109	13,4694	109	28,612	
110	47,5693	110	46,0149	110	32,1724	110	13,484	110	28,5906	
111	47,5471	111	45,9931	111	32,1536	111	13,4577	111	28,5873	
112	47,5899	112	45,9766	112	32,1594	112	13,498	112	28,6524	
113	47,5863	113	45,9244	113	32,1014	113	13,4857	113	28,5631	
114	47,6012	114	45,8913	114	32,1679	114	13,4961	114	28,6228	
115	47,6192	115	45,8636	115	32,1755	115	13,4986	115	28,5984	
116	47,6087	116	45,8333	116	32,1407	116	13,4827	116	28,5639	
117	47,65	117	45,7974	117	32,1147	117	13,4949	117	28,5514	
118	47,5769	118	45,8121	118	32,1183	118	13,49	118	28,5636	
119	47,3964	119	45,7788	119	32,0432	119	13,4614	119	28,4986	
120	47,2173	120	45,8163	120	32,1417	120	13,4804	120	28,5485	
121	47,1268	121	45,7926	121	32,1098	121	13,4746	121	28,5296	
122	47,0964	122	45,8158	122	32,0741	122	13,477	122	28,5234	
123	47,0968	123	45,7452	123	32,0491	123	13,4874	123	28,5615	
124	47,0796	124	45,7355	124	32,1111	124	13,4898	124	28,5747	
125	47,0505	125	45,6881	125	32,0683	125	13,4835	125	28,5171	
126	46,9659	126	45,677	126	32,0449	126	13,4755	126	28,5177	
127	46,9651	127	45,6655	127	32,0938	127	13,4899	127	28,5512	
128	46,9556	128	45,6311	128	32,0406	128	13,5003	128	28,6001	
129	46,9375	129	45,6054	129	32,0681	129	13,4747	129	28,6083	
130	46,9622	130	45,5998	130	32,0587	130	13,5096	130	28,5368	
131	46,975	131	45,5178	131	32,0498	131	13,5015	131	28,4921	
132	46,9059	132	45,4952	132	32,0439	132	13,454	132	28,4904	
133	46,9158	133	45,4966	133	32,0791	133	13,5112	133	28,5139	
134	46,9102	134	45,4859	134	32,0809	134	13,4892	134	28,4724	
135	46,8683	135	45,4658	135	32,0798	135	13,4838	135	28,5014	
136	46,9064	136	45,4779	136	32,0878	136	13,4896	136	28,5269	
137	46,898	137	45,4508	137	32,0074	137	13,4722	137	28,4509	
138	46,8926	138	45,4362	138	31,9818	138	13,5187	138	28,5321	
139	46,846	139	45,4088	139	31,956	139	13,4986	139	28,494	
140	46,8198	140	45,3532	140	32,0504	140	13,4982	140	28,5039	
141	46,7269	141	45,335	141	31,9338	141	13,4962	141	28,4543	
142	46,6387	142	45,3431	142	31,9726	142	13,5145	142	28,4805	
143	46,5813	143	45,3172	143	32,0487	143	13,5227	143	28,4843	
144	46,4807	144	45,2864	144	31,9912	144	13,5011	144	28,4596	
145	46,4689	145	45,2575	145	31,9422	145	13,4742	145	28,3973	
146	46,4154	146	45,2144	146	31,9873	146	13,4871	146	28,4373	
147	46,3622	147	45,1824	147	31,9423	147	13,4723	147	28,4275	
148	46,3957	148	45,2046	148	31,9216	148	13,5076	148	28,4514	
149	46,368	149	45,1293	149	31,9974	149	13,5064	149	28,4489	
150	46,3413	150	45,0603	150	31,9239	150	13,4636	150	28,376	
151	46,2566	151	45,0568	151	31,8509	151	13,4835	151	28,3937	
152	46,1739	152	45,0323	152	31,8059	152	13,5021	152	28,3815	
153	46,1689	153	45,0339	153	31,9259	153	13,4928	153	28,403	
154	46,2	154	44,979	154	31,8642	154	13,4902	154	28,367	
155	46,1326	155	44,9635	155	31,8218	155	13,4996	155	28,3108	
156	45,8799	156	44,9121	156	31,8299	156	13,5054	156	28,3815	
157	45,7244	157	44,9203	157	31,8555	157	13,5138	157	28,3441	
158	45,7646	158	44,8666	158	31,8232	158	13,47	158	28,3291	
159	45,7961	159	44,8809	159	31,8579	159	13,5268	159	28,2637	
160	45,7405	160	44,8218	160	31,7999	160	13,5089	160	28,262	
161	45,7768	161	44,8004	161	31,8529	161	13,4926	161	28,2841	
162	45,7715	162	44,8197	162	31,8265	162	13,4882	162	28,2468	
163	45,8123	163	44,8062	163	31,7823	163	13,5382	163	28,2778	
164	45,8438	164	44,7737	164	31,7767	164	13,5177	164	28,234	
165	45,8013	165	44,7092	165	31,7639	165	13,5014	165	28,1995	
166	45,8345	166	44,718	166	31,7001	166	13,5324	166	28,2198	
167	45,8737	167	44,6693	167	31,779	167	13,5301	167	28,1986	
168	45,8022	168	44,6217	168	31,774	168	13,5236	168	28,2073	
169	45,8274	169	44,6273	169	31,7811	169	13,5575	169	28,2272	
170	45,7946	170	44,6189	170	31,6862	170	13,515	170	28,2026	
171	45,7925	171	44,5347	171	31,7306	171	13,4928	171	28,1402	
172	45,6007	172	44,5696	172	31,7265	172	13,4972	172	28,1865	
173	45,4835	173	44,543	173	31,6588	173	13,5386	173	28,199	
174	45,4718	174	44,5248	174	31,6821	174	13,536	174	28,1381	
175	45,4856	175	44,4718	175	31,7182	175	13,5331	175	28,1117	
176	45,4653	176	44,418	176	31,6112	176	13,5365	176	28,0679	
177	45,4396	177	44,4165	177	31,6834	177	13,5474	177	28,1201	
178	45,4456	178	44,3783	178	31,5706	178	13,5253	178	28,1303	
179	45,3154	179	44,3785	179	31,6849	179	13,5365	179	28,1334	
180	45,2974	180	44,3449	180	31,6509	180	13,5591	180	28,1106	
181	45,3219	181	44,2692	181	31,5696	181	13,551	181	28,0771	
182	45,297	182	44,2528	182	31,5699	182	13,5432	182	27,9893	
183	45,3221	183	44,2085	183	31,5787	183	13,5478	183	28,0461	
184	45,3414	184	44,1868	184	31,5187	184	13,5394	184	28,0105	
185	45,3168	185	44,1768	185	31,4978	185	13,5577	185	28,0064	
186	45,2612	186	44,1267	186	31,4889	186	13,5424	186	27,9532	
187	45,1931	187	44,106	187	31,4824	187	13,5764	187	27,976	
188	45,0071	188	44,1003	188	31,4815	188	13,5354	188	27,983	
189	45,0154	189	44,1001	189	31,5042	189	13,578	189	27,9804	
190	45,1427	190	44,0636	190	31,5194	190	13,5534	190	27,9457	
191	45,2458	191	44,0345	191	31,3904	191	13,5388	191	27,9638	
192	45,1226	192	43,9904	192	31,3834	192	13,5751	192	27,8455	
193	44,9662	193	43,9693	193	31,3706	193	13,5367	193	27,8887	
194	44,9228	194	43,9617	194	31,3971	194	13,5733	194	27,8405	
195	44,9586	195	43,9068	195	31,3801	195	13,5702	195	27,8554	
196	44,953	196	43,888	196	31,285	196	13,5376	196	27,8311	
197	44,8991	197	43,8799	197	31,4328	197	13,5856	197	27,8908	
198	44,9353	198	43,8206	198	31,3657	198	13,5651	198	27,8466	
199	44,8727	199	43,7588	199	31,4093	199	13,5579	199	27,8315	
200	44,7993	200	43,7866	200	31,2891	200	13,6285	200	27,8894	
201	44,7382	201	43,737	201	31,2995	201	13,5814	201	27,7962	
202	44,7514	202	43,7034	202	31,2913	202	13,6007	202	27,8577	
203	44,7601	203	43,6835	203	31,2182	203	13,5899	203	27,7886	
204	44,7442	204	43,682	204	31,3542	204	13,5969	204	27,8007	
205	44,7496	205	43,6298	205	31,2422	205	13,5814	205	27,7562	
206	44,7312	206	43,5822	206	31,1983	206	13,5721	206	27,7837	
207	44,7276	207	43,5597	207	31,2249	207	13,5915	207	27,7642	
208	44,7077	208	43,5097	208	31,2082	208	13,5755	208	27,7395	
209	44,6794	209	43,4755	209	31,2276	209	13,5885	209	27,7518	
210	44,6635	210	43,442	210	31,2107	210	13,6266	210	27,7349	
211	44,6173	211	43,4177	211	31,1846	211	13,6197	211	27,7045	
212	44,6267	212	43,3718	212	31,1641	212	13,6069	212	27,6792	
213	44,5599	213	43,3723	213	31,1576	213	13,6323	213	27,6355	
214	44,5888	214	43,3657	214	31,1876	214	13,6165	214	27,6495	
215	44,5216	215	43,3039	215	31,1701	215	13,5945	215	27,6155	
216	44,4711	216	43,274	216	31,0018	216	13,602	216	27,5974	
217	44,3905	217	43,2083	217	31,0246	217	13,6017	217	27,584	
218	44,3642	218	43,2126	218	31,0652	218	13,6067	218	27,5927	
219	44,2683	219	43,2112	219	30,9594	219	13,6128	219	27,5789	
220	44,1533	220	43,207	220	30,9951	220	13,6224	220	27,5823	
221	43,949	221	43,118	221	30,9333	221	13,603	221	27,4802	
222	43,8652	222	43,1149	222	30,9137	222	13,5931	222	27,4982	
223	43,8896	223	43,0961	223	30,9375	223	13,5915	223	27,4688	
224	43,8448	224	43,0687	224	30,9356	224	13,6067	224	27,5107	
225	43,8345	225	43,0804	225	31,0061	225	13,6106	225	27,5174	
226	43,7587	226	43,0481	226	31,0604	226	13,6495	226	27,4988	
227	43,784	227	42,986	227	30,9582	227	13,5963	227	27,5305	
228	43,7651	228	42,9589	228	30,959	228	13,6291	228	27,4838	
229	43,8083	229	42,9226	229	30,8767	229	13,6218	229	27,4611	
230	43,8435	230	42,907	230	30,8981	230	13,6197	230	27,4264	
231	43,7692	231	42,8631	231	30,9077	231	13,5994	231	27,4436	
232	43,7437	232	42,8803	232	30,8316	232	13,6595	232	27,4248	
233	43,6632	233	42,8417	233	30,7898	233	13,6409	233	27,3974	
234	43,6808	234	42,8151	234	30,8493	234	13,6255	234	27,4166	
235	43,6471	235	42,7603	235	30,9015	235	13,6423	235	27,3559	
236	43,5892	236	42,7267	236	30,8074	236	13,6216	236	27,3783	
237	43,5331	237	42,7093	237	30,772	237	13,6309	237	27,3621	
238	43,6328	238	42,7075	238	30,8068	238	13,6562	238	27,3589	
239	43,6226	239	42,6406	239	30,695	239	13,6296	239	27,3005	
240	43,6072	240	42,5786	240	30,6553	240	13,6303	240	27,3337	
241	43,6096	241	42,6091	241	30,8097	241	13,6697	241	27,3566	
242	43,5252	242	42,5369	242	30,655	242	13,6457	242	27,3046	
243	43,4691	243	42,5154	243	30,6841	243	13,6404	243	27,3201	
244	43,4436	244	42,4843	244	30,6418	244	13,6509	244	27,2853	
245	43,2069	245	42,4455	245	30,596	245	13,6244	245	27,2313	
246	43,2212	246	42,4488	246	30,5585	246	13,6517	246	27,2559	
247	43,1576	247	42,414	247	30,5467	247	13,6384	247	27,1909	
248	43,1697	248	42,4037	248	30,5542	248	13,664	248	27,2096	
249	43,2008	249	42,3768	249	30,5082	249	13,668	249	27,2489	
250	43,2582	250	42,3458	250	30,5614	250	13,6261	250	27,1274	
251	43,3008	251	42,3169	251	30,5454	251	13,6561	251	27,1212	
252	43,2648	252	42,3043	252	30,5242	252	13,6456	252	27,1753	
253	43,317	253	42,251	253	30,5206	253	13,6257	253	27,1458	
254	43,3266	254	42,2752	254	30,5281	254	13,6619	254	27,1416	
255	43,2596	255	42,2346	255	30,4843	255	13,6437	255	27,1023	
256	43,1521	256	42,225	256	30,4742	256	13,6477	256	27,0521	
257	43,0261	257	42,2498	257	30,416	257	13,6817	257	27,0838	
258	43,0323	258	42,1759	258	30,3442	258	13,6498	258	27,0848	
259	43,0531	259	42,1733	259	30,5008	259	13,6705	259	27,0609	
260	43,0126	260	42,0871	260	30,4062	260	13,646	260	27,0221	
261	42,936	261	42,0954	261	30,4136	261	13,6483	261	27,0677	
262	42,9254	262	42,0354	262	30,3991	262	13,6321	262	27,0404	
263	42,9455	263	42,0391	263	30,3361	263	13,6287	263	27,0573	
264	42,8854	264	42,0133	264	30,3758	264	13,6571	264	27,0166	
265	42,8877	265	41,9912	265	30,3347	265	13,6554	265	27,0545	
266	42,7631	266	41,9552	266	30,3594	266	13,6781	266	27,0222	
267	42,8175	267	41,9413	267	30,2955	267	13,6648	267	27,0143	
268	42,8278	268	41,9042	268	30,25	268	13,6487	268	26,9686	
269	42,7598	269	41,8765	269	30,2479	269	13,6479	269	26,9778	
270	42,7608	270	41,8247	270	30,1866	270	13,6363	270	26,9206	
271	42,7993	271	41,8341	271	30,2952	271	13,6478	271	26,9843	
272	42,7954	272	41,7982	272	30,1922	272	13,6473	272	26,9177	
273	42,7632	273	41,8127	273	30,2158	273	13,6503	273	26,9414	
274	42,7953	274	41,7237	274	30,2095	274	13,6238	274	26,8559	
275	42,8162	275	41,6846	275	30,234	275	13,6468	275	26,8644	
276	42,7013	276	41,6443	276	30,1551	276	13,6321	276	26,8659	
277	42,6066	277	41,6384	277	30,2127	277	13,6671	277	26,8982	
278	42,5948	278	41,6049	278	30,2094	278	13,6557	278	26,8591	
279	42,5764	279	41,6462	279	30,2201	279	13,6861	279	26,8877	
280	42,5535	280	41,606	280	30,1338	280	13,6768	280	26,8997	
281	42,5119	281	41,567	281	30,1189	281	13,6311	281	26,805	
282	42,2963	282	41,5384	282	30,1168	282	13,6748	282	26,8421	
283	42,1613	283	41,5167	283	30,0479	283	13,6697	283	26,8192	
284	42,1226	284	41,4536	284	30,0908	284	13,6555	284	26,7971	
285	42,1315	285	41,447	285	30,0559	285	13,7022	285	26,7872	
286	42,1155	286	41,3806	286	30,0213	286	13,649	286	26,7562	
287	42,0991	287	41,3532	287	29,9945	287	13,6499	287	26,7034	
288	42,0978	288	41,3393	288	29,9767	288	13,6414	288	26,7378	
289	42,1063	289	41,3432	289	30,0399	289	13,6377	289	26,7296	
290	42,0649	290	41,3534	290	30,0319	290	13,6487	290	26,7055	
291	42,0914	291	41,3091	291	29,9269	291	13,641	291	26,7115	
292	42,1376	292	41,29	292	29,9307	292	13,6538	292	26,67	
293	42,1321	293	41,2548	293	29,9882	293	13,6287	293	26,6447	
294	42,1673	294	41,2315	294	29,9162	294	13,6344	294	26,6569	
295	42,1338	295	41,1561	295	29,9731	295	13,6363	295	26,6734	
296	42,1166	296	41,1076	296	30,0049	296	13,6552	296	26,686	
297	42,1487	297	41,0957	297	29,8759	297	13,646	297	26,6212	
298	42,1131	298	41,1034	298	29,8192	298	13,6309	298	26,6205	
299	42,072	299	41,0751	299	29,7986	299	13,632	299	26,588	
300	42,0681	300	41,0293	300	29,8102	300	13,639	300	26,6049	
301	42,0329	301	40,9811	301	29,8146	301	13,6525	301	26,5526	
302	42,0044	302	40,9897	302	29,7853	302	13,648	302	26,5369	
303	41,9447	303	40,9373	303	29,762	303	13,6444	303	26,5347	
304	41,9839	304	40,9369	304	29,7436	304	13,6477	304	26,5451	
305	41,8913	305	40,9064	305	29,7603	305	13,6541	305	26,4859	
306	41,7966	306	40,8861	306	29,6848	306	13,6386	306	26,4908	
307	41,7458	307	40,8808	307	29,6597	307	13,6347	307	26,4581	
308	41,7272	308	40,8815	308	29,6769	308	13,643	308	26,4862	
309	41,5602	309	40,9111	309	29,6207	309	13,6481	309	26,453	
310	41,6029	310	40,8751	310	29,7042	310	13,6397	310	26,4419	
311	41,5959	311	40,8169	311	29,6309	311	13,6298	311	26,4438	
312	41,6185	312	40,7834	312	29,5707	312	13,6259	312	26,4523	
313	41,456	313	40,7826	313	29,5929	313	13,6256	313	26,4175	
314	41,34	314	40,7281	314	29,5783	314	13,6332	314	26,4369	
315	41,3632	315	40,7361	315	29,6174	315	13,6542	315	26,419	
316	41,3352	316	40,6982	316	29,6553	316	13,644	316	26,3707	
317	41,3136	317	40,687	317	29,6549	317	13,6331	317	26,3736	
318	41,2778	318	40,6414	318	29,5072	318	13,6212	318	26,334	
319	41,2529	319	40,5829	319	29,5008	319	13,6128	319	26,3426	
320	41,3723	320	40,5847	320	29,4706	320	13,6479	320	26,3439	
321	41,2666	321	40,5796	321	29,5614	321	13,6599	321	26,3543	
322	41,2705	322	40,558	322	29,47	322	13,6374	322	26,3235	
323	41,1678	323	40,5143	323	29,4188	323	13,6031	323	26,2547	
324	41,1224	324	40,4842	324	29,481	324	13,6242	324	26,2841	
325	41,1392	325	40,458	325	29,4744	325	13,6389	325	26,2779	
326	41,2034	326	40,4579	326	29,4347	326	13,6435	326	26,29	
327	41,2033	327	40,4125	327	29,409	327	13,6099	327	26,2411	
328	41,1159	328	40,4059	328	29,376	328	13,6184	328	26,2821	
329	41,1016	329	40,389	329	29,3533	329	13,6216	329	26,2697	
330	41,0047	330	40,3628	330	29,3528	330	13,6234	330	26,1941	
331	40,9887	331	40,3417	331	29,3757	331	13,6238	331	26,1728	
332	40,9535	332	40,3072	332	29,3248	332	13,6247	332	26,2331	
333	40,9719	333	40,2659	333	29,3104	333	13,6458	333	26,1997	
334	41,0201	334	40,2174	334	29,2689	334	13,6224	334	26,1596	
335	40,9031	335	40,1772	335	29,2805	335	13,6122	335	26,1528	
336	40,7513	336	40,1317	336	29,2783	336	13,5861	336	26,1661	
337	40,7265	337	40,1314	337	29,3095	337	13,622	337	26,1337	
338	40,7537	338	40,1257	338	29,2275	338	13,6252	338	26,1303	
339	40,6436	339	40,0934	339	29,2325	339	13,6036	339	26,099	
340	40,7318	340	40,1016	340	29,231	340	13,6159	340	26,1027	
341	40,6394	341	40,1123	341	29,2187	341	13,6497	341	26,071	
342	40,5876	342	40,0902	342	29,2105	342	13,6342	342	26,043	
343	40,6834	343	40,0127	343	29,1774	343	13,6049	343	26,0267	
344	40,7661	344	39,9742	344	29,1578	344	13,6094	344	26,0368	
345	40,5758	345	39,9499	345	29,1309	345	13,6232	345	26,0514	
346	40,5266	346	39,9644	346	29,1672	346	13,6304	346	26,0231	
347	40,4653	347	39,9577	347	29,1553	347	13,6098	347	26,0348	
348	40,5022	348	39,9005	348	29,0773	348	13,607	348	25,9617	
349	40,4891	349	39,9132	349	29,0924	349	13,6161	349	25,9972	
350	40,5574	350	39,8957	350	29,0762	350	13,6059	350	25,9578	
351	40,6093	351	39,8135	351	28,9988	351	13,6199	351	25,9641	
352	40,6113	352	39,804	352	28,9877	352	13,5964	352	25,955	
353	40,5909	353	39,7592	353	29,0809	353	13,614	353	25,9318	
354	40,5932	354	39,7378	354	28,9882	354	13,6245	354	25,9503	
355	40,6276	355	39,7193	355	29,057	355	13,6022	355	25,9551	
356	40,6566	356	39,7024	356	29,0357	356	13,5959	356	25,8908	
357	40,6387	357	39,675	357	28,9822	357	13,6208	357	25,873	
358	40,5357	358	39,631	358	28,9697	358	13,6072	358	25,8987	
359	40,3734	359	39,6094	359	28,9122	359	13,6438	359	25,8461	
360	40,3161	360	39,5817	360	28,9718	360	13,6088	360	25,8068	
361	40,3504	361	39,5209	361	28,877	361	13,6191	361	25,8401	
362	40,3722	362	39,5297	362	28,8797	362	13,6276	362	25,8627	
363	40,3308	363	39,4831	363	28,9103	363	13,6133	363	25,7971	
364	40,2912	364	39,4481	364	28,8811	364	13,5994	364	25,8032	
365	40,305	365	39,4601	365	28,8513	365	13,6103	365	25,813	
366	40,2908	366	39,4182	366	28,8189	366	13,6232	366	25,7692	
367	40,232	367	39,3694	367	28,7913	367	13,6305	367	25,7627	
368	40,2756	368	39,3307	368	28,8148	368	13,5938	368	25,7527	
369	40,245	369	39,3127	369	28,7001	369	13,5897	369	25,6916	
370	40,2018	370	39,2855	370	28,7672	370	13,5947	370	25,7041	
371	40,228	371	39,3003	371	28,7747	371	13,6094	371	25,747	
372	40,1851	372	39,305	372	28,698	372	13,6065	372	25,6412	
373	40,15	373	39,3044	373	28,7506	373	13,6136	373	25,6558	
374	40,0872	374	39,266	374	28,7532	374	13,6081	374	25,6414	
375	40,0306	375	39,2276	375	28,7309	375	13,6147	375	25,6677	
376	40,0009	376	39,2184	376	28,7381	376	13,6057	376	25,6862	
377	39,9504	377	39,1828	377	28,7035	377	13,6503	377	25,7063	
378	39,878	378	39,1679	378	28,7022	378	13,6351	378	25,6762	
379	39,8051	379	39,1632	379	28,7318	379	13,6308	379	25,6572	
380	39,7931	380	39,1205	380	28,6967	380	13,6319	380	25,5923	
381	39,8183	381	39,0607	381	28,617	381	13,6218	381	25,604	
382	39,8458	382	39,08	382	28,6586	382	13,6292	382	25,5824	
383	39,829	383	39,0384	383	28,6048	383	13,6447	383	25,5865	
384	39,7662	384	39,0152	384	28,5451	384	13,621	384	25,5555	
385	39,6871	385	38,9836	385	28,5443	385	13,6369	385	25,5792	
386	39,6581	386	38,9628	386	28,6169	386	13,6227	386	25,569	
387	39,669	387	38,9461	387	28,5841	387	13,6415	387	25,5313	
388	39,6367	388	38,9089	388	28,5729	388	13,6296	388	25,4932	
389	39,6429	389	38,8649	389	28,5548	389	13,6414	389	25,5379	
390	39,6303	390	38,8421	390	28,5422	390	13,6457	390	25,5459	
391	39,5574	391	38,7932	391	28,5159	391	13,6525	391	25,5484	
392	39,6076	392	38,7885	392	28,4942	392	13,6477	392	25,5417	
393	39,6708	393	38,7387	393	28,4477	393	13,6387	393	25,4469	
394	39,7185	394	38,709	394	28,4502	394	13,6317	394	25,4844	
395	39,6642	395	38,7018	395	28,4212	395	13,6205	395	25,4218	
396	39,6001	396	38,6822	396	28,3935	396	13,621	396	25,4469	
397	39,5104	397	38,6493	397	28,3975	397	13,6298	397	25,4174	
398	39,4882	398	38,6021	398	28,3516	398	13,664	398	25,4224	
399	39,4968	399	38,5966	399	28,4219	399	13,6655	399	25,405	
400	39,4516	400	38,538	400	28,3496	400	13,6237	400	25,3731	
401	39,4034	401	38,5214	401	28,3046	401	13,6426	401	25,4017	
402	39,4312	402	38,5114	402	28,3741	402	13,6738	402	25,3698	
403	39,4535	403	38,4886	403	28,3313	403	13,6309	403	25,3552	
404	39,3942	404	38,4963	404	28,356	404	13,7013	404	25,3512	
405	39,3854	405	38,5115	405	28,2456	405	13,6777	405	25,3373	
406	39,3313	406	38,5024	406	28,2727	406	13,6799	406	25,3263	
407	39,226	407	38,4449	407	28,1821	407	13,6621	407	25,301	
408	39,2094	408	38,4121	408	28,2465	408	13,6577	408	25,2707	
409	39,2683	409	38,3975	409	28,2949	409	13,6495	409	25,2744	
410	39,2627	410	38,4061	410	28,2236	410	13,6945	410	25,3251	
411	39,3507	411	38,3921	411	28,2654	411	13,6978	411	25,3015	
412	39,408	412	38,3709	412	28,2031	412	13,67	412	25,2644	
413	39,3861	413	38,3695	413	28,1777	413	13,7014	413	25,2947	
414	38,961	414	38,2855	414	28,2082	414	13,6933	414	25,2318	
415	38,9069	415	38,2663	415	28,1789	415	13,6936	415	25,2643	
416	38,8866	416	38,242	416	28,1502	416	13,6874	416	25,2355	
417	38,889	417	38,2245	417	28,1777	417	13,7186	417	25,2739	
418	38,9107	418	38,2239	418	28,1205	418	13,7108	418	25,1982	
419	38,8025	419	38,1952	419	28,1537	419	13,7177	419	25,1914	
420	38,7998	420	38,1669	420	28,1742	420	13,6903	420	25,1859	
421	38,7939	421	38,1393	421	28,1694	421	13,6969	421	25,1768	
422	38,8347	422	38,1086	422	28,1149	422	13,696	422	25,1628	
423	38,8804	423	38,0956	423	28,1046	423	13,7133	423	25,1615	
424	38,8673	424	38,076	424	28,0363	424	13,6851	424	25,1836	
425	38,8261	425	38,0677	425	28,0595	425	13,7143	425	25,1426	
426	38,7082	426	38,0208	426	28,0828	426	13,7179	426	25,1801	
427	38,6181	427	37,9735	427	28,0501	427	13,6896	427	25,1271	
428	38,5883	428	37,9463	428	28,0203	428	13,6928	428	25,1265	
429	38,6185	429	37,9391	429	28,0295	429	13,6931	429	25,131	
430	38,6505	430	37,9072	430	27,9125	430	13,7067	430	25,086	
431	38,6037	431	37,8881	431	28,0138	431	13,7067	431	25,0978	
432	38,5711	432	37,865	432	27,968	432	13,7137	432	25,1222	
433	38,5437	433	37,8315	433	27,9515	433	13,7076	433	25,0377	
434	38,4799	434	37,8498	434	27,9516	434	13,7219	434	25,0576	
435	38,414	435	37,7942	435	27,9492	435	13,7281	435	25,059	
436	38,3286	436	37,7733	436	27,9371	436	13,723	436	25,0256	
437	38,2913	437	37,7836	437	27,8881	437	13,7283	437	25,0431	
438	38,3148	438	37,7375	438	27,8812	438	13,7455	438	25,0134	
439	38,3355	439	37,6826	439	27,8668	439	13,731	439	25,0255	
440	38,2989	440	37,7012	440	27,8271	440	13,7185	440	25,0046	
441	38,3263	441	37,7021	441	27,803	441	13,7194	441	24,9951	
442	38,3292	442	37,6475	442	27,7767	442	13,7213	442	24,9625	
443	38,442	443	37,6375	443	27,8642	443	13,7493	443	24,9945	
444	38,4593	444	37,618	444	27,7954	444	13,7346	444	24,9912	
445	38,3642	445	37,644	445	27,832	445	13,7502	445	24,9967	
446	38,4073	446	37,5894	446	27,7651	446	13,7411	446	24,9216	
447	38,4135	447	37,5655	447	27,7481	447	13,7434	447	24,9197	
448	38,3926	448	37,577	448	27,8242	448	13,7718	448	24,9356	
449	38,4244	449	37,4994	449	27,8124	449	13,7284	449	24,9095	
450	38,3749	450	37,5301	450	27,7619	450	13,7645	450	24,9566	
451	38,3804	451	37,4882	451	27,6818	451	13,7798	451	24,9487	
452	38,2646	452	37,4748	452	27,7122	452	13,7553	452	24,9173	
453	38,2584	453	37,4758	453	27,7301	453	13,7419	453	24,8663	
454	38,2212	454	37,4617	454	27,6867	454	13,7466	454	24,8553	
455	38,2054	455	37,4262	455	27,7168	455	13,738	455	24,8912	
456	38,1276	456	37,3978	456	27,6641	456	13,7423	456	24,8667	
457	38,0524	457	37,3382	457	27,6568	457	13,7492	457	24,839	
458	38,0533	458	37,3325	458	27,7146	458	13,7882	458	24,8365	
459	38,0474	459	37,2985	459	27,6468	459	13,773	459	24,8829	
460	38,0334	460	37,2298	460	27,579	460	13,7492	460	24,8276	
461	38,0296	461	37,2322	461	27,5861	461	13,7235	461	24,8452	
462	38,0463	462	37,2385	462	27,6415	462	13,779	462	24,8383	
463	38,0947	463	37,232	463	27,6589	463	13,7805	463	24,801	
464	38,055	464	37,215	464	27,5518	464	13,7574	464	24,8017	
465	38,0273	465	37,1961	465	27,5973	465	13,7853	465	24,802	
466	38,0032	466	37,155	466	27,6689	466	13,7786	466	24,758	
467	37,8975	467	37,1171	467	27,559	467	13,7776	467	24,7433	
468	37,9076	468	37,0929	468	27,5548	468	13,7939	468	24,7845	
469	37,9091	469	37,0861	469	27,5263	469	13,7922	469	24,7678	
470	37,7343	470	37,0305	470	27,4414	470	13,7698	470	24,7176	
471	37,6993	471	37,0315	471	27,5174	471	13,8042	471	24,6591	
472	37,6498	472	37,066	472	27,4811	472	13,8208	472	24,7186	
473	37,5887	473	37,028	473	27,3937	473	13,7854	473	24,6684	
474	37,5632	474	36,9835	474	27,4261	474	13,7576	474	24,6328	
475	37,4708	475	36,9472	475	27,4493	475	13,793	475	24,6896	
476	37,4943	476	36,9586	476	27,409	476	13,7889	476	24,6666	
477	37,5299	477	36,9376	477	27,3666	477	13,8114	477	24,6558	
478	37,4484	478	36,9314	478	27,4112	478	13,8303	478	24,6713	
479	37,3492	479	36,9428	479	27,4129	479	13,8229	479	24,6531	
480	37,3002	480	36,8691	480	27,3606	480	13,8024	480	24,6106	
481	37,2584	481	36,8487	481	27,3613	481	13,804	481	24,6448	
482	37,3808	482	36,8223	482	27,3695	482	13,801	482	24,6134	
483	37,3454	483	36,829	483	27,3663	483	13,8082	483	24,6116	
484	37,2798	484	36,7913	484	27,4042	484	13,8203	484	24,6491	
485	37,318	485	36,7504	485	27,3049	485	13,8195	485	24,6275	
486	37,321	486	36,7526	486	27,3689	486	13,808	486	24,5528	
487	37,3836	487	36,6837	487	27,2891	487	13,783	487	24,5483	
488	37,3514	488	36,6833	488	27,3485	488	13,815	488	24,5592	
489	37,341	489	36,7192	489	27,4069	489	13,8511	489	24,5766	
490	37,1829	490	36,6548	490	27,2048	490	13,8112	490	24,5361	
491	37,2026	491	36,6308	491	27,2513	491	13,8287	491	24,5582	
492	37,2618	492	36,6219	492	27,2371	492	13,831	492	24,5222	
493	37,2303	493	36,5897	493	27,2428	493	13,8487	493	24,5416	
494	37,3018	494	36,5496	494	27,2287	494	13,8583	494	24,4996	
495	37,3477	495	36,519	495	27,2454	495	13,8433	495	24,4857	
496	37,2494	496	36,5011	496	27,1916	496	13,846	496	24,5007	
497	37,2293	497	36,4671	497	27,129	497	13,8481	497	24,4791	
498	37,2291	498	36,4929	498	27,1776	498	13,8624	498	24,5127	
499	37,1388	499	36,4198	499	27,2264	499	13,8464	499	24,4784	
500	36,9124	500	36,4518	500	27,2107	500	13,853	500	24,4759	
501	36,9646	501	36,4069	501	27,1474	501	13,8567	501	24,4805	
502	36,8105	502	36,3775	502	27,164	502	13,8481	502	24,4262	
503	36,7353	503	36,3626	503	27,1353	503	13,874	503	24,4083	
504	36,7	504	36,3433	504	27,1017	504	13,8605	504	24,4134	
505	36,7536	505	36,322	505	27,0298	505	13,8912	505	24,4283	
506	36,7382	506	36,3452	506	27,1314	506	13,891	506	24,429	
507	36,7017	507	36,3027	507	27,0726	507	13,8644	507	24,3676	
508	36,6539	508	36,2876	508	27,087	508	13,8732	508	24,4204	
509	36,6812	509	36,2753	509	27,0558	509	13,8755	509	24,4227	
510	36,6994	510	36,3007	510	27,021	510	13,8881	510	24,3874	
511	36,6888	511	36,2592	511	27,0673	511	13,8891	511	24,3727	
512	36,7093	512	36,2147	512	27,0573	512	13,8642	512	24,3349	
513	36,7533	513	36,2092	513	27,0839	513	13,9316	513	24,3435	
514	36,6923	514	36,1849	514	27,0872	514	13,9139	514	24,3757	
515	36,6379	515	36,1052	515	26,994	515	13,8517	515	24,3243	
516	36,647	516	36,1205	516	26,9821	516	13,9021	516	24,321	
517	36,6821	517	36,0852	517	27,0087	517	13,9266	517	24,3372	
518	36,6619	518	36,0732	518	26,9825	518	13,9535	518	24,3019	
519	36,6281	519	36,0601	519	26,99	519	13,8972	519	24,3156	
520	36,6253	520	36,0149	520	26,9303	520	13,904	520	24,2945	
521	36,6254	521	36,0018	521	26,9633	521	13,9322	521	24,2785	
522	36,5787	522	35,9702	522	26,8867	522	13,9186	522	24,2626	
523	36,5218	523	35,9459	523	26,8909	523	13,92	523	24,2735	
524	36,5371	524	35,9608	524	27,0096	524	13,948	524	24,271	
525	36,4842	525	35,9035	525	26,9429	525	13,9306	525	24,2168	
526	36,4925	526	35,8982	526	26,9498	526	13,972	526	24,2796	
527	36,3962	527	35,8804	527	26,9069	527	13,981	527	24,2819	
528	36,3726	528	35,8435	528	26,8645	528	13,9262	528	24,2309	
529	36,3276	529	35,8417	529	26,9311	529	13,9582	529	24,2504	
530	36,3041	530	35,7782	530	26,8632	530	13,9531	530	24,1843	
531	36,3216	531	35,7958	531	26,847	531	13,972	531	24,1865	
532	36,3355	532	35,7991	532	26,8725	532	14,002	532	24,1916	
533	36,3781	533	35,7356	533	26,8801	533	13,9792	533	24,1955	
534	36,3691	534	35,7291	534	26,8467	534	13,9997	534	24,2131	
535	36,3677	535	35,6992	535	26,7892	535	13,9807	535	24,2103	
536	36,3141	536	35,6491	536	26,7477	536	13,9731	536	24,1559	
537	36,3176	537	35,6338	537	26,7247	537	13,9913	537	24,2004	
538	36,2873	538	35,6119	538	26,7682	538	14,0024	538	24,1287	
539	36,3142	539	35,6047	539	26,7034	539	14,0331	539	24,1573	
540	36,2962	540	35,5807	540	26,7555	540	13,9996	540	24,1628	
541	36,3154	541	35,5445	541	26,719	541	13,997	541	24,1399	
542	36,2557	542	35,5673	542	26,7011	542	14,0194	542	24,1092	
543	36,2283	543	35,5289	543	26,676	543	14,0145	543	24,0835	
544	36,1046	544	35,5331	544	26,6797	544	14,0312	544	24,1048	
545	36,095	545	35,5097	545	26,6651	545	14,0125	545	24,0825	
546	36,1218	546	35,517	546	26,7125	546	14,0486	546	24,0857	
547	36,1016	547	35,5075	547	26,6596	547	14,0747	547	24,1243	
548	36,0983	548	35,4238	548	26,6308	548	14,0275	548	24,0652	
549	36,1164	549	35,4173	549	26,6384	549	14,0624	549	24,0842	
550	36,1487	550	35,3811	550	26,5977	550	14,0584	550	24,0718	
551	36,079	551	35,3618	551	26,6089	551	14,0545	551	24,0579	
552	36,1072	552	35,3676	552	26,5454	552	14,067	552	24,0652	
553	36,0448	553	35,3128	553	26,6086	553	14,0374	553	24,0453	
554	36,0328	554	35,2882	554	26,622	554	14,0705	554	24,0819	
555	36,008	555	35,2823	555	26,6296	555	14,0821	555	24,0442	
556	35,9345	556	35,2838	556	26,5949	556	14,1008	556	24,042	
557	35,8662	557	35,2511	557	26,5779	557	14,097	557	24,0415	
558	35,812	558	35,2404	558	26,5398	558	14,0962	558	24,0279	
559	35,834	559	35,2178	559	26,5684	559	14,0664	559	23,9705	
560	35,8578	560	35,2228	560	26,4655	560	14,0916	560	23,9747	
561	35,7339	561	35,2128	561	26,504	561	14,1252	561	23,9764	
562	35,685	562	35,2025	562	26,5167	562	14,139	562	24,0113	
563	35,7092	563	35,1443	563	26,4976	563	14,1178	563	23,9979	
564	35,6367	564	35,1659	564	26,4883	564	14,1451	564	24,0131	
565	35,6087	565	35,1162	565	26,5141	565	14,1469	565	23,9841	
566	35,6223	566	35,1186	566	26,4996	566	14,1675	566	24,0041	
567	35,5928	567	35,101	567	26,4983	567	14,1643	567	24,0019	
568	35,6474	568	35,0589	568	26,5271	568	14,1386	568	23,9499	
569	35,6496	569	35,02	569	26,4521	569	14,1491	569	23,9593	
570	35,6758	570	35,0473	570	26,4895	570	14,2102	570	23,9661	
571	35,6779	571	35,0239	571	26,4074	571	14,1883	571	23,9703	
572	35,553	572	34,9739	572	26,4697	572	14,1974	572	23,9784	
573	35,5579	573	34,9446	573	26,3652	573	14,1876	573	23,9351	
574	35,5082	574	34,9092	574	26,3945	574	14,2025	574	23,9329	
575	35,4935	575	34,8898	575	26,4364	575	14,2409	575	23,9441	
576	35,5038	576	34,8841	576	26,3928	576	14,2231	576	23,916	
577	35,5067	577	34,8913	577	26,4417	577	14,2358	577	23,9465	
578	35,3618	578	34,8216	578	26,319	578	14,1986	578	23,8733	
579	35,3699	579	34,8284	579	26,4056	579	14,2547	579	23,8778	
580	35,289	580	34,8255	580	26,2999	580	14,2427	580	23,8541	
581	35,3393	581	34,815	581	26,3029	581	14,2429	581	23,8756	
582	35,19	582	34,7683	582	26,3327	582	14,262	582	23,8856	
583	35,1224	583	34,7748	583	26,3058	583	14,3016	583	23,914	
584	35,1337	584	34,7707	584	26,3517	584	14,3008	584	23,9065	
585	35,1183	585	34,7279	585	26,2906	585	14,2929	585	23,8505	
586	35,1003	586	34,74	586	26,2754	586	14,3128	586	23,8698	
587	35,1151	587	34,7355	587	26,3176	587	14,322	587	23,8997	
588	35,085	588	34,7218	588	26,309	588	14,3415	588	23,9119	
589	35,1347	589	34,6881	589	26,3071	589	14,3119	589	23,8698	
590	35,1151	590	34,6934	590	26,2606	590	14,3321	590	23,8336	
591	35,1486	591	34,6391	591	26,2564	591	14,346	591	23,8317	
592	35,19	592	34,6288	592	26,3006	592	14,3378	592	23,8719	
593	35,1506	593	34,5817	593	26,2362	593	14,3413	593	23,8461	
594	35,1076	594	34,5358	594	26,2475	594	14,3504	594	23,8276	
595	35,0279	595	34,5309	595	26,328	595	14,3754	595	23,8425	
596	34,9793	596	34,5482	596	26,2346	596	14,3849	596	23,8189	
597	34,9722	597	34,5322	597	26,2854	597	14,421	597	23,8486	
598	35,0111	598	34,4689	598	26,1782	598	14,3738	598	23,7875	
599	35,0077	599	34,4544	599	26,2197	599	14,4176	599	23,8192	
600	35,0244	600	34,4558	600	26,2197	600	14,4504	600	23,8531	
601	35,0034	601	34,4254	601	26,1778	601	14,4277	601	23,805	
602	34,9564	602	34,4029	602	26,1579	602	14,4524	602	23,8324	
603	34,9783	603	34,3815	603	26,1675	603	14,4177	603	23,788	
604	34,9996	604	34,3677	604	26,1215	604	14,4437	604	23,7949	
605	34,9854	605	34,3581	605	26,1594	605	14,4587	605	23,7668	
606	34,9799	606	34,3171	606	26,1507	606	14,4694	606	23,7703	
607	35,0137	607	34,2834	607	26,1309	607	14,4556	607	23,7807	
608	34,9808	608	34,2532	608	26,1505	608	14,4892	608	23,7815	
609	34,9792	609	34,257	609	26,0972	609	14,495	609	23,7555	
610	34,9778	610	34,2269	610	26,1348	610	14,5082	610	23,7776	
611	34,9744	611	34,199	611	26,1029	611	14,4836	611	23,7371	
612	34,8576	612	34,1972	612	26,0365	612	14,5009	612	23,7273	
613	34,7655	613	34,1815	613	26,0547	613	14,5082	613	23,7062	
614	34,6671	614	34,1824	614	26,0749	614	14,522	614	23,7043	
615	34,5692	615	34,1313	615	26,0636	615	14,543	615	23,744	
616	34,624	616	34,1051	616	26,0348	616	14,5282	616	23,7184	
617	34,6223	617	34,0994	617	26,0144	617	14,53	617	23,7032	
618	34,6048	618	34,0916	618	26,0339	618	14,5712	618	23,7422	
619	34,5765	619	34,1019	619	26,0344	619	14,574	619	23,7171	
620	34,579	620	34,0583	620	25,9881	620	14,5601	620	23,7161	
621	34,5356	621	34,0642	621	25,995	621	14,5709	621	23,7287	
622	34,5103	622	34,0365	622	25,9991	622	14,6108	622	23,7101	
623	34,5241	623	34,0622	623	25,9363	623	14,6127	623	23,6983	
624	34,4926	624	34,0357	624	25,9861	624	14,6105	624	23,724	
625	34,48	625	33,9604	625	26,0117	625	14,6139	625	23,7265	
626	34,518	626	33,9565	626	25,9861	626	14,6124	626	23,6772	
627	34,5054	627	33,9641	627	25,9984	627	14,6363	627	23,6816	
628	34,4815	628	33,913	628	25,9582	628	14,6134	628	23,6626	
629	34,4621	629	33,9138	629	25,944	629	14,6462	629	23,6582	
630	34,4124	630	33,873	630	25,9812	630	14,6633	630	23,6941	
631	34,3981	631	33,8651	631	25,9633	631	14,6842	631	23,6459	
632	34,407	632	33,8351	632	25,9482	632	14,6742	632	23,608	
633	34,3943	633	33,8273	633	25,9526	633	14,6977	633	23,6805	
634	34,3861	634	33,7924	634	25,9085	634	14,6518	634	23,6506	
635	34,4455	635	33,7964	635	25,8478	635	14,6911	635	23,6352	
636	34,455	636	33,7475	636	25,9104	636	14,7166	636	23,6421	
637	34,3627	637	33,7582	637	25,8845	637	14,7009	637	23,5929	
638	34,1505	638	33,7394	638	25,8513	638	14,737	638	23,6217	
639	34,0677	639	33,7053	639	25,918	639	14,7372	639	23,6346	
640	34,1078	640	33,6897	640	25,906	640	14,7069	640	23,6183	
641	34,0905	641	33,6819	641	25,8888	641	14,7343	641	23,6317	
642	34,1338	642	33,6547	642	25,8793	642	14,7457	642	23,6123	
643	34,1197	643	33,6371	643	25,8606	643	14,7726	643	23,6158	
644	34,087	644	33,6198	644	25,8394	644	14,7512	644	23,6163	
645	34,1309	645	33,6058	645	25,8008	645	14,7575	645	23,57	
646	34,1051	646	33,6049	646	25,8584	646	14,7942	646	23,6344	
647	34,0497	647	33,5637	647	25,8329	647	14,7646	647	23,5914	
648	33,9721	648	33,5804	648	25,7827	648	14,7616	648	23,5775	
649	33,928	649	33,5685	649	25,7792	649	14,8033	649	23,5669	
650	33,9887	650	33,5551	650	25,7539	650	14,8078	650	23,5586	
651	33,9963	651	33,5625	651	25,767	651	14,8306	651	23,5514	
652	33,9578	652	33,5864	652	25,7699	652	14,8625	652	23,6223	
653	33,8935	653	33,5004	653	25,8234	653	14,8251	653	23,561	
654	33,842	654	33,45	654	25,7297	654	14,8358	654	23,5385	
655	33,9284	655	33,4546	655	25,7768	655	14,8214	655	23,5281	
656	33,9185	656	33,4733	656	25,7825	656	14,8643	656	23,5754	
657	33,9428	657	33,4394	657	25,7144	657	14,8589	657	23,5554	
658	33,933	658	33,4141	658	25,6935	658	14,856	658	23,5747	
659	33,9638	659	33,4122	659	25,7611	659	14,8746	659	23,5397	
660	33,975	660	33,3881	660	25,7481	660	14,8886	660	23,5267	
661	33,9355	661	33,3738	661	25,7285	661	14,8674	661	23,5335	
662	33,917	662	33,3509	662	25,7266	662	14,8903	662	23,5284	
663	33,8749	663	33,3537	663	25,7083	663	14,898	663	23,5256	
664	33,8951	664	33,3025	664	25,7322	664	14,8874	664	23,5439	
665	33,918	665	33,2842	665	25,7402	665	14,9049	665	23,523	
666	33,9214	666	33,2881	666	25,6941	666	14,9404	666	23,5511	
667	33,9397	667	33,2428	667	25,6744	667	14,9129	667	23,5049	
668	33,8912	668	33,2252	668	25,7119	668	14,9403	668	23,49	
669	33,8865	669	33,1956	669	25,676	669	14,9369	669	23,56	
670	33,8822	670	33,159	670	25,6439	670	14,9293	670	23,4843	
671	33,8527	671	33,1737	671	25,653	671	14,9361	671	23,4769	
672	33,8691	672	33,166	672	25,6679	672	14,9688	672	23,5164	
673	33,837	673	33,1251	673	25,6187	673	14,9367	673	23,5078	
674	33,8446	674	33,1503	674	25,5903	674	14,9752	674	23,5209	
675	33,7524	675	33,105	675	25,5923	675	14,9715	675	23,4671	
676	33,6905	676	33,0637	676	25,6216	676	14,9505	676	23,4415	
677	33,6845	677	33,0577	677	25,6004	677	14,9702	677	23,4502	
678	33,675	678	33,025	678	25,5807	678	14,9827	678	23,4285	
679	33,6349	679	32,9993	679	25,6186	679	14,9952	679	23,4802	
680	33,4932	680	32,973	680	25,5675	680	14,9784	680	23,4332	
681	33,4709	681	32,9739	681	25,549	681	15,0098	681	23,4696	
682	33,4539	682	32,9341	682	25,5241	682	15,0104	682	23,3974	
683	33,5366	683	32,9336	683	25,55	683	15,0074	683	23,3921	
684	33,4875	684	32,9381	684	25,5546	684	15,013	684	23,4236	
685	33,4366	685	32,9238	685	25,5642	685	15,0284	685	23,4309	
686	33,3709	686	32,8967	686	25,5133	686	15,028	686	23,4371	
687	33,3534	687	32,8875	687	25,4984	687	15,0416	687	23,3773	
688	33,3564	688	32,8694	688	25,5174	688	15,0294	688	23,3959	
689	33,3609	689	32,8263	689	25,4882	689	15,0304	689	23,387	
690	33,3961	690	32,8593	690	25,539	690	15,0663	690	23,4217	
691	33,3869	691	32,8089	691	25,4419	691	15,0494	691	23,4096	
692	33,4273	692	32,7827	692	25,4377	692	15,0751	692	23,378	
693	33,3938	693	32,8128	693	25,502	693	15,0976	693	23,4017	
694	33,4393	694	32,7527	694	25,4439	694	15,0505	694	23,334	
695	33,397	695	32,7809	695	25,4184	695	15,0767	695	23,3852	
696	33,3494	696	32,737	696	25,4545	696	15,0678	696	23,3821	
697	33,329	697	32,7326	697	25,451	697	15,1048	697	23,3638	
698	33,3072	698	32,6987	698	25,4561	698	15,089	698	23,3387	
699	33,2891	699	32,6972	699	25,4745	699	15,1146	699	23,3396	
700	33,2453	700	32,6716	700	25,4089	700	15,0971	700	23,3293	
701	33,199	701	32,6672	701	25,4291	701	15,1189	701	23,3703	
702	33,1938	702	32,6313	702	25,4236	702	15,0953	702	23,3591	
703	33,1867	703	32,5987	703	25,3738	703	15,1117	703	23,3296	
704	33,1909	704	32,5985	704	25,3764	704	15,1072	704	23,3213	
705	33,1758	705	32,5904	705	25,3895	705	15,1232	705	23,3382	
706	33,1974	706	32,5682	706	25,3823	706	15,1445	706	23,3211	
707	33,1382	707	32,5632	707	25,349	707	15,1157	707	23,3165	
708	33,1412	708	32,5524	708	25,315	708	15,168	708	23,325	
709	33,1108	709	32,5355	709	25,3413	709	15,1427	709	23,3292	
710	33,1001	710	32,4718	710	25,3769	710	15,1452	710	23,2631	
711	33,0869	711	32,4697	711	25,3823	711	15,166	711	23,2903	
712	33,0242	712	32,4572	712	25,348	712	15,1499	712	23,236	
713	32,9609	713	32,413	713	25,3054	713	15,1288	713	23,2667	
714	33,0366	714	32,4319	714	25,3503	714	15,1761	714	23,28	
715	33,0758	715	32,4227	715	25,3284	715	15,172	715	23,2921	
716	33,0826	716	32,4308	716	25,2888	716	15,1622	716	23,2653	
717	32,9501	717	32,4106	717	25,278	717	15,1841	717	23,2581	
718	32,8772	718	32,3832	718	25,2574	718	15,1805	718	23,2688	
719	32,8223	719	32,4009	719	25,236	719	15,178	719	23,2592	
720	32,655	720	32,373	720	25,2604	720	15,1739	720	23,2339	
721	32,772	721	32,338	721	25,2563	721	15,2065	721	23,2279	
722	32,8001	722	32,3098	722	25,201	722	15,1693	722	23,226	
723	32,8457	723	32,3115	723	25,2339	723	15,2034	723	23,2277	
724	32,7735	724	32,2696	724	25,23	724	15,1991	724	23,2512	
725	32,7932	725	32,2924	725	25,2128	725	15,2098	725	23,1905	
726	32,7273	726	32,3062	726	25,2758	726	15,2486	726	23,2616	
727	32,7761	727	32,2581	727	25,2524	727	15,2245	727	23,2216	
728	32,7466	728	32,2268	728	25,2728	728	15,2003	728	23,209	
729	32,804	729	32,2229	729	25,1787	729	15,2064	729	23,1686	
730	32,8166	730	32,24	730	25,1851	730	15,2519	730	23,202	
731	32,8453	731	32,1954	731	25,1341	731	15,179	731	23,175	
732	32,8555	732	32,1776	732	25,1629	732	15,1895	732	23,1978	
733	32,8287	733	32,1675	733	25,1976	733	15,2721	733	23,2003	
734	32,7635	734	32,1222	734	25,1812	734	15,2475	734	23,1882	
735	32,6887	735	32,1199	735	25,1176	735	15,2333	735	23,1822	
736	32,6976	736	32,1064	736	25,164	736	15,2491	736	23,1416	
737	32,7202	737	32,1014	737	25,1457	737	15,2636	737	23,1786	
738	32,676	738	32,0628	738	25,1172	738	15,2306	738	23,1459	
739	32,6914	739	32,0145	739	25,0837	739	15,233	739	23,1241	
740	32,6602	740	32,0191	740	25,1261	740	15,2729	740	23,1524	
741	32,614	741	32,0475	741	25,1127	741	15,2565	741	23,1442	
742	32,5603	742	32,0111	742	25,0831	742	15,2586	742	23,1538	
743	32,4227	743	32,0157	743	25,0589	743	15,2394	743	23,1494	
744	32,3848	744	31,9877	744	25,0535	744	15,243	744	23,1203	
745	32,3981	745	32,0161	745	25,1269	745	15,2818	745	23,1111	
746	32,4106	746	31,9663	746	25,0574	746	15,2603	746	23,0618	
747	32,4366	747	31,9543	747	25,0643	747	15,2705	747	23,0937	
748	32,4335	748	31,9317	748	25,0731	748	15,2518	748	23,096	
749	32,4391	749	31,9371	749	25,0725	749	15,3112	749	23,1128	
750	32,4555	750	31,9172	750	25,0222	750	15,2743	750	23,0866	
751	32,4895	751	31,8982	751	25,0224	751	15,2731	751	23,0911	
752	32,4552	752	31,873	752	25,0447	752	15,2789	752	23,1186	
753	32,3886	753	31,8894	753	25,0754	753	15,2885	753	23,0855	
754	32,2982	754	31,8079	754	24,9594	754	15,251	754	23,0554	
755	32,3176	755	31,8141	755	24,9845	755	15,2983	755	23,0938	
756	32,2511	756	31,8289	756	25,0623	756	15,2981	756	23,0818	
757	32,2563	757	31,7868	757	25,0123	757	15,29	757	23,0322	
758	32,2682	758	31,7547	758	24,9767	758	15,267	758	23,0297	
759	32,2681	759	31,7813	759	24,9898	759	15,2797	759	23,0347	
760	32,2914	760	31,7144	760	24,9692	760	15,3066	760	23,025	
761	32,1779	761	31,705	761	24,931	761	15,2657	761	23,0156	
762	32,0847	762	31,7071	762	24,9118	762	15,2959	762	23,0248	
763	32,0377	763	31,6972	763	24,9556	763	15,2744	763	22,9788	
764	32,0977	764	31,69	764	24,844	764	15,278	764	22,9706	
765	32,1232	765	31,712	765	24,8936	765	15,308	765	22,9895	
766	32,1274	766	31,6856	766	24,9676	766	15,3188	766	22,9946	
767	32,0794	767	31,642	767	24,8624	767	15,2894	767	22,9729	
768	32,0779	768	31,6275	768	24,8652	768	15,2632	768	22,9407	
769	32,106	769	31,6523	769	24,9044	769	15,296	769	22,9676	
770	32,0223	770	31,6233	770	24,9167	770	15,2813	770	22,9814	
771	32,0675	771	31,5544	771	24,8058	771	15,2581	771	22,9465	
772	32,0761	772	31,5568	772	24,8191	772	15,2754	772	22,9424	
773	32,0866	773	31,5496	773	24,8459	773	15,2885	773	22,9413	
774	32,0917	774	31,5661	774	24,8658	774	15,2981	774	22,9394	
775	32,048	775	31,5171	775	24,833	775	15,286	775	22,9335	
776	32,0459	776	31,5181	776	24,8704	776	15,3242	776	22,9478	
777	31,9677	777	31,51	777	24,8674	777	15,3269	777	22,951	
778	31,9793	778	31,48	778	24,8137	778	15,2918	778	22,9355	
779	31,9874	779	31,4666	779	24,8261	779	15,32	779	22,9668	
780	31,9721	780	31,432	780	24,7994	780	15,3078	780	22,9254	
781	31,9986	781	31,4018	781	24,777	781	15,3128	781	22,8944	
782	31,9677	782	31,3965	782	24,7613	782	15,3185	782	22,8754	
783	31,9885	783	31,3899	783	24,7481	783	15,3175	783	22,9038	
784	31,9082	784	31,3648	784	24,7356	784	15,3102	784	22,8885	
785	31,9046	785	31,3621	785	24,7574	785	15,3312	785	22,8379	
786	31,9254	786	31,3498	786	24,7289	786	15,3363	786	22,8439	
787	31,8802	787	31,3476	787	24,7323	787	15,3483	787	22,8549	
788	31,8702	788	31,3008	788	24,7084	788	15,3276	788	22,8073	
789	31,8605	789	31,2961	789	24,7174	789	15,3285	789	22,8593	
790	31,8683	790	31,2813	790	24,6883	790	15,3164	790	22,8421	
791	31,8549	791	31,3099	791	24,7426	791	15,343	791	22,8524	
792	31,7916	792	31,2695	792	24,6816	792	15,3515	792	22,8501	
793	31,6959	793	31,2459	793	24,6353	793	15,3453	793	22,8064	
794	31,6909	794	31,2339	794	24,7082	794	15,3531	794	22,8236	
795	31,6965	795	31,224	795	24,6534	795	15,315	795	22,7901	
796	31,5756	796	31,2045	796	24,6663	796	15,3394	796	22,7931	
797	31,6093	797	31,1909	797	24,6593	797	15,3276	797	22,7609	
798	31,6202	798	31,1838	798	24,6398	798	15,3165	798	22,7713	
799	31,6475	799	31,1545	799	24,5769	799	15,316	799	22,748	
800	31,5842	800	31,1567	800	24,6221	800	15,3358	800	22,7951	
801	31,6056	801	31,1095	801	24,6076	801	15,3417	801	22,7806	
802	31,5711	802	31,0937	802	24,596	802	15,3091	802	22,7392	
803	31,5022	803	31,0883	803	24,5556	803	15,3193	803	22,7565	
804	31,4585	804	31,0513	804	24,5803	804	15,3308	804	22,74	
805	31,5158	805	31,0794	805	24,5674	805	15,3355	805	22,7579	
806	31,4498	806	31,0234	806	24,5688	806	15,3416	806	22,7474	
807	31,3898	807	31,006	807	24,624	807	15,3663	807	22,7389	
808	31,3841	808	30,9819	808	24,5473	808	15,3295	808	22,7254	
809	31,3679	809	30,9976	809	24,5413	809	15,3435	809	22,6981	
810	31,4229	810	30,9778	810	24,528	810	15,3315	810	22,7127	
811	31,4213	811	30,9496	811	24,5153	811	15,3215	811	22,7085	
812	31,4747	812	30,959	812	24,4874	812	15,313	812	22,6986	
813	31,4773	813	30,9543	813	24,4869	813	15,3372	813	22,673	
814	31,3981	814	30,9535	814	24,4843	814	15,3631	814	22,6727	
815	31,2745	815	30,9692	815	24,4858	815	15,37	815	22,6715	
816	31,2258	816	30,9655	816	24,502	816	15,3615	816	22,7104	
817	31,217	817	30,9328	817	24,4601	817	15,3521	817	22,6688	
818	31,2197	818	30,9175	818	24,4447	818	15,3409	818	22,6809	
819	31,1895	819	30,8682	819	24,4617	819	15,3085	819	22,6478	
820	31,175	820	30,8725	820	24,5223	820	15,3719	820	22,6563	
821	31,1291	821	30,8423	821	24,4371	821	15,347	821	22,6771	
822	31,1699	822	30,8082	822	24,4524	822	15,331	822	22,6276	
823	31,1638	823	30,7785	823	24,4367	823	15,3362	823	22,6331	
824	31,2064	824	30,7582	824	24,4097	824	15,3361	824	22,5971	
825	31,2182	825	30,7459	825	24,4044	825	15,3236	825	22,6055	
826	31,2616	826	30,7321	826	24,3849	826	15,343	826	22,6101	
827	31,2523	827	30,7276	827	24,4149	827	15,3537	827	22,6103	
828	31,2337	828	30,7149	828	24,3382	828	15,3184	828	22,569	
829	31,2067	829	30,7182	829	24,3189	829	15,3241	829	22,5677	
830	31,2231	830	30,7303	830	24,3561	830	15,3659	830	22,6078	
831	31,1845	831	30,681	831	24,3477	831	15,3131	831	22,5501	
832	31,1494	832	30,6942	832	24,3939	832	15,3364	832	22,5643	
833	31,1349	833	30,6668	833	24,3296	833	15,3259	833	22,5448	
834	31,1162	834	30,6265	834	24,3557	834	15,3193	834	22,533	
835	31,1209	835	30,6227	835	24,3117	835	15,3435	835	22,5368	
836	31,1034	836	30,5966	836	24,2921	836	15,3042	836	22,5001	
837	31,0182	837	30,6058	837	24,2738	837	15,3221	837	22,4984	
838	31,0184	838	30,5999	838	24,3128	838	15,3499	838	22,5128	
839	30,997	839	30,5941	839	24,2815	839	15,3607	839	22,5274	
840	31,0107	840	30,5561	840	24,3042	840	15,3231	840	22,5037	
841	30,9311	841	30,5336	841	24,3047	841	15,3304	841	22,473	
842	30,9213	842	30,5178	842	24,2818	842	15,3325	842	22,4846	
843	30,9134	843	30,5262	843	24,2827	843	15,3377	843	22,4685	
844	30,93	844	30,5218	844	24,2253	844	15,3346	844	22,4313	
845	30,8607	845	30,5141	845	24,2686	845	15,3487	845	22,506	
846	30,825	846	30,4695	846	24,2157	846	15,3083	846	22,4435	
847	30,8613	847	30,4901	847	24,175	847	15,3039	847	22,4647	
848	30,8911	848	30,467	848	24,2236	848	15,3296	848	22,4396	
849	30,8952	849	30,4667	849	24,1765	849	15,3393	849	22,4402	
850	30,9565	850	30,4377	850	24,2003	850	15,3318	850	22,4351	
851	30,9889	851	30,4297	851	24,1808	851	15,2903	851	22,4346	
852	30,8673	852	30,4019	852	24,2351	852	15,3578	852	22,4184	
853	30,8053	853	30,4488	853	24,1788	853	15,3458	853	22,4283	
854	30,7726	854	30,3914	854	24,1745	854	15,3315	854	22,4055	
855	30,7626	855	30,4089	855	24,194	855	15,3216	855	22,408	
856	30,7979	856	30,383	856	24,1793	856	15,3369	856	22,4312	
857	30,7869	857	30,3796	857	24,1764	857	15,3458	857	22,4486	
858	30,8214	858	30,3418	858	24,1227	858	15,3127	858	22,3754	
859	30,8044	859	30,3267	859	24,1335	859	15,3231	859	22,3896	
860	30,7688	860	30,2959	860	24,0964	860	15,3143	860	22,3775	
861	30,749	861	30,2751	861	24,1402	861	15,3265	861	22,3722	
862	30,7013	862	30,2391	862	24,079	862	15,3234	862	22,3586	
863	30,6826	863	30,2633	863	24,0929	863	15,3108	863	22,3749	
864	30,5759	864	30,2124	864	24,0791	864	15,3125	864	22,3483	
865	30,4116	865	30,2481	865	24,0848	865	15,3131	865	22,363	
866	30,437	866	30,2398	866	24,0485	866	15,3213	866	22,3309	
867	30,4505	867	30,2281	867	24,0561	867	15,3247	867	22,3059	
868	30,4287	868	30,1929	868	24,0448	868	15,3104	868	22,297	
869	30,4604	869	30,1711	869	24,0479	869	15,2812	869	22,2878	
870	30,4249	870	30,152	870	24,0534	870	15,2943	870	22,3098	
871	30,45	871	30,1276	871	24,0278	871	15,2838	871	22,2889	
872	30,4718	872	30,1151	872	24,0493	872	15,3068	872	22,3213	
873	30,4345	873	30,1141	873	24,0842	873	15,3082	873	22,308	
874	30,4528	874	30,0826	874	24,009	874	15,2972	874	22,2682	
875	30,3962	875	30,0696	875	23,9795	875	15,2994	875	22,2362	
876	30,4068	876	30,109	876	23,9666	876	15,2855	876	22,2442	
877	30,3229	877	30,0599	877	24,0032	877	15,3128	877	22,2548	
878	30,3474	878	30,0511	878	23,9981	878	15,2958	878	22,2758	
879	30,3086	879	30,0611	879	23,9738	879	15,2884	879	22,2409	
880	30,3019	880	30,0213	880	23,9512	880	15,2718	880	22,2301	
881	30,3112	881	30,034	881	23,9786	881	15,2889	881	22,1922	
882	30,3989	882	30,0019	882	23,9047	882	15,2631	882	22,1945	
883	30,3746	883	30,0217	883	23,9223	883	15,307	883	22,2216	
884	30,3477	884	30,0019	884	23,917	884	15,2822	884	22,1993	
885	30,294	885	29,9653	885	23,9119	885	15,289	885	22,1847	
886	30,2696	886	29,9579	886	23,9148	886	15,2843	886	22,1923	
887	30,2666	887	29,9489	887	23,9015	887	15,3071	887	22,2141	
888	30,1953	888	29,9276	888	23,8579	888	15,2765	888	22,1462	
889	30,2421	889	29,8947	889	23,8854	889	15,2779	889	22,1827	
890	30,1458	890	29,863	890	23,8672	890	15,2773	890	22,1522	
891	30,213	891	29,8689	891	23,8783	891	15,2756	891	22,1719	
892	30,264	892	29,8542	892	23,8436	892	15,264	892	22,1134	
893	30,3253	893	29,8053	893	23,8219	893	15,2512	893	22,1234	
894	30,2968	894	29,8339	894	23,8478	894	15,283	894	22,1394	
895	30,1542	895	29,784	895	23,8558	895	15,3034	895	22,1569	
896	30,1754	896	29,7845	896	23,7948	896	15,2525	896	22,1209	
897	30,1618	897	29,7688	897	23,7885	897	15,2771	897	22,1033	
898	30,1599	898	29,728	898	23,7636	898	15,211	898	22,0996	
899	30,1193	899	29,747	899	23,8149	899	15,2889	899	22,0884	
900	30,1057	900	29,766	900	23,788	900	15,2885	900	22,0938	
901	30,0267	901	29,733	901	23,7871	901	15,2637	901	22,098	
902	30,0092	902	29,7334	902	23,7482	902	15,2793	902	22,104	
903	29,9828	903	29,6808	903	23,7403	903	15,2356	903	22,0767	
904	29,9758	904	29,7034	904	23,7355	904	15,2795	904	22,0909	
905	30,0021	905	29,6308	905	23,7378	905	15,2669	905	22,0211	
906	29,9795	906	29,6422	906	23,708	906	15,2598	906	22,052	
907	30,0029	907	29,6359	907	23,7263	907	15,2587	907	22,0665	
908	29,9922	908	29,6236	908	23,7343	908	15,2658	908	22,0608	
909	29,94	909	29,5983	909	23,6942	909	15,2583	909	22,0363	
910	29,9416	910	29,5981	910	23,703	910	15,2833	910	22,0266	
911	29,9296	911	29,5592	911	23,6809	911	15,2511	911	22,0215	
912	29,916	912	29,5326	912	23,6787	912	15,2518	912	22,0094	
913	29,9256	913	29,5237	913	23,657	913	15,2146	913	21,9653	
914	29,9316	914	29,5372	914	23,6833	914	15,2469	914	22,0078	
915	29,945	915	29,5277	915	23,6279	915	15,2564	915	21,9969	
916	29,9416	916	29,5169	916	23,6611	916	15,2359	916	21,9586	
917	29,9174	917	29,4784	917	23,6006	917	15,2398	917	21,9368	
918	29,9002	918	29,4805	918	23,6198	918	15,2367	918	21,9285	
919	29,8828	919	29,4621	919	23,5762	919	15,2104	919	21,9072	
920	29,8702	920	29,5033	920	23,635	920	15,2439	920	21,9443	
921	29,8552	921	29,4895	921	23,6065	921	15,2252	921	21,9394	
922	29,8385	922	29,4343	922	23,5638	922	15,2013	922	21,9237	
923	29,8407	923	29,4546	923	23,5724	923	15,2385	923	21,9323	
924	29,8478	924	29,4258	924	23,5491	924	15,2127	924	21,8915	
925	29,8267	925	29,4241	925	23,5701	925	15,2128	925	21,9029	
926	29,8185	926	29,4341	926	23,6166	926	15,2106	926	21,9197	
927	29,856	927	29,4173	927	23,568	927	15,216	927	21,8814	
928	29,833	928	29,3797	928	23,5656	928	15,2003	928	21,881	
929	29,8304	929	29,4113	929	23,5388	929	15,2366	929	21,918	
930	29,8005	930	29,3441	930	23,4584	930	15,2085	930	21,8811	
931	29,7983	931	29,3352	931	23,4901	931	15,2186	931	21,8651	
932	29,7932	932	29,33	932	23,5346	932	15,2138	932	21,8646	
933	29,7394	933	29,3186	933	23,5265	933	15,1956	933	21,828	
934	29,6212	934	29,3018	934	23,4968	934	15,2224	934	21,8622	
935	29,6385	935	29,3002	935	23,5227	935	15,2075	935	21,854	
936	29,6136	936	29,2865	936	23,4591	936	15,195	936	21,8245	
937	29,6282	937	29,2739	937	23,5108	937	15,2256	937	21,8611	
938	29,6164	938	29,2782	938	23,4778	938	15,2057	938	21,8683	
939	29,5973	939	29,2513	939	23,48	939	15,2065	939	21,8431	
940	29,4888	940	29,2282	940	23,4602	940	15,2017	940	21,8459	
941	29,4891	941	29,2402	941	23,4604	941	15,232	941	21,8244	
942	29,458	942	29,1903	942	23,457	942	15,2033	942	21,8352	
943	29,412	943	29,184	943	23,4323	943	15,1999	943	21,8053	
944	29,4196	944	29,2018	944	23,4	944	15,1902	944	21,7899	
945	29,4421	945	29,1657	945	23,3524	945	15,2004	945	21,7778	
946	29,5252	946	29,1755	946	23,4114	946	15,2146	946	21,8217	
947	29,5068	947	29,1433	947	23,3928	947	15,1982	947	21,7671	
948	29,4955	948	29,1127	948	23,3564	948	15,1687	948	21,7714	
949	29,5066	949	29,1361	949	23,3817	949	15,1875	949	21,7622	
950	29,5401	950	29,095	950	23,3376	950	15,1722	950	21,7706	
951	29,4939	951	29,0924	951	23,3417	951	15,1801	951	21,732	
952	29,4395	952	29,0678	952	23,3538	952	15,1594	952	21,7228	
953	29,4135	953	29,0632	953	23,3828	953	15,1519	953	21,7172	
954	29,4021	954	29,0793	954	23,3256	954	15,1753	954	21,7301	
955	29,3929	955	29,0491	955	23,3246	955	15,1857	955	21,73	
956	29,4115	956	29,0298	956	23,3113	956	15,1804	956	21,7011	
957	29,3943	957	29,0098	957	23,313	957	15,1574	957	21,7246	
958	29,4281	958	28,9976	958	23,303	958	15,1898	958	21,6943	
959	29,404	959	29,0044	959	23,2901	959	15,1939	959	21,7145	
960	29,4075	960	28,9819	960	23,2835	960	15,1634	960	21,6951	
961	29,41	961	28,935	961	23,2515	961	15,1836	961	21,6682	
962	29,3598	962	28,9309	962	23,2696	962	15,1661	962	21,6456	
963	29,2822	963	28,9073	963	23,2388	963	15,1356	963	21,6219	
964	29,2098	964	28,9194	964	23,2188	964	15,1707	964	21,6611	
965	29,1822	965	28,9187	965	23,264	965	15,17	965	21,6699	
966	29,1584	966	28,8893	966	23,2221	966	15,1459	966	21,6303	
967	29,0995	967	28,852	967	23,2054	967	15,1643	967	21,6131	
968	29,1126	968	28,8722	968	23,2342	968	15,1805	968	21,6566	
969	29,1008	969	28,8539	969	23,214	969	15,1672	969	21,6269	
970	29,1133	970	28,8469	970	23,1861	970	15,1759	970	21,5957	
971	29,0941	971	28,8403	971	23,1955	971	15,1496	971	21,6169	
972	29,0855	972	28,8242	972	23,2026	972	15,1786	972	21,6368	
973	29,1131	973	28,8028	973	23,2114	973	15,1532	973	21,5878	
974	29,1617	974	28,8269	974	23,2242	974	15,1704	974	21,6266	
975	29,1409	975	28,8078	975	23,1657	975	15,1739	975	21,6103	
976	29,0907	976	28,814	976	23,1734	976	15,1807	976	21,635	
977	29,1075	977	28,8022	977	23,1791	977	15,1573	977	21,5777	
978	29,1115	978	28,7669	978	23,1308	978	15,1754	978	21,5857	
979	29,1034	979	28,7382	979	23,1379	979	15,1359	979	21,5729	
980	29,1094	980	28,7144	980	23,131	980	15,1509	980	21,5206	
981	29,1022	981	28,715	981	23,1183	981	15,13	981	21,5368	
982	29,1262	982	28,6703	982	23,0739	982	15,1296	982	21,5339	
983	29,1508	983	28,6744	983	23,1079	983	15,1633	983	21,5225	
984	29,0893	984	28,6601	984	23,0741	984	15,1631	984	21,5005	
985	29,1395	985	28,6406	985	23,0643	985	15,099	985	21,5173	
986	29,1609	986	28,6386	986	23,0165	986	15,1199	986	21,4973	
987	29,0958	987	28,6279	987	23,0166	987	15,12	987	21,5012	
988	29,0679	988	28,618	988	23,0539	988	15,1409	988	21,4889	
989	29,0346	989	28,6184	989	23,0742	989	15,1414	989	21,5139	
990	29,0184	990	28,5876	990	23,0589	990	15,1316	990	21,4668	
991	28,9722	991	28,5673	991	23,0002	991	15,1107	991	21,4739	
992	28,9732	992	28,5735	992	23,0021	992	15,1064	992	21,4574	
993	28,9543	993	28,5916	993	23,0061	993	15,1357	993	21,4116	
994	28,9264	994	28,5591	994	22,9882	994	15,1033	994	21,4472	
995	28,9049	995	28,5516	995	22,9901	995	15,1119	995	21,4117	
996	28,9284	996	28,513	996	22,9707	996	15,1081	996	21,4202	
997	28,8968	997	28,5301	997	23,0035	997	15,1182	997	21,4487	
998	28,7694	998	28,5398	998	22,9886	998	15,1338	998	21,4438	
999	28,7413	999	28,5189	999	22,9837	999	15,1222	999	21,4669	
1000	28,7433	1000	28,4443	1000	22,9802	1000	15,1005	1000	21,3847	
1001	28,7321	1001	28,4957	1001	22,9604	1001	15,1263	1001	21,4563	
1002	28,718	1002	28,4556	1002	22,9432	1002	15,1091	1002	21,4188	
1003	28,6934	1003	28,4257	1003	22,909	1003	15,0775	1003	21,3717	
1004	28,6752	1004	28,4561	1004	22,9475	1004	15,1196	1004	21,3937	
1005	28,6897	1005	28,4367	1005	22,9271	1005	15,0781	1005	21,3927	
1006	28,6577	1006	28,4359	1006	22,914	1006	15,0949	1006	21,3914	
1007	28,6923	1007	28,4169	1007	22,8874	1007	15,1019	1007	21,3775	
1008	28,6029	1008	28,3979	1008	22,8986	1008	15,0841	1008	21,3745	
