Time - Plot 0	Amplitude - Plot 0	Time - Plot 1	Amplitude - Plot 1	
0	0	0	0	
1	0	1	0,00718382	
2	1,27758	2	0,208331	
3	38,191	3	0,639363	
4	55,1502	4	0,725568	
5	97,226	5	0,158044	
6	110,721	6	0,0862042	
7	158,174	7	2,96671	
8	163,674	8	10,45	
9	159,39	9	18,5411	
10	168,115	10	30,3172	
11	157,086	11	45,0686	
12	143,547	12	55,1737	
13	118,871	13	67,4669	
14	130,417	14	73,5589	
15	124,929	15	78,0561	
16	126,861	16	84,3929	
17	124,644	17	87,4486	
18	126,425	18	88,4507	
19	133,918	19	92,4926	
20	139,484	20	94,6519	
21	147,576	21	86,6065	
22	152,984	22	100,177	
23	157,702	23	101,873	
24	157,927	24	105,993	
25	161,46	25	108,702	
26	165,802	26	111,767	
27	170,519	27	116,93	
28	174,543	28	119,763	
29	179,383	29	122,452	
30	185,454	30	127,489	
31	188,867	31	130,616	
32	197,028	32	135,796	
33	200,695	33	138,986	
34	204,968	34	141,892	
35	211,256	35	145,33	
36	210,439	36	150,328	
37	212,241	37	156,062	
38	216,989	38	159,746	
39	217,56	39	164,201	
40	216,138	40	168,718	
41	216,887	41	172,231	
42	242,864	42	174,111	
43	219,339	43	178,459	
44	218,826	44	182,216	
45	222,347	45	186,036	
46	221,751	46	188,807	
47	218,413	47	191,267	
48	220,011	48	194,078	
49	217,831	49	197,475	
50	217,585	50	198,885	
51	217,875	51	200,266	
52	219,775	52	202,894	
53	242,07	53	205,453	
54	216,413	54	205,116	
55	217,685	55	207,39	
56	218,376	56	210,447	
57	218,812	57	210,457	
58	217,207	58	211,99	
59	217,606	59	214,563	
60	218,504	60	213,709	
61	216,742	61	214,895	
62	241,761	62	215,973	
63	217,909	63	217,377	
64	217,115	64	217,951	
65	218,514	65	218,521	
66	217,056	66	218,685	
67	217,079	67	220,058	
68	218,52	68	245,166	
69	216,401	69	221,481	
70	215,829	70	222,083	
71	217,458	71	222,859	
72	215,623	72	223,318	
73	215,352	73	224,893	
74	240,406	74	224,232	
75	216,434	75	224,952	
76	214,568	76	225,016	
77	214,756	77	225,433	
78	214,246	78	225,956	
79	213,763	79	226,261	
80	215,895	80	226,516	
81	238,674	81	226,688	
82	214,943	82	226,823	
83	214,198	83	226,337	
84	213,186	84	227,031	
85	213,939	85	226,713	
86	213,175	86	228,449	
87	213,179	87	227,687	
88	214,102	88	227,115	
89	213,952	89	227,847	
90	237,723	90	228,433	
91	213,556	91	228,139	
92	212,469	92	228,945	
93	211,775	93	228,023	
94	212,045	94	228,878	
95	211,097	95	228,89	
96	211,674	96	229,017	
97	235,423	97	228,735	
98	211,293	98	228,416	
99	211,149	99	229,55	
100	211,082	100	228,575	
101	210,574	101	229,271	
102	210,296	102	228,721	
103	209,948	103	228,759	
104	210,088	104	229,259	
105	209,457	105	228,995	
106	233,132	106	229,26	
107	209,675	107	228,211	
108	209,488	108	228,174	
109	209,943	109	228,138	
110	208,551	110	227,596	
111	208,506	111	227,942	
112	208,169	112	228,317	
113	208,257	113	227,156	
114	206,757	114	227,899	
115	206,225	115	227,494	
116	229,215	116	227,213	
117	206,145	117	226,842	
118	206,312	118	227,099	
119	206,94	119	226,551	
120	206,021	120	227,015	
121	206,146	121	226,818	
122	207,032	122	226,69	
123	206,345	123	227,106	
124	205,265	124	227,269	
125	205,196	125	226,497	
126	205,382	126	201,445	
127	227,191	127	226,914	
128	204,754	128	227,494	
129	203,953	129	228,002	
130	204,01	130	226,4	
131	202,908	131	225,848	
132	202,658	132	226,538	
133	202,148	133	226,031	
134	201,959	134	225,737	
135	201,673	135	201,116	
136	201,735	136	226,552	
137	202,538	137	225,669	
138	202,703	138	226,192	
139	202,68	139	225,919	
140	200,421	140	226,076	
141	224,335	141	225,359	
142	201,44	142	225,477	
143	199,904	143	200,366	
144	200,305	144	225,366	
145	200,607	145	224,832	
146	199,279	146	225,241	
147	199,475	147	225,314	
148	200,122	148	225,144	
149	197,844	149	225,123	
150	197,913	150	199,707	
151	221,067	151	224,638	
152	199,268	152	224,174	
153	197,486	153	224,636	
154	197,588	154	224,133	
155	197,994	155	223,145	
156	197,098	156	199,221	
157	196,834	157	223,434	
158	196,512	158	223,867	
159	196,205	159	222,026	
160	217,986	160	222,271	
161	195,066	161	222,849	
162	195,756	162	197,647	
163	196,218	163	222,067	
164	195,814	164	221,716	
165	195,033	165	221,442	
166	196,127	166	221,28	
167	194,205	167	220,997	
168	193,563	168	196,645	
169	193,541	169	221,013	
170	216,493	170	221,284	
171	192,906	171	220,677	
172	193,494	172	221,308	
173	194,114	173	220,875	
174	193,488	174	195,551	
175	192,146	175	219,641	
176	192,947	176	218,931	
177	191,837	177	219,553	
178	192,961	178	220,04	
179	191,243	179	219,917	
180	191,248	180	219,232	
181	191,332	181	218,85	
182	191,08	182	193,462	
183	190,282	183	218,432	
184	212,065	184	218,022	
185	191,023	185	217,685	
186	190,402	186	217,113	
187	190,186	187	216,944	
188	190,116	188	193,483	
189	189,77	189	216,986	
190	188,991	190	216,834	
191	190,495	191	217,327	
192	189,937	192	214,999	
193	189,813	193	216,227	
194	189,298	194	214,95	
195	188,727	195	191,307	
196	189,877	196	215,347	
197	208,366	197	215,522	
198	187,645	198	215,164	
199	186,057	199	215,045	
200	188,288	200	190,982	
201	187,384	201	214,16	
202	187	202	214,796	
203	187,803	203	213,918	
204	185,73	204	213,994	
205	186,63	205	189,828	
206	186,575	206	214,112	
207	185,836	207	213,527	
208	185,335	208	213,395	
209	184,527	209	213,385	
210	184,278	210	212,555	
211	184,303	211	212,202	
212	183,921	212	188,455	
213	204,475	213	210,971	
214	183,477	214	211,421	
215	182,807	215	211,24	
216	184,893	216	210,856	
217	183,559	217	210,657	
218	183,014	218	210,713	
219	184,585	219	187,034	
220	183,984	220	210,32	
221	183,574	221	209,073	
222	183,823	222	209,494	
223	183,182	223	209,075	
224	182,797	224	209,478	
225	181,91	225	186,24	
226	180,606	226	208,654	
227	181,211	227	209,934	
228	180,791	228	208,735	
229	201,648	229	208,502	
230	180,927	230	208,013	
231	180,12	231	185,402	
232	181,526	232	207,388	
233	181,575	233	207,256	
234	180,277	234	207,777	
235	178,665	235	206,61	
236	179,576	236	207,26	
237	179,848	237	206,875	
238	179,296	238	183,506	
239	179,973	239	205,966	
240	179,636	240	206,456	
241	177,769	241	206,208	
242	179,013	242	205,786	
243	198,057	243	206,099	
244	178,419	244	205,415	
245	178,525	245	182,223	
246	179,14	246	204,961	
247	178,792	247	204,182	
248	178,525	248	204,078	
249	178,812	249	204,61	
250	177,543	250	203,41	
251	177,349	251	180,324	
252	177,479	252	203,84	
253	176,73	253	203,694	
254	176,981	254	203,084	
255	177,03	255	202,767	
256	177,038	256	201,95	
257	178,288	257	201,916	
258	178,257	258	179,921	
259	175,857	259	201,74	
260	175,984	260	201,524	
261	175,997	261	202,177	
262	175,313	262	202,009	
263	176,318	263	202,315	
264	175,331	264	201,273	
265	195,131	265	201,87	
266	174,703	266	178,705	
267	175,456	267	201,123	
268	175,582	268	200,678	
269	175,197	269	200,827	
270	175,34	270	200,14	
271	173,844	271	200,927	
272	174,855	272	177,718	
273	174,719	273	200,245	
274	173,472	274	199,354	
275	172,515	275	199,137	
276	173,095	276	199,381	
277	172,14	277	199,34	
278	171,685	278	198,922	
279	172,146	279	198,896	
280	172,839	280	177,082	
281	172,477	281	198,479	
282	172,078	282	198,379	
283	172,79	283	198,11	
284	171,192	284	197,992	
285	190,686	285	197,138	
286	171,14	286	197,474	
287	171,13	287	174,812	
288	171,189	288	197,312	
289	170,295	289	197,241	
290	170,57	290	196,714	
291	171,484	291	196,921	
292	171,14	292	196,102	
293	169,743	293	196,099	
294	170,476	294	174,398	
295	168,483	295	196,417	
296	167,272	296	196,322	
297	169,038	297	195,485	
298	170,007	298	195,7	
299	169,891	299	195,196	
300	169,027	300	173,639	
301	168,234	301	194,354	
302	168,806	302	194,184	
303	168,368	303	194,206	
304	168,637	304	194,312	
305	167,927	305	193,323	
306	168,759	306	193,631	
307	169,057	307	171,732	
308	187,566	308	193,495	
309	170,101	309	192,919	
310	168,3	310	192,878	
311	168,529	311	193,057	
312	168,931	312	193,242	
313	168,584	313	192,724	
314	167,983	314	171,467	
315	167,514	315	192,314	
316	166,372	316	191,74	
317	166,21	317	191,948	
318	167,748	318	191,53	
319	166,963	319	191,787	
320	167,445	320	191,277	
321	166	321	170,004	
322	167,052	322	191,13	
323	167,165	323	190,609	
324	165,774	324	190,734	
325	165,48	325	190,418	
326	166,075	326	190,531	
327	165,778	327	169,157	
328	166,176	328	190,791	
329	166,263	329	190,556	
330	165,877	330	189,39	
331	165,214	331	189,063	
332	165,461	332	189,959	
333	165,056	333	168,123	
334	164,95	334	188,886	
335	164,169	335	188,937	
336	163,517	336	189,531	
337	163,042	337	188,502	
338	164,191	338	188,402	
339	163,629	339	188,256	
340	163,777	340	167,223	
341	164,123	341	187,14	
342	163,913	342	186,95	
343	181,383	343	187,146	
344	162,96	344	187,231	
345	162,999	345	187,243	
346	162,67	346	165,963	
347	162,749	347	187,195	
348	163,063	348	186,136	
349	163,026	349	186,533	
350	163,007	350	186,094	
351	162,934	351	185,978	
352	162,957	352	186,195	
353	160,879	353	164,961	
354	161,953	354	185,7	
355	160,637	355	186,109	
356	160,704	356	185,235	
357	161,098	357	184,591	
358	160,622	358	185,183	
359	161,164	359	183,841	
360	159,849	360	163,356	
361	160,362	361	184,122	
362	160,453	362	184,334	
363	159,29	363	183,561	
364	159,203	364	183,862	
365	159,832	365	183,846	
366	159,689	366	162,658	
367	159,37	367	182,783	
368	158,433	368	183,187	
369	159,89	369	182,327	
370	158,468	370	182,44	
371	158,579	371	182,865	
372	159,806	372	161,169	
373	159,004	373	181,428	
374	158,386	374	181,293	
375	158,143	375	181,591	
376	175,441	376	182,005	
377	157,88	377	181,635	
378	157,677	378	161,253	
379	157,16	379	181,19	
380	157,046	380	180,194	
381	157,345	381	180,523	
382	157,009	382	180,088	
383	157,192	383	179,915	
384	157,742	384	179,805	
385	157,279	385	159,932	
386	155,87	386	179,982	
387	156,114	387	179,133	
388	155,722	388	178,736	
389	155,331	389	179,233	
390	155,178	390	179,289	
391	154,838	391	159,31	
392	155,094	392	179,196	
393	155,044	393	177,903	
394	154,559	394	178,573	
395	154,887	395	177,799	
396	155,01	396	178,169	
397	154,454	397	177,591	
398	154,433	398	157,469	
399	153,291	399	176,867	
400	153,498	400	177,016	
401	153,926	401	177,162	
402	152,729	402	176,212	
403	153,03	403	157,011	
404	152,774	404	175,518	
405	154,666	405	175,663	
406	154,121	406	175,464	
407	154,619	407	175,353	
408	153,155	408	174,962	
409	152,206	409	175,141	
410	153,411	410	155,757	
411	152,569	411	174,821	
412	153,189	412	174,683	
413	153,551	413	174,664	
414	151,825	414	173,84	
415	151,976	415	174,324	
416	152,044	416	154,651	
417	151,365	417	174,092	
418	152,217	418	173,069	
419	151,284	419	172,861	
420	150,55	420	173,193	
421	150,206	421	172,957	
422	150,565	422	153,562	
423	150,525	423	172,478	
424	151,258	424	173,236	
425	150,784	425	172,179	
426	166,362	426	172,691	
427	149,506	427	172,317	
428	149,545	428	172,26	
429	149,298	429	153,177	
430	150,58	430	171,44	
431	148,765	431	171,618	
432	149,109	432	171,88	
433	148,851	433	170,7	
434	149,126	434	170,783	
435	148,324	435	170,711	
436	148,192	436	151,364	
437	149,085	437	170,469	
438	148,495	438	169,762	
439	147,886	439	170,163	
440	148,763	440	170,036	
441	149,139	441	169,88	
442	148,714	442	150,542	
443	147,246	443	169,42	
444	147,987	444	169,593	
445	147,827	445	169,441	
446	148,012	446	168,446	
447	147,909	447	168,382	
448	146,935	448	149,505	
449	145,945	449	168,455	
450	147,169	450	168,621	
451	147,742	451	168,27	
452	147,084	452	168,167	
453	146,828	453	167,599	
454	147,27	454	148,767	
455	146,281	455	168,034	
456	146,647	456	167,599	
457	145,86	457	167,078	
458	144,903	458	166,454	
459	145,412	459	167,381	
460	145,4	460	166,908	
461	145,328	461	148,941	
462	144,589	462	166,619	
463	144,228	463	166,035	
464	145,586	464	166,394	
465	144,616	465	165,977	
466	142,918	466	165,416	
467	144,002	467	165,21	
468	143,7	468	147,186	
469	144,028	469	165,357	
470	144,468	470	164,94	
471	143,339	471	163,54	
472	144,407	472	164,186	
473	145,15	473	163,963	
474	143,992	474	163,845	
475	143,095	475	145,927	
476	143,875	476	163,884	
477	144,197	477	163,383	
478	143,431	478	163,33	
479	143,578	479	163,168	
480	143,255	480	162,836	
481	142,938	481	163,327	
482	142,416	482	144,8	
483	142,564	483	162,764	
484	141,426	484	163,147	
485	142,305	485	162,833	
486	141,374	486	161,881	
487	141,54	487	162,19	
488	140,638	488	161,873	
489	140,299	489	161,591	
490	142,374	490	143,628	
491	141,312	491	161,65	
492	141,392	492	161,073	
493	140,821	493	161,1	
494	140,428	494	160,322	
495	139,715	495	160,338	
496	140,257	496	142,687	
497	156,32	497	160,167	
498	140,344	498	160,457	
499	138,507	499	160,181	
500	139,227	500	160,045	
501	139,503	501	160,059	
502	138,81	502	159,369	
503	139,018	503	158,711	
504	139,234	504	141,325	
505	139,997	505	158,752	
506	138,815	506	158,766	
507	139,062	507	158,242	
508	138,616	508	158,903	
509	138,902	509	158,903	
510	139,808	510	140,606	
511	138,485	511	157,947	
512	137,965	512	157,751	
513	137,483	513	156,867	
514	137,067	514	157,616	
515	137,269	515	157,781	
516	137,679	516	156,97	
517	136,746	517	139,418	
518	136,961	518	155,91	
519	136,65	519	156,963	
520	136,869	520	156,542	
521	136,174	521	155,877	
522	136,853	522	155,843	
523	136,423	523	155,985	
524	134,858	524	155,526	
525	135	525	154,972	
526	134,816	526	155,295	
527	135,195	527	137,95	
528	135,278	528	155,251	
529	134,248	529	155,061	
530	134,313	530	154,143	
531	134,822	531	153,892	
532	134,488	532	153,518	
533	133,416	533	153,919	
534	133,822	534	136,777	
535	134,238	535	154,119	
536	134,109	536	153,414	
537	134,225	537	153,811	
538	133,24	538	152,563	
539	134,108	539	152,531	
540	132,96	540	153,119	
541	132,964	541	135,834	
542	133,579	542	152,013	
543	133,378	543	151,7	
544	133,385	544	151,769	
545	133,253	545	151,714	
546	132,648	546	151,219	
547	133,303	547	151,408	
548	132,475	548	134,425	
549	132,262	549	150,989	
550	132,331	550	150,861	
551	131,871	551	150,712	
552	132,915	552	150,632	
553	131,138	553	150,778	
554	130,566	554	134,072	
555	130,361	555	150,089	
556	130,908	556	149,773	
557	130,67	557	149,824	
558	131,083	558	149,631	
559	130,312	559	149,215	
560	131,939	560	148,898	
561	131,208	561	131,926	
562	130,861	562	148,736	
563	130,271	563	148,852	
564	130,737	564	148,671	
565	129,599	565	148,208	
566	129,855	566	148,198	
567	129,608	567	148,213	
568	128,54	568	131,393	
569	129,085	569	147,802	
570	128,933	570	146,982	
571	129,817	571	147,377	
572	128,124	572	147,361	
573	129,258	573	146,857	
574	128,281	574	146,598	
575	127,36	575	146,188	
576	127,929	576	129,807	
577	127,303	577	146,302	
578	128,1	578	145,758	
579	126,898	579	144,982	
580	128,448	580	144,806	
581	128,243	581	145,126	
582	127,09	582	144,989	
583	127,594	583	144,82	
584	126,841	584	144,72	
585	127,116	585	127,995	
586	127,527	586	143,985	
587	126,824	587	144,298	
588	126,747	588	144,189	
589	126,268	589	144	
590	127,049	590	143,15	
591	126,295	591	142,913	
592	125,472	592	127,68	
593	125,733	593	143,198	
594	124,871	594	142,784	
595	123,585	595	142,632	
596	125,254	596	142,132	
597	124,246	597	142,035	
598	124,908	598	126,068	
599	124,064	599	141,644	
600	124,085	600	141,661	
601	124,259	601	141,279	
602	124,219	602	141,319	
603	123,752	603	141,173	
604	124,237	604	140,885	
605	123,52	605	124,654	
606	123,035	606	140,127	
607	122,825	607	140,492	
608	122,075	608	139,997	
609	122,935	609	139,519	
610	121,915	610	139,653	
611	121,975	611	139,413	
612	122,949	612	139,005	
613	122,439	613	123,179	
614	122,147	614	138,34	
615	121,549	615	138,623	
616	121,587	616	138,46	
617	121,808	617	138,204	
618	121,397	618	138,171	
619	121,545	619	137,75	
620	121,586	620	122,617	
621	121,571	621	137,971	
622	121,09	622	137,09	
623	122,424	623	136,884	
624	121,275	624	137,304	
625	119,755	625	137,29	
626	120,083	626	136,57	
627	120,011	627	136,275	
628	119,846	628	121,186	
629	120,073	629	135,775	
630	118,898	630	136,059	
631	119,048	631	135,016	
632	118,824	632	134,597	
633	118,64	633	135,335	
634	118,779	634	135,575	
635	119,753	635	134,752	
636	118,073	636	119,53	
637	118,626	637	133,967	
638	118,842	638	133,856	
639	117,324	639	134,048	
640	117,269	640	134,258	
641	117,412	641	134,048	
642	117,144	642	133,584	
643	117,161	643	133,232	
644	117,219	644	118,722	
645	117,591	645	132,77	
646	116,709	646	133,187	
647	116,472	647	132,983	
648	117,48	648	132,82	
649	117,353	649	132,032	
650	117,532	650	117,19	
651	117,446	651	131,387	
652	117,764	652	131,975	
653	115,661	653	131,616	
654	116,314	654	131,116	
655	115,673	655	131,174	
656	115,87	656	131,241	
657	116,386	657	116,463	
658	116,318	658	131,356	
659	115,272	659	130,549	
660	115,104	660	130,141	
661	115,184	661	130,564	
662	114,867	662	130,141	
663	115,186	663	129,983	
664	101,381	664	130,419	
665	113,658	665	129,84	
666	114,411	666	129,729	
667	114,025	667	115,064	
668	113,195	668	128,81	
669	125,878	669	129,915	
670	113,223	670	128,89	
671	100,717	671	128,675	
672	112,966	672	128,779	
673	125,657	673	129,131	
674	113,9	674	114,444	
675	113,186	675	127,994	
676	112,124	676	127,925	
677	112,352	677	127,759	
678	112,156	678	127,245	
679	111,199	679	127,835	
680	111,571	680	127,381	
681	111,863	681	113,294	
682	111,639	682	126,358	
683	111,241	683	126,323	
684	111,241	684	126,714	
685	110,879	685	126,592	
686	111,238	686	126,692	
687	98,9548	687	125,585	
688	110,764	688	126,05	
689	110,555	689	125,9	
690	110,289	690	111,895	
691	110,991	691	125,955	
692	110,659	692	125,09	
693	110,144	693	125,109	
694	110,115	694	124,801	
695	110,923	695	125,176	
696	109,718	696	125,262	
697	109,704	697	124,432	
698	109,117	698	124,291	
699	108,819	699	110,149	
700	109,419	700	124,026	
701	109,049	701	124,316	
702	108,591	702	124,504	
703	108,85	703	123,811	
704	108,807	704	123,754	
705	108,488	705	123,767	
706	108,263	706	123,187	
707	108,69	707	109,826	
708	109,04	708	122,893	
709	108,387	709	123,337	
710	106,892	710	122,303	
711	106,779	711	122,401	
712	107,107	712	121,825	
713	107,083	713	122,604	
714	106,69	714	122,094	
715	106,883	715	122,336	
716	107,601	716	122,081	
717	107,461	717	108,128	
718	107,357	718	121,858	
719	107,945	719	121,751	
720	107,158	720	121,431	
721	106,692	721	120,85	
722	107,101	722	121,381	
723	106,631	723	120,893	
724	106,059	724	121,314	
725	106,661	725	120,237	
726	105,92	726	120,725	
727	105,548	727	107,098	
728	104,768	728	120,658	
729	106,128	729	119,959	
730	106,29	730	119,777	
731	106,387	731	120,468	
732	105,684	732	120,652	
733	105,009	733	119,447	
734	104,572	734	119,634	
735	105,497	735	119,757	
736	104,595	736	118,907	
737	104,795	737	105,998	
738	104,642	738	119,251	
739	104,419	739	118,887	
740	103,849	740	118,712	
741	92,8711	741	118,835	
742	104,377	742	118,949	
743	104,81	743	119,172	
744	104,472	744	118,68	
745	103,793	745	104,85	
746	104,089	746	117,537	
747	103,806	747	117,864	
748	103,331	748	118,18	
749	103,423	749	117,54	
750	103,881	750	117,7	
751	103,591	751	117,786	
752	102,875	752	118,113	
753	102,659	753	117,47	
754	103,18	754	117,581	
755	102,894	755	104,398	
756	101,946	756	117,27	
757	102,064	757	116,643	
758	102,117	758	116,952	
759	102,321	759	116,837	
760	101,623	760	116,285	
761	102,058	761	116,76	
762	102,378	762	116,443	
763	101,568	763	116,074	
764	103,141	764	103,018	
765	102,726	765	115,729	
766	101,213	766	115,642	
767	102,142	767	115,759	
768	101,88	768	115,669	
769	101,665	769	115,58	
770	101,041	770	116,01	
771	101,674	771	115,833	
772	101,51	772	102,676	
773	100,998	773	115,296	
774	100,947	774	115,124	
775	100,702	775	115,218	
776	100,154	776	114,858	
777	100,077	777	114,864	
778	100,435	778	115,16	
779	100,045	779	115,207	
780	99,9274	780	102,015	
781	99,8092	781	114,224	
782	99,9663	782	113,853	
783	100,067	783	114,295	
784	99,8768	784	114,174	
785	99,5069	785	113,096	
786	99,7501	786	113,11	
787	99,6648	787	113,094	
788	99,3204	788	112,69	
789	99,1144	789	100,853	
790	88,2928	790	113,382	
791	98,9423	791	113,137	
792	99,2522	792	112,973	
793	99,5961	793	112,41	
794	98,3158	794	112,552	
795	98,993	795	112,619	
796	98,5036	796	112,296	
797	98,4052	797	111,991	
798	98,591	798	112,313	
799	99,0992	799	99,5293	
800	98,4511	800	112,382	
801	97,9571	801	112,075	
802	97,8945	802	111,943	
803	98,4218	803	112,049	
804	97,4926	804	111,627	
805	98,1094	805	111,826	
806	97,2459	806	111,576	
807	96,1511	807	98,7328	
808	96,9436	808	111,427	
809	97,2697	809	110,805	
810	97,1718	810	111,206	
811	96,9394	811	111,292	
812	97,501	812	111,272	
813	97,4374	813	110,521	
814	97,4659	814	110,126	
815	97,6781	815	110,004	
816	97,3794	816	110,718	
817	97,5177	817	110,234	
818	97,5191	818	98,2975	
819	96,5196	819	110,573	
820	95,6719	820	109,747	
821	96,5006	821	110,434	
822	95,756	822	109,929	
823	95,5451	823	109,936	
824	95,6466	824	109,394	
825	95,5409	825	109,709	
826	95,6276	826	109,486	
827	95,1082	827	109,328	
828	96,0706	828	97,101	
829	96,4122	829	109,131	
830	96,0336	830	109,106	
831	95,4185	831	109,032	
832	94,9189	832	108,895	
833	95,4768	833	108,76	
834	94,4763	834	108,682	
835	95,0819	835	108,373	
836	94,9846	836	108,412	
837	95,3968	837	108,118	
838	94,7208	838	107,916	
839	95,1059	839	95,9755	
840	94,1906	840	108,183	
841	93,8436	841	107,611	
842	83,5127	842	107,754	
843	94,065	843	107,432	
844	94,8631	844	106,919	
845	94,0946	845	107,831	
846	94,2196	846	107,499	
847	95,1437	847	107,885	
848	94,0631	848	95,2171	
849	94,7683	849	106,983	
850	93,9731	850	107,019	
851	94,1448	851	107,636	
852	92,908	852	106,375	
853	94,4636	853	106,704	
854	93,6639	854	106,577	
855	93,6338	855	106,763	
856	93,4652	856	106,883	
857	93,4583	857	107,011	
858	93,6967	858	106,407	
859	93,3063	859	94,6342	
860	93,4016	860	106,414	
861	92,4276	861	106,149	
862	92,8082	862	105,993	
863	92,9628	863	106,429	
864	92,4045	864	106,001	
865	92,8573	865	106,215	
866	93,2783	866	105,608	
867	92,9873	867	105,179	
868	92,627	868	105,259	
869	92,2514	869	93,832	
870	91,8827	870	105,695	
871	91,899	871	105,539	
872	91,3872	872	105,68	
873	90,846	873	105,459	
874	91,504	874	105,025	
875	91,7544	875	104,511	
876	92,5417	876	104,84	
877	91,2495	877	104,588	
878	91,1933	878	105,16	
879	81,5221	879	104,747	
880	101,614	880	93,1859	
881	81,0936	881	104,005	
882	91,86	882	104,428	
883	91,8939	883	104,175	
884	91,6748	884	104,212	
885	91,2006	885	103,891	
886	91,0445	886	104,077	
887	91,1094	887	104,061	
888	91,446	888	103,499	
889	90,5369	889	92,4687	
890	90,333	890	103,578	
891	90,2542	891	103,899	
892	90,5546	892	103,194	
893	90,1455	893	103,537	
894	90,1859	894	103,299	
895	89,3138	895	103,255	
896	90,2399	896	103,48	
897	90,0987	897	102,843	
898	89,8599	898	92,2517	
899	89,3739	899	102,442	
900	90,0634	900	102,528	
901	89,5817	901	102,965	
902	80,1538	902	102,821	
903	89,5005	903	103,068	
904	89,9119	904	102,622	
905	88,7851	905	101,759	
906	89,404	906	102,331	
907	89,034	907	102,566	
908	88,7287	908	102,373	
909	88,9516	909	90,7704	
910	88,8163	910	101,594	
911	88,563	911	102,003	
912	88,1947	912	101,81	
913	88,3878	913	101,706	
914	88,1943	914	101,861	
915	88,8863	915	101,553	
916	88,2245	916	101,284	
917	88,5554	917	100,898	
918	88,2987	918	89,6174	
919	88,6779	919	100,893	
920	88,4109	920	100,947	
921	88,6329	921	101,156	
922	78,6178	922	101,279	
923	88,6215	923	100,848	
924	88,5384	924	100,622	
925	88,1965	925	100,793	
926	87,647	926	101,079	
927	88,1258	927	89,2637	
928	87,5944	928	100,651	
929	88,4755	929	100,663	
930	88,6734	930	100,529	
931	88,0613	931	100,136	
932	87,3134	932	100,201	
933	87,2645	933	99,9236	
934	87,4582	934	100,036	
935	87,045	935	100,137	
936	87,7945	936	99,8809	
937	86,8262	937	88,8633	
938	87,3889	938	100,38	
939	86,9492	939	99,987	
940	86,9012	940	100,102	
941	87,0784	941	99,3212	
942	86,3769	942	99,9159	
943	86,6553	943	99,5165	
944	87,4094	944	99,4316	
945	87,5834	945	99,0953	
946	86,8413	946	88,4834	
947	86,6373	947	98,967	
948	86,7253	948	99,4761	
949	86,6949	949	99,0535	
950	86,7409	950	99,4116	
951	86,6414	951	98,7115	
952	76,5221	952	98,8844	
953	85,5817	953	98,9136	
954	86,6852	954	98,7547	
955	86,2457	955	98,5969	
956	86,1546	956	98,2404	
957	85,8283	957	98,9417	
958	85,7937	958	87,1084	
959	86,0925	959	98,2393	
960	85,8519	960	98,4059	
961	85,6276	961	97,6976	
962	85,2929	962	97,6205	
963	85,4017	963	97,7228	
964	85,8854	964	97,7843	
965	85,1941	965	97,9271	
966	85,3817	966	97,6934	
967	85,071	967	97,1566	
968	84,9411	968	97,5694	
969	84,9711	969	86,5072	
970	85,2853	970	96,7203	
971	85,0434	971	97,4361	
972	84,6954	972	97,2983	
973	84,2409	973	96,9433	
974	84,4101	974	97,2704	
975	85,0032	975	96,9703	
976	84,9814	976	97,241	
977	84,7185	977	96,7288	
978	84,9138	978	96,5775	
979	74,9993	979	86,2047	
980	84,1195	980	95,9654	
981	84,319	981	96,5239	
982	84,3154	982	96,4882	
983	83,8659	983	95,8074	
984	84,1594	984	95,4791	
985	84,0112	985	96,6976	
986	84,7029	986	96,082	
987	84,5398	987	96,1391	
988	83,8276	988	95,6378	
989	83,5281	989	85,3413	
990	83,2952	990	95,4457	
991	83,8743	991	95,8685	
992	83,938	992	95,6832	
993	84,1505	993	94,553	
994	83,932	994	95,5764	
995	83,79	995	94,9117	
996	74,2228	996	95,0977	
997	83,264	997	95,3754	
998	83,634	998	95,0672	
999	83,3932	999	95,5892	
1000	82,3223	1000	94,677	
1001	83,395	1001	84,7712	
1002	83,0487	1002	95,0619	
1003	83,1152	1003	94,8287	
1004	82,9917	1004	94,5256	
1005	83,0074	1005	95,1356	
1006	83,1929	1006	94,863	
1007	83,3084	1007	94,5484	
1008	82,8535	1008	94,771	
