Time - Plot 0	Degrees Celsius - Plot 0	Time - Plot 1	Degrees Celsius - Plot 1	Time - Plot 2	Degrees Celsius - Plot 2	Time - Plot 3	Degrees Celsius - Plot 3	Time - Plot 4	Degrees Celsius - Plot 4	
0	27,8464	0	25,7228	0	19,0486	0	20,1517	0	13,5507	
1	27,2441	1	25,718	1	19,0049	1	20,1431	1	13,5535	
2	27,0115	2	25,7285	2	18,9922	2	20,118	2	13,5183	
3	27,2492	3	25,7569	3	19,0435	3	20,147	3	13,5622	
4	28,7299	4	25,7898	4	19,0372	4	20,1611	4	13,5721	
5	27,6222	5	25,791	5	19,0602	5	20,1742	5	13,5585	
6	26,6627	6	25,766	6	19,0137	6	20,1358	6	13,5152	
7	26,849	7	25,7797	7	18,9867	7	20,1225	7	13,5371	
8	28,0312	8	25,8118	8	18,9439	8	20,0854	8	13,5695	
9	27,8845	9	25,7929	9	18,7036	9	19,9204	9	13,5476	
10	27,1566	10	25,8012	10	18,6777	10	19,7825	10	13,5059	
11	27,1867	11	25,8206	11	18,5652	11	19,6592	11	13,5489	
12	27,6595	12	25,858	12	18,3069	12	19,4343	12	13,5938	
13	28,0187	13	25,8647	13	18,1696	13	19,1894	13	13,5762	
14	27,6213	14	25,8389	14	18,2582	14	18,8273	14	13,5373	
15	27,3484	15	25,815	15	18,2008	15	18,6103	15	13,5474	
16	27,0499	16	25,8242	16	18,1698	16	18,4377	16	13,5382	
17	27,1807	17	25,7958	17	18,1815	17	17,836	17	13,5318	
18	27,3823	18	25,8372	18	18,2204	18	17,4185	18	13,589	
19	27,6682	19	25,826	19	18,1991	19	16,9264	19	13,5591	
20	27,9168	20	25,8332	20	18,1797	20	16,3508	20	13,5591	
21	27,7121	21	25,8286	21	18,2036	21	16,1412	21	13,5526	
22	27,4456	22	25,7902	22	18,2073	22	15,8683	22	13,5448	
23	27,4122	23	25,8165	23	18,2114	23	15,5415	23	13,5252	
24	27,3553	24	25,803	24	18,2121	24	15,3912	24	13,5391	
25	27,3462	25	25,8226	25	18,2379	25	15,2415	25	13,5432	
26	27,2732	26	25,7965	26	18,2027	26	14,9975	26	13,5102	
27	27,2261	27	25,7875	27	18,2098	27	14,9056	27	13,5335	
28	28,5162	28	25,8129	28	18,1973	28	14,7692	28	13,5149	
29	28,9803	29	25,7902	29	18,1707	29	14,6992	29	13,5057	
30	29,4303	30	25,8179	30	18,1886	30	14,5628	30	13,5395	
31	29,1256	31	25,828	31	18,1854	31	14,5181	31	13,563	
32	29,3946	32	25,8167	32	18,176	32	14,4629	32	13,5411	
33	29,1544	33	25,8325	33	18,2351	33	14,3474	33	13,5514	
34	28,5493	34	25,8069	34	18,1404	34	14,2943	34	13,4997	
35	28,7453	35	25,8175	35	18,1882	35	14,2531	35	13,5138	
36	28,8595	36	25,8031	36	18,2003	36	14,1899	36	13,5159	
37	28,693	37	25,8126	37	18,1974	37	14,1594	37	13,5512	
38	29,4353	38	25,7676	38	18,1859	38	14,084	38	13,5535	
39	29,0381	39	25,7977	39	18,2067	39	14,093	39	13,5362	
40	28,8632	40	25,8045	40	18,186	40	14,0283	40	13,534	
41	29,0463	41	25,8152	41	18,2001	41	14,0387	41	13,5353	
42	28,7251	42	25,7805	42	18,1799	42	13,9755	42	13,5079	
43	28,5713	43	25,8026	43	18,2188	43	13,9349	43	13,5474	
44	28,5504	44	25,8152	44	18,2343	44	13,9238	44	13,521	
45	28,1221	45	25,795	45	18,1931	45	13,912	45	13,5363	
46	30,6069	46	25,8014	46	18,2071	46	13,8884	46	13,5189	
47	31,1387	47	25,7915	47	18,1806	47	13,8241	47	13,499	
48	30,3196	48	25,7915	48	18,1962	48	13,8303	48	13,4942	
49	30,3243	49	25,7845	49	18,2229	49	13,848	49	13,5172	
50	30,442	50	25,7869	50	18,2315	50	13,8309	50	13,5191	
51	29,8076	51	25,7687	51	18,2303	51	13,8039	51	13,5255	
52	29,282	52	25,7792	52	18,2124	52	13,7845	52	13,4932	
53	30,1434	53	25,7896	53	18,2603	53	13,7907	53	13,5089	
54	30,3966	54	25,7914	54	18,2902	54	13,7834	54	13,5289	
55	29,6318	55	25,7871	55	18,2569	55	13,7548	55	13,5212	
56	29,2768	56	25,7966	56	18,2988	56	13,7663	56	13,5175	
57	29,723	57	25,7942	57	18,2783	57	13,7953	57	13,5384	
58	29,7035	58	25,7918	58	18,3006	58	13,7643	58	13,5259	
59	29,7793	59	25,7624	59	18,2885	59	13,716	59	13,5015	
60	29,8345	60	25,8023	60	18,3382	60	13,7549	60	13,5356	
61	29,6176	61	25,758	61	18,3198	61	13,7163	61	13,5061	
62	28,7445	62	25,7577	62	18,2914	62	13,6912	62	13,491	
63	29,3496	63	25,8124	63	18,3422	63	13,7736	63	13,5214	
64	29,0991	64	25,7554	64	18,3081	64	13,6865	64	13,4882	
65	29,1189	65	25,7941	65	18,3452	65	13,7237	65	13,4925	
66	29,1295	66	25,747	66	18,3258	66	13,6695	66	13,464	
67	29,3173	67	25,7385	67	18,342	67	13,6915	67	13,4717	
68	29,3175	68	25,7495	68	18,3815	68	13,6825	68	13,5185	
69	29,4412	69	25,7797	69	18,3777	69	13,7016	69	13,5028	
70	29,5386	70	25,7394	70	18,3562	70	13,6938	70	13,4878	
71	29,7883	71	25,7638	71	18,3708	71	13,6879	71	13,4891	
72	30,2777	72	25,7426	72	18,3679	72	13,6669	72	13,4729	
73	29,6565	73	25,7321	73	18,3916	73	13,6521	73	13,4871	
74	29,7579	74	25,7383	74	18,3831	74	13,6717	74	13,4643	
75	30,9063	75	25,7274	75	18,3858	75	13,6911	75	13,4985	
76	30,3696	76	25,7294	76	18,395	76	13,6689	76	13,4781	
77	30,3683	77	25,7532	77	18,4138	77	13,682	77	13,5099	
78	29,885	78	25,741	78	18,4019	78	13,6491	78	13,4951	
79	29,9923	79	25,7015	79	18,4021	79	13,6364	79	13,4514	
80	30,2498	80	25,7036	80	18,4009	80	13,6166	80	13,4564	
81	29,9918	81	25,7415	81	18,4133	81	13,661	81	13,4756	
82	29,6155	82	25,7294	82	18,4154	82	13,6488	82	13,4724	
83	29,8261	83	25,7075	83	18,4295	83	13,6472	83	13,4694	
84	29,8862	84	25,7091	84	18,4487	84	13,6694	84	13,4934	
85	29,9004	85	25,7332	85	18,4563	85	13,6531	85	13,502	
86	29,7821	86	25,7122	86	18,4486	86	13,6468	86	13,4837	
87	29,8191	87	25,7046	87	18,4537	87	13,6353	87	13,4622	
88	29,8043	88	25,6955	88	18,4384	88	13,6275	88	13,4654	
89	29,8664	89	25,7263	89	18,4893	89	13,6657	89	13,4993	
90	30,1087	90	25,6852	90	18,4436	90	13,6404	90	13,4817	
91	30,3389	91	25,7027	91	18,4532	91	13,6414	91	13,4412	
92	30,14	92	25,6884	92	18,4569	92	13,6156	92	13,4683	
93	30,0318	93	25,6748	93	18,4684	93	13,6348	93	13,4579	
94	29,9036	94	25,6973	94	18,4843	94	13,6345	94	13,4805	
95	30,1696	95	25,6858	95	18,4623	95	13,6182	95	13,4465	
96	29,9692	96	25,6759	96	18,4956	96	13,632	96	13,4594	
97	29,9543	97	25,6274	97	18,4658	97	13,6126	97	13,4428	
98	30,0432	98	25,6481	98	18,4762	98	13,6173	98	13,46	
99	30,0619	99	25,6407	99	18,4939	99	13,6308	99	13,4587	
100	30,0937	100	25,6248	100	18,4846	100	13,6176	100	13,4517	
101	30,1563	101	25,6294	101	18,4825	101	13,6322	101	13,442	
102	30,2221	102	25,6334	102	18,4879	102	13,6482	102	13,4494	
103	30,3299	103	25,5909	103	18,4737	103	13,5938	103	13,4231	
104	30,3525	104	25,5915	104	18,5033	104	13,5968	104	13,4514	
105	30,4082	105	25,6002	105	18,5149	105	13,6066	105	13,4684	
106	30,3182	106	25,601	106	18,4976	106	13,6069	106	13,4586	
107	30,3036	107	25,5792	107	18,5261	107	13,6212	107	13,4643	
108	30,378	108	25,5799	108	18,5325	108	13,6209	108	13,453	
109	30,5698	109	25,5425	109	18,53	109	13,596	109	13,4249	
110	30,704	110	25,5445	110	18,512	110	13,5808	110	13,4311	
111	30,688	111	25,5489	111	18,5294	111	13,5949	111	13,4452	
112	30,9471	112	25,5261	112	18,5135	112	13,5842	112	13,4583	
113	31,8441	113	25,5259	113	18,5485	113	13,6102	113	13,4624	
114	31,2444	114	25,5117	114	18,5299	114	13,582	114	13,4356	
115	31,9199	115	25,5222	115	18,5328	115	13,5645	115	13,4463	
116	31,7257	116	25,4696	116	18,5293	116	13,5734	116	13,4375	
117	32,0568	117	25,4703	117	18,5315	117	13,5846	117	13,433	
118	31,6415	118	25,4569	118	18,5284	118	13,5806	118	13,4294	
119	31,7779	119	25,4387	119	18,5273	119	13,5756	119	13,4168	
120	31,7908	120	25,441	120	18,5714	120	13,5765	120	13,4382	
121	31,3988	121	25,4054	121	18,5265	121	13,5476	121	13,4122	
122	31,5722	122	25,4296	122	18,5385	122	13,5659	122	13,4276	
123	31,3517	123	25,4076	123	18,5648	123	13,5799	123	13,4116	
124	31,2865	124	25,3939	124	18,5472	124	13,5694	124	13,4135	
125	31,3276	125	25,3505	125	18,5458	125	13,5675	125	13,4188	
126	32,4197	126	25,3473	126	18,565	126	13,5443	126	13,4271	
127	32,5023	127	25,3791	127	18,5851	127	13,5645	127	13,4338	
128	31,9828	128	25,3549	128	18,5683	128	13,5787	128	13,3956	
129	32,385	129	25,3028	129	18,553	129	13,5642	129	13,435	
130	33,0902	130	25,2846	130	18,5566	130	13,5516	130	13,4005	
131	32,4372	131	25,274	131	18,5548	131	13,5446	131	13,4059	
132	32,1268	132	25,2409	132	18,5586	132	13,5666	132	13,4006	
133	31,7419	133	25,2436	133	18,5984	133	13,5617	133	13,4172	
134	31,8727	134	25,2066	134	18,5626	134	13,5606	134	13,4037	
135	31,6583	135	25,2044	135	18,558	135	13,5493	135	13,3981	
136	31,5766	136	25,1945	136	18,5818	136	13,5307	136	13,4148	
137	31,5989	137	25,1815	137	18,5915	137	13,5538	137	13,4055	
138	31,6555	138	25,1315	138	18,5592	138	13,5347	138	13,4141	
139	31,7342	139	25,1201	139	18,5783	139	13,541	139	13,4113	
140	31,8235	140	25,1175	140	18,579	140	13,5527	140	13,4215	
141	31,9183	141	25,0721	141	18,5893	141	13,5468	141	13,4166	
142	31,9733	142	25,0641	142	18,5817	142	13,5521	142	13,3914	
143	31,9448	143	25,0426	143	18,6057	143	13,5514	143	13,4422	
144	31,9531	144	25,0039	144	18,5825	144	13,5281	144	13,3974	
145	31,97	145	25,0172	145	18,6139	145	13,5677	145	13,4304	
146	31,9227	146	24,9669	146	18,5819	146	13,5284	146	13,3839	
147	31,8395	147	24,9488	147	18,5661	147	13,5373	147	13,3628	
148	31,9135	148	24,8995	148	18,5721	148	13,5124	148	13,376	
149	31,9232	149	24,9328	149	18,6127	149	13,5598	149	13,4206	
150	31,8921	150	24,884	150	18,5945	150	13,5401	150	13,3951	
151	31,821	151	24,8552	151	18,5902	151	13,5439	151	13,3975	
152	32,0229	152	24,8463	152	18,596	152	13,554	152	13,3904	
153	32,1623	153	24,865	153	18,6485	153	13,5609	153	13,4064	
154	33,1879	154	24,8076	154	18,616	154	13,534	154	13,3829	
155	33,7651	155	24,7941	155	18,6362	155	13,5233	155	13,4045	
156	33,4021	156	24,7801	156	18,6272	156	13,5305	156	13,4128	
157	33,0362	157	24,7628	157	18,6256	157	13,5427	157	13,3972	
158	33,1237	158	24,6786	158	18,5922	158	13,514	158	13,3771	
159	33,0845	159	24,7047	159	18,6399	159	13,5556	159	13,3787	
160	32,9052	160	24,6465	160	18,6013	160	13,5183	160	13,3538	
161	33,2786	161	24,6286	161	18,5989	161	13,4954	161	13,3495	
162	33,0427	162	24,6366	162	18,6512	162	13,545	162	13,3867	
163	32,9431	163	24,6091	163	18,6064	163	13,4925	163	13,3604	
164	33,1387	164	24,5719	164	18,6408	164	13,5327	164	13,3792	
165	32,7608	165	24,5557	165	18,6326	165	13,503	165	13,3552	
166	32,7292	166	24,5517	166	18,6333	166	13,5386	166	13,3717	
167	32,9372	167	24,5242	167	18,6483	167	13,5398	167	13,3548	
168	33,5977	168	24,4861	168	18,6381	168	13,5	168	13,3569	
169	33,6309	169	24,4639	169	18,622	169	13,5305	169	13,3427	
170	33,362	170	24,4404	170	18,6364	170	13,5107	170	13,3371	
171	33,0648	171	24,4498	171	18,6363	171	13,5111	171	13,3618	
172	33,0464	172	24,4126	172	18,6393	172	13,5235	172	13,3643	
173	33,0278	173	24,3954	173	18,6282	173	13,4972	173	13,3561	
174	33,1558	174	24,3394	174	18,6071	174	13,4831	174	13,3368	
175	33,4376	175	24,3268	175	18,6257	175	13,4947	175	13,3297	
176	33,4138	176	24,3142	176	18,653	176	13,4925	176	13,359	
177	33,5209	177	24,3043	177	18,6246	177	13,4887	177	13,3324	
178	33,3218	178	24,2836	178	18,6355	178	13,484	178	13,3514	
179	33,0807	179	24,2792	179	18,6582	179	13,4953	179	13,3766	
180	33,0704	180	24,2306	180	18,6369	180	13,4735	180	13,3452	
181	33,1064	181	24,2117	181	18,6383	181	13,5107	181	13,3128	
182	33,2293	182	24,1965	182	18,6454	182	13,4753	182	13,3332	
183	33,368	183	24,1748	183	18,6549	183	13,4863	183	13,3442	
184	33,5728	184	24,1634	184	18,6459	184	13,4982	184	13,328	
185	33,6145	185	24,1203	185	18,6591	185	13,4714	185	13,3551	
186	33,6753	186	24,1202	186	18,6438	186	13,4895	186	13,3188	
187	34,1434	187	24,0861	187	18,6304	187	13,4779	187	13,3034	
188	34,2082	188	24,0818	188	18,6498	188	13,4898	188	13,3577	
189	34,0883	189	24,0147	189	18,609	189	13,4407	189	13,3	
190	33,8437	190	24,0386	190	18,6706	190	13,4916	190	13,3509	
191	33,9411	191	24,0018	191	18,6592	191	13,4487	191	13,2966	
192	34,1857	192	23,9938	192	18,6602	192	13,4659	192	13,3061	
193	33,998	193	23,9256	193	18,626	193	13,4572	193	13,309	
194	34,036	194	23,9383	194	18,6601	194	13,4729	194	13,3218	
195	34,1541	195	23,9527	195	18,6669	195	13,4888	195	13,309	
196	34,2903	196	23,9055	196	18,667	196	13,4651	196	13,313	
197	34,3811	197	23,905	197	18,6722	197	13,4894	197	13,3234	
198	34,463	198	23,8541	198	18,6667	198	13,4695	198	13,3012	
199	34,3035	199	23,8596	199	18,6632	199	13,4565	199	13,2986	
200	34,1082	200	23,8402	200	18,6903	200	13,4412	200	13,282	
201	34,0397	201	23,8313	201	18,6808	201	13,4418	201	13,3245	
202	33,9448	202	23,8045	202	18,6748	202	13,4009	202	13,3427	
203	34,0305	203	23,7985	203	18,6992	203	13,3858	203	13,3615	
204	34,3555	204	23,7737	204	18,6771	204	13,3813	204	13,3965	
205	34,2152	205	23,7423	205	18,7092	205	13,3701	205	13,3958	
206	34,2571	206	23,7589	206	18,695	206	13,3921	206	13,4326	
207	34,8248	207	23,7165	207	18,6819	207	13,3741	207	13,409	
208	35,354	208	23,6987	208	18,7054	208	13,3467	208	13,4063	
209	35,2621	209	23,7015	209	18,6972	209	13,4062	209	13,4301	
210	34,8945	210	23,657	210	18,6825	210	13,3542	210	13,379	
211	34,6469	211	23,6276	211	18,718	211	13,3284	211	13,3727	
212	34,6207	212	23,6528	212	18,7044	212	13,3491	212	13,3691	
213	34,5991	213	23,6144	213	18,6848	213	13,347	213	13,3718	
214	34,443	214	23,565	214	18,6689	214	13,3306	214	13,3745	
215	34,6722	215	23,5954	215	18,7099	215	13,3484	215	13,4137	
216	35,222	216	23,5343	216	18,6761	216	13,3293	216	13,3531	
217	34,9276	217	23,5656	217	18,7046	217	13,3474	217	13,3827	
218	34,7308	218	23,5372	218	18,6909	218	13,3489	218	13,387	
219	35,0921	219	23,5194	219	18,6835	219	13,3276	219	13,3743	
220	35,473	220	23,5102	220	18,7127	220	13,3507	220	13,4093	
221	35,6548	221	23,4992	221	18,6964	221	13,3296	221	13,3711	
222	35,5528	222	23,4556	222	18,6954	222	13,3434	222	13,3839	
223	35,5554	223	23,4222	223	18,6989	223	13,3226	223	13,3574	
224	36,0653	224	23,4274	224	18,707	224	13,3245	224	13,3478	
225	35,4754	225	23,4161	225	18,6956	225	13,3088	225	13,3889	
226	35,2923	226	23,3911	226	18,6952	226	13,3213	226	13,3571	
227	35,329	227	23,3671	227	18,7153	227	13,3433	227	13,3643	
228	35,1758	228	23,3667	228	18,6959	228	13,3248	228	13,3501	
229	35,3458	229	23,3236	229	18,6849	229	13,3033	229	13,3405	
230	35,2567	230	23,3307	230	18,7081	230	13,3071	230	13,3309	
231	35,2417	231	23,3379	231	18,7449	231	13,3306	231	13,3745	
232	35,1778	232	23,2905	232	18,7007	232	13,2967	232	13,3425	
233	35,317	233	23,276	233	18,7265	233	13,3188	233	13,3388	
234	35,3293	234	23,2648	234	18,7309	234	13,3194	234	13,3533	
235	35,3332	235	23,2279	235	18,7095	235	13,3065	235	13,3065	
236	35,3463	236	23,2279	236	18,7086	236	13,3251	236	13,3466	
237	35,4527	237	23,2259	237	18,706	237	13,3063	237	13,3149	
238	35,8917	238	23,211	238	18,7381	238	13,3061	238	13,3591	
239	35,8065	239	23,1751	239	18,6864	239	13,2915	239	13,3282	
240	35,5292	240	23,1746	240	18,7557	240	13,3372	240	13,33	
241	35,4861	241	23,1525	241	18,7302	241	13,3006	241	13,3149	
242	36,1267	242	23,1423	242	18,6914	242	13,2884	242	13,3089	
243	36,4383	243	23,118	243	18,7108	243	13,3021	243	13,3226	
244	36,4889	244	23,0983	244	18,7096	244	13,2932	244	13,3137	
245	35,9969	245	23,111	245	18,729	245	13,3041	245	13,3122	
246	35,8344	246	23,0864	246	18,7018	246	13,3126	246	13,3088	
247	36,3871	247	23,0879	247	18,7551	247	13,3333	247	13,3538	
248	36,7229	248	23,0753	248	18,7363	248	13,312	248	13,3249	
249	36,6084	249	23,0282	249	18,7147	249	13,3141	249	13,3141	
250	36,7405	250	23,0407	250	18,7097	250	13,3096	250	13,3229	
251	36,4179	251	23,0046	251	18,7081	251	13,3242	251	13,3418	
252	36,3221	252	22,9813	252	18,7303	252	13,2931	252	13,2859	
253	36,2646	253	22,9698	253	18,7117	253	13,3121	253	13,2954	
254	36,2114	254	22,9769	254	18,7301	254	13,3315	254	13,3387	
255	36,0806	255	22,9643	255	18,7252	255	13,3136	255	13,3084	
256	36,1026	256	22,932	256	18,7279	256	13,2978	256	13,3126	
257	36,1192	257	22,9058	257	18,7325	257	13,2714	257	13,2671	
258	36,2056	258	22,9189	258	18,7266	258	13,2793	258	13,3008	
259	36,1397	259	22,9013	259	18,7194	259	13,2997	259	13,316	
260	36,2089	260	22,898	260	18,7284	260	13,2745	260	13,3102	
261	36,3113	261	22,8691	261	18,7474	261	13,2749	261	13,3069	
262	36,3346	262	22,8584	262	18,7575	262	13,2646	262	13,2946	
263	36,3554	263	22,8484	263	18,7304	263	13,2894	263	13,2779	
264	36,3672	264	22,8321	264	18,7169	264	13,2811	264	13,2835	
265	37,0997	265	22,8261	265	18,728	265	13,2774	265	13,2759	
266	37,033	266	22,8187	266	18,731	266	13,2795	266	13,2847	
267	36,584	267	22,7577	267	18,722	267	13,2585	267	13,2871	
268	37,5502	268	22,7611	268	18,7344	268	13,2662	268	13,2691	
269	37,9191	269	22,7752	269	18,7249	269	13,2852	269	13,29	
270	37,6378	270	22,7302	270	18,714	270	13,2585	270	13,2705	
271	37,9368	271	22,722	271	18,7299	271	13,2655	271	13,2579	
272	37,9546	272	22,7114	272	18,7283	272	13,2625	272	13,2706	
273	37,3492	273	22,6973	273	18,7279	273	13,2701	273	13,2606	
274	37,0494	274	22,6766	274	18,7238	274	13,2493	274	13,2536	
275	37,0338	275	22,652	275	18,7309	275	13,2656	275	13,2603	
276	37,0753	276	22,6713	276	18,7598	276	13,2669	276	13,2497	
277	37,143	277	22,6444	277	18,7114	277	13,244	277	13,244	
278	38,5374	278	22,6296	278	18,7274	278	13,2559	278	13,2735	
279	37,9926	279	22,6696	279	18,7776	279	13,2957	279	13,2747	
280	37,9996	280	22,6214	280	18,7334	280	13,2686	280	13,2533	
281	37,8678	281	22,5984	281	18,7189	281	13,2535	281	13,2378	
282	37,2669	282	22,5863	282	18,7225	282	13,2361	282	13,2342	
283	37,0333	283	22,5911	283	18,7596	283	13,2605	283	13,2385	
284	37,1541	284	22,5849	284	18,7572	284	13,2742	284	13,2757	
285	37,1726	285	22,5657	285	18,7474	285	13,2663	285	13,2725	
286	37,2836	286	22,5523	286	18,7482	286	13,2467	286	13,2505	
287	37,537	287	22,5094	287	18,7408	287	13,2221	287	13,2245	
288	38,5253	288	22,529	288	18,7691	288	13,2395	288	13,2452	
289	38,3546	289	22,4913	289	18,7521	289	13,2525	289	13,251	
290	38,191	290	22,4851	290	18,7739	290	13,2467	290	13,2867	
291	38,7081	291	22,5093	291	18,7573	291	13,232	291	13,2773	
292	38,3588	292	22,4656	292	18,7163	292	13,2237	292	13,2099	
293	38,4131	293	22,4629	293	18,7369	293	13,2411	293	13,2401	
294	38,1898	294	22,4649	294	18,766	294	13,2631	294	13,2488	
295	38,0014	295	22,4334	295	18,7544	295	13,2447	295	13,2466	
296	38,6642	296	22,4321	296	18,7383	296	13,2267	296	13,2439	
297	38,4289	297	22,4264	297	18,783	297	13,2477	297	13,232	
298	38,2112	298	22,4127	298	18,7283	298	13,2172	298	13,2472	
299	38,2959	299	22,3982	299	18,7347	299	13,2193	299	13,2007	
300	38,4801	300	22,4019	300	18,7688	300	13,2506	300	13,2506	
301	38,8947	301	22,3772	301	18,7459	301	13,2186	301	13,2124	
302	38,4662	302	22,3621	302	18,7379	302	13,2116	302	13,2325	
303	38,7308	303	22,3824	303	18,7583	303	13,2391	303	13,2339	
304	38,3573	304	22,3708	304	18,7609	304	13,228	304	13,2356	
305	38,4514	305	22,3261	305	18,774	305	13,2187	305	13,2359	
306	38,0572	306	22,3331	306	18,7563	306	13,2452	306	13,2071	
307	38,6024	307	22,2993	307	18,7699	307	13,1959	307	13,2102	
308	38,2342	308	22,3009	308	18,7492	308	13,2205	308	13,24	
309	38,5474	309	22,312	309	18,7845	309	13,2302	309	13,2488	
310	38,4275	310	22,274	310	18,7445	310	13,2225	310	13,2196	
311	38,3621	311	22,2588	311	18,7725	311	13,1918	311	13,2171	
312	38,1624	312	22,2742	312	18,758	312	13,2065	312	13,2174	
313	38,1681	313	22,2597	313	18,7544	313	13,2143	313	13,1995	
314	38,1967	314	22,234	314	18,7386	314	13,1908	314	13,1946	
315	38,746	315	22,2462	315	18,7955	315	13,2145	315	13,2107	
316	38,9459	316	22,1931	316	18,7479	316	13,1972	316	13,1944	
317	39,1759	317	22,1998	317	18,7513	317	13,2254	317	13,2054	
318	39,4444	318	22,1984	318	18,7685	318	13,2145	318	13,2241	
319	38,8008	319	22,1971	319	18,7462	319	13,2113	319	13,2222	
320	38,6115	320	22,1471	320	18,7464	320	13,1953	320	13,1867	
321	38,4034	321	22,1409	321	18,7455	321	13,201	321	13,1986	
322	38,3733	322	22,1715	322	18,7827	322	13,1955	322	13,2179	
323	38,4734	323	22,1243	323	18,7607	323	13,1929	323	13,1876	
324	38,562	324	22,1258	324	18,7412	324	13,2058	324	13,1733	
325	38,3872	325	22,1397	325	18,7775	325	13,2002	325	13,1883	
326	38,397	326	22,101	326	18,7368	326	13,1946	326	13,1956	
327	38,4271	327	22,0872	327	18,7548	327	13,1937	327	13,1755	
328	38,4822	328	22,091	328	18,7648	328	13,2066	328	13,2128	
329	38,5425	329	22,0845	329	18,7853	329	13,2091	329	13,2167	
330	38,6566	330	22,0699	330	18,7536	330	13,1667	330	13,1872	
331	38,6645	331	22,0458	331	18,7394	331	13,1996	331	13,1977	
332	38,6815	332	22,0669	332	18,7539	332	13,2008	332	13,1789	
333	38,6772	333	22,0451	333	18,762	333	13,219	333	13,1785	
334	38,7097	334	22,011	334	18,741	334	13,1756	334	13,1832	
335	38,8025	335	22,0318	335	18,7662	335	13,1913	335	13,1861	
336	38,8535	336	22,0097	336	18,7469	336	13,1838	336	13,1853	
337	38,9655	337	21,9928	337	18,7484	337	13,1944	337	13,1887	
338	38,964	338	21,9567	338	18,7355	338	13,1833	338	13,1328	
339	39,0247	339	21,9631	339	18,7457	339	13,1721	339	13,174	
340	39,01	340	21,9831	340	18,7658	340	13,2162	340	13,1995	
341	39,066	341	21,9699	341	18,7298	341	13,1743	341	13,1643	
342	39,1311	342	21,9399	342	18,7524	342	13,1745	342	13,175	
343	39,2585	343	21,9414	343	18,7548	343	13,1842	343	13,1699	
344	39,551	344	21,9217	344	18,7427	344	13,1939	344	13,1687	
345	39,4412	345	21,9052	345	18,748	345	13,1644	345	13,1778	
346	40,3747	346	21,9161	346	18,7556	346	13,1759	346	13,1868	
347	40,8995	347	21,8753	347	18,7346	347	13,1777	347	13,1596	
348	40,4627	348	21,883	348	18,7381	348	13,1755	348	13,1684	
349	40,0591	349	21,8686	349	18,7208	349	13,1566	349	13,1333	
350	40,2239	350	21,8738	350	18,7768	350	13,1762	350	13,1586	
351	39,9548	351	21,8582	351	18,7687	351	13,1834	351	13,1814	
352	39,8553	352	21,8483	352	18,7356	352	13,1625	352	13,131	
353	39,9728	353	21,8254	353	18,7516	353	13,1747	353	13,1509	
354	40,0086	354	21,8285	354	18,7699	354	13,1893	354	13,1712	
355	40,0289	355	21,8222	355	18,7759	355	13,2125	355	13,1819	
356	40,4357	356	21,813	356	18,7311	356	13,1446	356	13,1603	
357	40,5401	357	21,7859	357	18,7347	357	13,1606	357	13,1626	
358	40,0927	358	21,7753	358	18,7645	358	13,1691	358	13,1458	
359	39,8871	359	21,7853	359	18,7418	359	13,1592	359	13,1491	
360	40,3541	360	21,7653	360	18,7479	360	13,1867	360	13,1686	
361	40,3416	361	21,751	361	18,7468	361	13,1852	361	13,1537	
362	40,8683	362	21,7572	362	18,7487	362	13,1771	362	13,1556	
363	40,8188	363	21,7538	363	18,7525	363	13,1775	363	13,157	
364	40,716	364	21,7376	364	18,7305	364	13,1464	364	13,1455	
365	41,9698	365	21,7084	365	18,7625	365	13,1833	365	13,1384	
366	41,7733	366	21,7228	366	18,7589	366	13,1811	366	13,1363	
367	41,1047	367	21,6808	367	18,7363	367	13,1784	367	13,1464	
368	40,7118	368	21,6811	368	18,749	368	13,1344	368	13,1358	
369	40,3906	369	21,6839	369	18,7431	369	13,1643	369	13,1371	
370	40,1452	370	21,6505	370	18,7135	370	13,1646	370	13,1278	
371	40,2682	371	21,6634	371	18,772	371	13,1552	371	13,1461	
372	40,307	372	21,6455	372	18,7346	372	13,1577	372	13,1219	
373	40,2674	373	21,6424	373	18,7415	373	13,1541	373	13,1722	
374	40,2294	374	21,6424	374	18,7505	374	13,176	374	13,1417	
375	40,2007	375	21,6681	375	18,7687	375	13,1971	375	13,1675	
376	40,1777	376	21,6526	376	18,7731	376	13,161	376	13,1601	
377	40,3103	377	21,5985	377	18,7502	377	13,1476	377	13,1352	
378	41,4515	378	21,6062	378	18,7475	378	13,1763	378	13,1505	
379	41,4669	379	21,6006	379	18,7627	379	13,1587	379	13,1444	
380	41,6196	380	21,6057	380	18,7645	380	13,1815	380	13,1434	
381	41,4024	381	21,559	381	18,7372	381	13,1751	381	13,1226	
382	41,0653	382	21,5928	382	18,7677	382	13,1837	382	13,1804	
383	40,8741	383	21,5576	383	18,7329	383	13,1521	383	13,1121	
384	40,7145	384	21,5548	384	18,7401	384	13,167	384	13,1489	
385	40,6619	385	21,555	385	18,7745	385	13,1906	385	13,1548	
386	40,7141	386	21,5179	386	18,7501	386	13,1599	386	13,137	
387	40,7304	387	21,5125	387	18,7533	387	13,1573	387	13,1621	
388	41,0192	388	21,5181	388	18,7632	388	13,154	388	13,1382	
389	41,6887	389	21,535	389	18,7697	389	13,1767	389	13,1438	
390	41,7439	390	21,4906	390	18,748	390	13,1334	390	13,1291	
391	41,8515	391	21,4566	391	18,7187	391	13,1326	391	13,1331	
392	41,6493	392	21,4964	392	18,7552	392	13,1492	392	13,1554	
393	41,7204	393	21,4782	393	18,7426	393	13,1381	393	13,1323	
394	41,3155	394	21,4333	394	18,7185	394	13,1649	394	13,0991	
395	41,293	395	21,4412	395	18,756	395	13,1596	395	13,1276	
396	41,2586	396	21,4557	396	18,7444	396	13,156	396	13,1384	
397	41,2881	397	21,4298	397	18,7312	397	13,1609	397	13,1222	
398	41,2541	398	21,4249	398	18,7353	398	13,1478	398	13,1064	
399	41,5465	399	21,406	399	18,7022	399	13,1289	399	13,1175	
400	41,8258	400	21,3986	400	18,7322	400	13,1352	400	13,1147	
401	41,9813	401	21,4019	401	18,7332	401	13,1548	401	13,1195	
402	41,4988	402	21,3653	402	18,7216	402	13,1451	402	13,1189	
403	41,424	403	21,403	403	18,7461	403	13,1893	403	13,1592	
404	41,3679	404	21,367	404	18,7418	404	13,174	404	13,1463	
405	41,3823	405	21,3433	405	18,7314	405	13,1535	405	13,1387	
406	41,4128	406	21,3598	406	18,756	406	13,1496	406	13,1277	
407	41,5246	407	21,358	407	18,7661	407	13,1768	407	13,1296	
408	41,5024	408	21,3757	408	18,7663	408	13,1823	408	13,1575	
409	41,5118	409	21,3106	409	18,7323	409	13,1344	409	13,1172	
410	41,5669	410	21,3124	410	18,747	410	13,1672	410	13,1386	
411	41,6046	411	21,3046	411	18,7273	411	13,1279	411	13,125	
412	41,6264	412	21,2754	412	18,7584	412	13,1443	412	13,1343	
413	41,6131	413	21,266	413	18,7166	413	13,1396	413	13,1115	
414	41,7033	414	21,2413	414	18,7271	414	13,1387	414	13,1248	
415	41,701	415	21,2494	415	18,701	415	13,1206	415	13,1153	
416	41,6723	416	21,2325	416	18,722	416	13,1221	416	13,1231	
417	41,7173	417	21,2379	417	18,7241	417	13,14	417	13,108	
418	41,8022	418	21,228	418	18,7123	418	13,1247	418	13,129	
419	41,9407	419	21,2362	419	18,7096	419	13,1283	419	13,1106	
420	41,9757	420	21,2545	420	18,7469	420	13,1872	420	13,1504	
421	42,0529	421	21,2145	421	18,7348	421	13,1631	421	13,1421	
422	42,1335	422	21,2111	422	18,7367	422	13,1492	422	13,1225	
423	42,1322	423	21,2051	423	18,7359	423	13,1442	423	13,1394	
424	42,2421	424	21,1867	424	18,7222	424	13,1461	424	13,1175	
425	42,2515	425	21,1872	425	18,6928	425	13,1329	425	13,0976	
426	43,3841	426	21,1828	426	18,7582	426	13,1723	426	13,1499	
427	44,3819	427	21,1654	427	18,7204	427	13,1405	427	13,1095	
428	43,8755	428	21,1749	428	18,736	428	13,1476	428	13,1448	
429	43,411	429	21,1241	429	18,6699	429	13,0946	429	13,0855	
430	43,7466	430	21,1303	430	18,7194	430	13,1481	430	13,1199	
431	43,3091	431	21,1347	431	18,7433	431	13,1521	431	13,1325	
432	43,0223	432	21,1195	432	18,7233	432	13,1472	432	13,1405	
433	42,8114	433	21,1279	433	18,7397	433	13,1418	433	13,1332	
434	43,3683	434	21,1044	434	18,7176	434	13,1372	434	13,1086	
435	42,9446	435	21,0972	435	18,7175	435	13,1362	435	13,1229	
436	42,7183	436	21,1388	436	18,7431	436	13,1862	436	13,1586	
437	42,9423	437	21,078	437	18,7149	437	13,1469	437	13,1112	
438	43,7319	438	21,0937	438	18,7401	438	13,1565	438	13,1179	
439	42,9198	439	21,0844	439	18,72	439	13,1663	439	13,1391	
440	43,1851	440	21,0747	440	18,7102	440	13,1589	440	13,1265	
441	43,9481	441	21,0456	441	18,7043	441	13,1253	441	13,1086	
442	44,0606	442	21,0329	442	18,7229	442	13,1412	442	13,1125	
443	43,4388	443	21,0696	443	18,7521	443	13,1762	443	13,138	
444	43,2464	444	21,0214	444	18,69	444	13,142	444	13,1181	
445	43,3413	445	21,0333	445	18,7338	445	13,1754	445	13,1392	
446	43,252	446	20,998	446	18,6956	446	13,1447	446	13,1166	
447	43,1872	447	21,0211	447	18,7225	447	13,1722	447	13,1422	
448	43,2152	448	20,9822	448	18,6973	448	13,1598	448	13,1307	
449	43,5494	449	20,9988	449	18,7206	449	13,1422	449	13,1107	
450	43,5366	450	20,9875	450	18,7368	450	13,1728	450	13,169	
451	43,1341	451	20,9689	451	18,7205	451	13,1602	451	13,122	
452	43,0535	452	20,9632	452	18,7282	452	13,1622	452	13,1288	
453	43,085	453	20,9519	453	18,6902	453	13,1532	453	13,105	
454	43,0941	454	20,9375	454	18,701	454	13,1787	454	13,132	
455	43,111	455	20,9288	455	18,6879	455	13,1466	455	13,1151	
456	43,1039	456	20,9433	456	18,7021	456	13,1555	456	13,1355	
457	43,1718	457	20,9432	457	18,7177	457	13,1383	457	13,133	
458	43,3258	458	20,9241	458	18,6899	458	13,1447	458	13,1438	
459	43,3208	459	20,8904	459	18,6889	459	13,1428	459	13,1094	
460	43,5314	460	20,9254	460	18,7188	460	13,1856	460	13,1341	
461	43,4469	461	20,9121	461	18,7088	461	13,168	461	13,1275	
462	43,4347	462	20,894	462	18,7206	462	13,176	462	13,1378	
463	43,4237	463	20,8714	463	18,6884	463	13,1518	463	13,1299	
464	43,4918	464	20,8821	464	18,6934	464	13,1778	464	13,1463	
465	44,1951	465	20,8839	465	18,6895	465	13,1725	465	13,11	
466	44,2751	466	20,8662	466	18,7098	466	13,1886	466	13,1509	
467	44,1326	467	20,8695	467	18,6827	467	13,1867	467	13,148	
468	44,1545	468	20,8185	468	18,6896	468	13,142	468	13,1391	
469	43,966	469	20,8473	469	18,6966	469	13,1954	469	13,1605	
470	43,8688	470	20,8436	470	18,6919	470	13,214	470	13,1553	
471	43,8703	471	20,8253	471	18,6917	471	13,1918	471	13,1522	
472	43,8229	472	20,8541	472	18,7186	472	13,2327	472	13,1869	
473	45,1013	473	20,8068	473	18,6964	473	13,1879	473	13,1598	
474	44,3168	474	20,784	474	18,6778	474	13,196	474	13,1187	
475	44,3074	475	20,8035	475	18,6793	475	13,1946	475	13,1398	
476	44,6593	476	20,7766	476	18,6699	476	13,1905	476	13,1685	
477	44,7886	477	20,7941	477	18,7102	477	13,2195	477	13,1651	
478	44,6112	478	20,7692	478	18,6943	478	13,2154	478	13,1711	
479	44,1193	479	20,7541	479	18,6887	479	13,2036	479	13,1555	
480	43,8989	480	20,7553	480	18,6761	480	13,2105	480	13,1647	
481	43,9344	481	20,7594	481	18,6898	481	13,229	481	13,1837	
482	44,0439	482	20,7582	482	18,6714	482	13,2382	482	13,1691	
483	44,1386	483	20,7411	483	18,6567	483	13,1986	483	13,1772	
484	44,2621	484	20,7341	484	18,6811	484	13,2327	484	13,1764	
485	44,2556	485	20,687	485	18,6586	485	13,1906	485	13,1662	
486	44,2191	486	20,7411	486	18,689	486	13,2463	486	13,1863	
487	44,2321	487	20,701	487	18,6768	487	13,2274	487	13,1635	
488	44,2873	488	20,7239	488	18,6874	488	13,2457	488	13,1995	
489	44,3413	489	20,6781	489	18,6686	489	13,2206	489	13,1591	
490	44,2972	490	20,6992	490	18,6817	490	13,2386	490	13,1742	
491	44,3317	491	20,6688	491	18,674	491	13,2251	491	13,1741	
492	44,7279	492	20,6824	492	18,6738	492	13,2445	492	13,1949	
493	44,8516	493	20,6509	493	18,6808	493	13,2272	493	13,1876	
494	44,8072	494	20,6639	494	18,6814	494	13,2717	494	13,1854	
495	45,3576	495	20,6791	495	18,6925	495	13,257	495	13,2103	
496	45,9135	496	20,6326	496	18,6895	496	13,2392	496	13,1877	
497	45,4223	497	20,6436	497	18,6702	497	13,2308	497	13,1855	
498	45,7769	498	20,6179	498	18,6601	498	13,2407	498	13,1811	
499	45,7723	499	20,6241	499	18,6654	499	13,2422	499	13,1921	
500	45,1717	500	20,6489	500	18,6708	500	13,2734	500	13,1985	
501	44,8157	501	20,6179	501	18,6848	501	13,266	501	13,1868	
502	45,5803	502	20,6089	502	18,6734	502	13,2698	502	13,1997	
503	45,7644	503	20,602	503	18,658	503	13,2677	503	13,2071	
504	45,3741	504	20,6183	504	18,6676	504	13,2916	504	13,2258	
505	45,1873	505	20,584	505	18,6641	505	13,2743	505	13,2114	
506	44,8409	506	20,5499	506	18,6528	506	13,2663	506	13,2009	
507	44,7036	507	20,5683	507	18,6931	507	13,2952	507	13,2228	
508	44,7707	508	20,5853	508	18,6902	508	13,2814	508	13,2485	
509	44,8874	509	20,5366	509	18,6528	509	13,273	509	13,2363	
510	45,0083	510	20,5509	510	18,6571	510	13,2773	510	13,2148	
511	45,1858	511	20,5563	511	18,6763	511	13,3037	511	13,2355	
512	45,2796	512	20,5257	512	18,6538	512	13,3111	512	13,2253	
513	45,2069	513	20,5496	513	18,6577	513	13,2784	513	13,2264	
514	45,3145	514	20,5104	514	18,6303	514	13,2771	514	13,2084	
515	45,346	515	20,4886	515	18,6603	515	13,3096	515	13,2237	
516	45,3601	516	20,5193	516	18,663	516	13,3132	516	13,2393	
517	45,3381	517	20,5377	517	18,6748	517	13,3475	517	13,2917	
518	45,2312	518	20,4961	518	18,6469	518	13,319	518	13,2365	
519	46,3887	519	20,4962	519	18,6669	519	13,2943	519	13,2332	
520	46,6724	520	20,4703	520	18,6624	520	13,315	520	13,2559	
521	47,3851	521	20,4582	521	18,6598	521	13,3143	521	13,2413	
522	46,7607	522	20,4695	522	18,6492	522	13,3142	522	13,2493	
523	46,3456	523	20,438	523	18,6462	523	13,293	523	13,242	
524	45,8219	524	20,4641	524	18,6643	524	13,3326	524	13,2687	
525	45,8475	525	20,4581	525	18,6411	525	13,3294	525	13,2569	
526	45,8099	526	20,4374	526	18,6066	526	13,3291	526	13,248	
527	45,8109	527	20,448	527	18,6547	527	13,3469	527	13,2558	
528	46,2301	528	20,433	528	18,6464	528	13,3509	528	13,2632	
529	46,6295	529	20,4203	529	18,6651	529	13,3601	529	13,27	
530	46,1798	530	20,4347	530	18,6305	530	13,3559	530	13,2777	
531	46,6516	531	20,4003	531	18,6483	531	13,3447	531	13,2675	
532	47,4509	532	20,4146	532	18,657	532	13,3487	532	13,2857	
533	47,1586	533	20,4177	533	18,6734	533	13,3899	533	13,2898	
534	46,74	534	20,3865	534	18,634	534	13,3457	534	13,2799	
535	46,5566	535	20,4096	535	18,6291	535	13,3765	535	13,2849	
536	46,2118	536	20,3766	536	18,6351	536	13,3486	536	13,2461	
537	46,3065	537	20,368	537	18,6288	537	13,3357	537	13,2851	
538	46,6209	538	20,3931	538	18,6312	538	13,3848	538	13,3008	
539	46,6065	539	20,3705	539	18,676	539	13,3916	539	13,3158	
540	46,5334	540	20,3815	540	18,6466	540	13,3849	540	13,3086	
541	47,1398	541	20,3517	541	18,6714	541	13,3941	541	13,2987	
542	46,8654	542	20,3389	542	18,6239	542	13,398	542	13,2935	
543	46,698	543	20,3633	543	18,6545	543	13,3896	543	13,3333	
544	46,503	544	20,3388	544	18,6238	544	13,373	544	13,2967	
545	46,4392	545	20,3622	545	18,6534	545	13,4099	545	13,316	
546	47,831	546	20,34	546	18,624	546	13,4072	546	13,3075	
547	47,9566	547	20,3405	547	18,6412	547	13,4101	547	13,3076	
548	47,5608	548	20,3231	548	18,6313	548	13,4116	548	13,3334	
549	47,3123	549	20,2957	549	18,6016	549	13,3965	549	13,3293	
550	46,7101	550	20,3077	550	18,6107	550	13,3981	550	13,3309	
551	47,1077	551	20,2953	551	18,6153	551	13,4237	551	13,3217	
552	48,0424	552	20,2937	552	18,6138	552	13,4179	552	13,3335	
553	47,7052	553	20,2635	553	18,6144	553	13,4108	553	13,3226	
554	47,4351	554	20,2785	554	18,6071	554	13,4369	554	13,3568	
555	47,2509	555	20,2949	555	18,6263	555	13,4505	555	13,3508	
556	47,0488	556	20,2536	556	18,6116	556	13,4438	556	13,337	
557	46,8683	557	20,2882	557	18,6539	557	13,4438	557	13,3828	
558	46,6155	558	20,2417	558	18,6282	558	13,4199	558	13,3455	
559	46,5528	559	20,2603	559	18,6402	559	13,4539	559	13,3848	
560	46,7237	560	20,2311	560	18,5848	560	13,4111	560	13,3563	
561	46,6698	561	20,2463	561	18,6519	561	13,4556	561	13,3788	
562	46,862	562	20,2533	562	18,6445	562	13,4578	562	13,3882	
563	47,8671	563	20,2562	563	18,6223	563	13,4574	563	13,3692	
564	47,7154	564	20,2287	564	18,629	564	13,4569	564	13,3544	
565	47,4439	565	20,225	565	18,6148	565	13,4646	565	13,3554	
566	47,2834	566	20,2091	566	18,6274	566	13,4663	566	13,3791	
567	47,2168	567	20,2084	567	18,6243	567	13,4704	567	13,3912	
568	47,3053	568	20,2215	568	18,6213	568	13,4831	568	13,3982	
569	47,2104	569	20,1944	569	18,6198	569	13,4807	569	13,3896	
570	47,2523	570	20,2228	570	18,6282	570	13,4829	570	13,399	
571	47,2627	571	20,1868	571	18,6412	571	13,4692	571	13,3972	
572	47,3296	572	20,1701	572	18,6173	572	13,4819	572	13,3942	
573	47,496	573	20,1663	573	18,6192	573	13,4895	573	13,3908	
574	48,356	574	20,1855	574	18,6175	574	13,496	574	13,4159	
575	48,7242	575	20,1489	575	18,6013	575	13,4583	575	13,3896	
576	48,4511	576	20,1645	576	18,6312	576	13,4944	576	13,4191	
577	48,2405	577	20,1818	577	18,6305	577	13,5209	577	13,4342	
578	48,2115	578	20,1583	578	18,6141	578	13,502	578	13,4205	
579	48,6057	579	20,1739	579	18,6259	579	13,5178	579	13,4348	
580	48,6701	580	20,1148	580	18,5928	580	13,4678	580	13,3968	
581	48,1036	581	20,1173	581	18,6229	581	13,508	581	13,4513	
582	47,9346	582	20,1246	582	18,5836	582	13,4963	582	13,4129	
583	47,7559	583	20,122	583	18,6043	583	13,4713	583	13,4188	
584	47,7087	584	20,1289	584	18,6473	584	13,5316	584	13,4744	
585	47,6163	585	20,1141	585	18,5703	585	13,501	585	13,4162	
586	47,6399	586	20,1069	586	18,6376	586	13,5233	586	13,457	
587	47,6288	587	20,108	587	18,6169	587	13,5206	587	13,4653	
588	47,6044	588	20,0852	588	18,6012	588	13,5225	588	13,4338	
589	48,0422	589	20,0839	589	18,596	589	13,513	589	13,4348	
590	48,7384	590	20,0773	590	18,6118	590	13,5456	590	13,4736	
591	48,5702	591	20,0695	591	18,6183	591	13,5335	591	13,4562	
592	47,9825	592	20,0306	592	18,5551	592	13,522	592	13,4281	
593	48,3294	593	20,0661	593	18,5877	593	13,5205	593	13,4637	
594	48,8122	594	20,0548	594	18,5955	594	13,5434	594	13,4605	
595	48,7932	595	20,0579	595	18,6085	595	13,5327	595	13,4659	
596	48,9795	596	20,0477	596	18,5661	596	13,5039	596	13,4443	
597	48,828	597	20,0094	597	18,6165	597	13,5384	597	13,4797	
598	48,6113	598	20,0354	598	18,6059	598	13,5482	598	13,4705	
599	48,3677	599	20,0015	599	18,5715	599	13,5418	599	13,4474	
600	48,2887	600	20,0007	600	18,5579	600	13,5315	600	13,4343	
601	48,2497	601	20,0042	601	18,5709	601	13,5174	601	13,4558	
602	48,2223	602	19,998	602	18,5733	602	13,5326	602	13,4802	
603	48,258	603	20,032	603	18,6054	603	13,5787	603	13,4976	
604	48,2532	604	19,9968	604	18,5839	604	13,5438	604	13,4727	
605	48,2932	605	19,9747	605	18,559	605	13,5416	605	13,4544	
606	48,3264	606	19,9895	606	18,5984	606	13,5626	606	13,4845	
607	48,2629	607	19,9743	607	18,5781	607	13,5775	607	13,4793	
608	48,3607	608	19,9785	608	18,6018	608	13,575	608	13,5021	
609	48,3076	609	19,9517	609	18,5901	609	13,5595	609	13,4766	
610	48,3899	610	19,9656	610	18,5774	610	13,5754	610	13,4972	
611	49,0973	611	19,9672	611	18,6061	611	13,6113	611	13,5074	
612	49,8817	612	19,9712	612	18,5844	612	13,5719	612	13,488	
613	49,0764	613	19,9227	613	18,571	613	13,588	613	13,5017	
614	49,0455	614	19,9324	614	18,5736	614	13,5773	614	13,49	
615	48,8771	615	19,9509	615	18,5594	615	13,5802	615	13,5063	
616	48,9242	616	19,9417	616	18,602	616	13,5972	616	13,5238	
617	48,8634	617	19,9517	617	18,5792	617	13,6005	617	13,4971	
618	48,7861	618	19,9451	618	18,5825	618	13,6177	618	13,5243	
619	48,7367	619	19,9385	619	18,5883	619	13,5982	619	13,5215	
620	48,6949	620	19,9098	620	18,5795	620	13,5632	620	13,496	
621	48,7062	621	19,9131	621	18,561	621	13,5746	621	13,516	
622	48,8285	622	19,9135	622	18,5728	622	13,5955	622	13,5121	
623	48,8687	623	19,9334	623	18,5789	623	13,6069	623	13,5368	
624	48,8906	624	19,9115	624	18,5774	624	13,5716	624	13,5334	
625	48,9878	625	19,8702	625	18,5342	625	13,5682	625	13,4886	
626	49,1495	626	19,9149	626	18,5785	626	13,6284	626	13,5516	
627	49,2549	627	19,8904	627	18,561	627	13,5766	627	13,527	
628	49,3433	628	19,8679	628	18,5552	628	13,6022	628	13,5173	
629	49,3241	629	19,845	629	18,5375	629	13,5806	629	13,4967	
630	49,6217	630	19,8553	630	18,5468	630	13,5857	630	13,507	
631	49,5008	631	19,8576	631	18,5572	631	13,5856	631	13,5298	
632	49,4694	632	19,8418	632	18,5713	632	13,596	632	13,5454	
633	49,2735	633	19,866	633	18,5618	633	13,6341	633	13,5583	
634	49,2329	634	19,8613	634	18,5585	634	13,5912	634	13,5302	
635	49,2638	635	19,8521	635	18,5668	635	13,6106	635	13,5715	
636	49,2836	636	19,8766	636	18,5795	636	13,638	636	13,5455	
637	49,3	637	19,8536	637	18,575	637	13,6473	637	13,5734	
638	49,3085	638	19,8255	638	18,5331	638	13,6153	638	13,519	
639	49,3346	639	19,8094	639	18,5654	639	13,6368	639	13,5791	
640	49,917	640	19,8206	640	18,5586	640	13,6442	640	13,5608	
641	50,7397	641	19,815	641	18,5572	641	13,6043	641	13,5704	
642	50,4593	642	19,8367	642	18,5818	642	13,6284	642	13,5817	
643	50,1674	643	19,8106	643	18,5163	643	13,6242	643	13,5379	
644	50,5728	644	19,7954	644	18,561	644	13,6523	644	13,5832	
645	50,4493	645	19,7868	645	18,569	645	13,6193	645	13,5416	
646	50,1475	646	19,7455	646	18,5262	646	13,5979	646	13,5311	
647	50,2526	647	19,7713	647	18,5377	647	13,6362	647	13,5704	
648	49,9859	648	19,7738	648	18,5398	648	13,6077	648	13,5448	
649	49,8806	649	19,7362	649	18,5363	649	13,6052	649	13,5308	
650	49,7958	650	19,762	650	18,5285	650	13,6211	650	13,5563	
651	49,7381	651	19,7961	651	18,5644	651	13,6482	651	13,5791	
652	49,7312	652	19,7503	652	18,5642	652	13,6294	652	13,556	
653	49,7823	653	19,7552	653	18,516	653	13,6224	653	13,5643	
654	49,7876	654	19,7568	654	18,5266	654	13,6202	654	13,5721	
655	49,8126	655	19,7477	655	18,5237	655	13,6192	655	13,5753	
656	49,8331	656	19,7613	656	18,5672	656	13,6681	656	13,6071	
657	50,041	657	19,7466	657	18,541	657	13,6457	657	13,5966	
658	50,5839	658	19,7436	658	18,5566	658	13,6436	658	13,5859	
659	50,7597	659	19,7373	659	18,5526	659	13,643	659	13,5715	
660	50,2256	660	19,7306	660	18,5369	660	13,6358	660	13,5752	
661	50,3225	661	19,6997	661	18,4984	661	13,6334	661	13,5614	
662	50,4388	662	19,699	662	18,5248	662	13,6241	662	13,5455	
663	50,3207	663	19,7	663	18,5344	663	13,628	663	13,5565	
664	50,9448	664	19,7138	664	18,542	664	13,6356	664	13,5727	
665	52,6756	665	19,7437	665	18,5666	665	13,6728	665	13,6003	
666	52,0433	666	19,7151	666	18,5395	666	13,6317	666	13,5836	
667	51,6052	667	19,6817	667	18,5245	667	13,6525	667	13,5623	
668	51,5106	668	19,6761	668	18,4924	668	13,6374	668	13,5739	
669	51,4126	669	19,6824	669	18,5333	669	13,6303	669	13,5836	
670	51,1408	670	19,6711	670	18,4983	670	13,6156	670	13,5613	
671	50,7573	671	19,6943	671	18,5575	671	13,6518	671	13,5788	
672	50,6942	672	19,6755	672	18,5345	672	13,6473	672	13,5548	
673	50,5541	673	19,6865	673	18,5474	673	13,6582	673	13,602	
674	50,9781	674	19,6847	674	18,5333	674	13,6317	674	13,5874	
675	51,4874	675	19,62	675	18,5165	675	13,5996	675	13,5214	
676	50,8521	676	19,6691	676	18,5319	676	13,6408	676	13,5965	
677	50,7472	677	19,6828	677	18,5617	677	13,6827	677	13,6154	
678	50,8337	678	19,647	678	18,5174	678	13,6667	678	13,5943	
679	50,7785	679	19,6227	679	18,5225	679	13,6571	679	13,5766	
680	50,7533	680	19,6294	680	18,5183	680	13,6333	680	13,5713	
681	51,7085	681	19,6212	681	18,5124	681	13,6237	681	13,5836	
682	51,2001	682	19,6295	682	18,507	682	13,6191	682	13,5767	
683	50,8731	683	19,6634	683	18,5409	683	13,6441	683	13,6055	
684	50,8445	684	19,6201	684	18,5147	684	13,6168	684	13,5691	
685	50,8324	685	19,6243	685	18,5094	685	13,6263	685	13,5743	
686	51,7877	686	19,6291	686	18,4995	686	13,6197	686	13,5768	
687	51,8971	687	19,6194	687	18,5525	687	13,6357	687	13,5756	
688	51,9873	688	19,5984	688	18,4892	688	13,6432	688	13,5565	
689	51,238	689	19,6211	689	18,5114	689	13,6383	689	13,5697	
690	51,1381	690	19,6098	690	18,5153	690	13,6274	690	13,5893	
691	51,1122	691	19,5922	691	18,4963	691	13,6079	691	13,5845	
692	51,0551	692	19,5918	692	18,4892	692	13,6113	692	13,5688	
693	51,0579	693	19,648	693	18,5303	693	13,643	693	13,6115	
694	51,1633	694	19,5982	694	18,5198	694	13,6401	694	13,5743	
695	51,404	695	19,5906	695	18,5298	695	13,6182	695	13,5824	
696	51,4947	696	19,593	696	18,5274	696	13,6229	696	13,5829	
697	52,3534	697	19,5853	697	18,5283	697	13,6219	697	13,5947	
698	52,648	698	19,564	698	18,5175	698	13,6196	698	13,5691	
699	52,3282	699	19,5757	699	18,5097	699	13,6347	699	13,6152	
700	52,2176	700	19,5588	700	18,5179	700	13,6368	700	13,5863	
701	52,2102	701	19,583	701	18,5146	701	13,6478	701	13,5906	
702	51,8724	702	19,5523	702	18,4906	702	13,5893	702	13,5688	
703	51,9271	703	19,5579	703	18,5241	703	13,6287	703	13,5815	
704	52,0033	704	19,5637	704	18,5005	704	13,6432	704	13,576	
705	51,9872	705	19,5594	705	18,5418	705	13,6241	705	13,604	
706	51,9239	706	19,5684	706	18,5227	706	13,655	706	13,603	
707	51,7658	707	19,521	707	18,5162	707	13,6189	707	13,5769	
708	51,9416	708	19,5583	708	18,536	708	13,6277	708	13,5943	
709	51,907	709	19,5436	709	18,5017	709	13,6105	709	13,5771	
710	51,8832	710	19,5133	710	18,509	710	13,6049	710	13,5844	
711	51,7932	711	19,5224	711	18,4881	711	13,5912	711	13,5897	
712	52,5394	712	19,5033	712	18,4766	712	13,5872	712	13,5495	
713	52,957	713	19,5383	713	18,5045	713	13,619	713	13,5623	
714	52,4629	714	19,54	714	18,5257	714	13,6002	714	13,6026	
715	52,3828	715	19,5274	715	18,5121	715	13,5976	715	13,5752	
716	51,9969	716	19,5413	716	18,5394	716	13,603	716	13,5692	
717	52,4949	717	19,5025	717	18,5181	717	13,5892	717	13,585	
718	53,51	718	19,5181	718	18,4981	718	13,6016	718	13,5854	
719	53,0897	719	19,4843	719	18,5056	719	13,5858	719	13,5429	
720	53,2027	720	19,508	720	18,478	720	13,581	720	13,5429	
721	52,8131	721	19,4984	721	18,4974	721	13,579	721	13,5351	
722	53,0824	722	19,4636	722	18,4625	722	13,5797	722	13,5688	
723	52,9069	723	19,4945	723	18,4882	723	13,5712	723	13,5431	
724	52,7869	724	19,4887	724	18,5081	724	13,574	724	13,5512	
725	53,3523	725	19,4933	725	18,5132	725	13,5939	725	13,5767	
726	53,28	726	19,4903	726	18,4836	726	13,5675	726	13,5461	
727	53,6918	727	19,4821	727	18,5101	727	13,5936	727	13,5683	
728	53,462	728	19,4681	728	18,4913	728	13,5595	728	13,5304	
729	53,1943	729	19,484	729	18,5305	729	13,6046	729	13,5602	
730	53,0089	730	19,4754	730	18,5001	730	13,5817	730	13,5602	
731	53,2166	731	19,4985	731	18,479	731	13,581	731	13,5477	
732	53,1747	732	19,4661	732	18,4769	732	13,5723	732	13,528	
733	52,917	733	19,4631	733	18,5034	733	13,6003	733	13,5416	
734	52,9238	734	19,448	734	18,4807	734	13,5803	734	13,5245	
735	52,7563	735	19,4348	735	18,4869	735	13,5323	735	13,5261	
736	52,9132	736	19,4509	736	18,512	736	13,568	736	13,5389	
737	52,9529	737	19,4537	737	18,5068	737	13,5731	737	13,5269	
738	53,1196	738	19,4233	738	18,5006	738	13,5331	738	13,535	
739	52,86	739	19,4141	739	18,4981	739	13,5601	739	13,5215	
740	52,8829	740	19,4164	740	18,4732	740	13,5428	740	13,5223	
741	52,9287	741	19,4331	741	18,4995	741	13,5572	741	13,5544	
742	52,9511	742	19,4376	742	18,5092	742	13,5589	742	13,5255	
743	52,9824	743	19,4501	743	18,4889	743	13,5352	743	13,5157	
744	53,7153	744	19,4389	744	18,4863	744	13,5565	744	13,5221	
745	54,4083	745	19,4078	745	18,4737	745	13,507	745	13,5061	
746	53,914	746	19,4066	746	18,4839	746	13,5278	746	13,5073	
747	53,1602	747	19,43	747	18,4859	747	13,5393	747	13,5226	
748	53,0604	748	19,4134	748	18,494	748	13,5327	748	13,495	
749	54,0341	749	19,4264	749	18,4875	749	13,4995	749	13,5124	
750	53,2604	750	19,4181	750	18,502	750	13,556	750	13,5255	
751	53,1834	751	19,4041	751	18,4867	751	13,5058	751	13,4996	
752	53,1854	752	19,4165	752	18,4957	752	13,5258	752	13,492	
753	53,359	753	19,3908	753	18,4733	753	13,5	753	13,4914	
754	53,799	754	19,3814	754	18,4777	754	13,4968	754	13,4829	
755	53,5644	755	19,4177	755	18,5045	755	13,526	755	13,4988	
756	53,3314	756	19,3853	756	18,4655	756	13,5026	756	13,4845	
757	53,3278	757	19,3907	757	18,4898	757	13,5004	757	13,4799	
758	53,5299	758	19,3815	758	18,4654	758	13,5045	758	13,4659	
759	54,888	759	19,3722	759	18,457	759	13,4818	759	13,4555	
760	53,7846	760	19,3667	760	18,4924	760	13,4891	760	13,4577	
761	54,2362	761	19,3956	761	18,4961	761	13,4909	761	13,4914	
762	54,4788	762	19,3673	762	18,4683	762	13,4725	762	13,4458	
763	54,4184	763	19,4038	763	18,4835	763	13,4869	763	13,4859	
764	54,4693	764	19,3711	764	18,4797	764	13,4664	764	13,4783	
765	54,0949	765	19,3682	765	18,4674	765	13,4888	765	13,4893	
766	53,919	766	19,3612	766	18,4713	766	13,4879	766	13,4627	
767	53,9615	767	19,3656	767	18,4595	767	13,4413	767	13,4394	
768	54,0661	768	19,366	768	18,4936	768	13,4899	768	13,478	
769	53,7315	769	19,341	769	18,4524	769	13,4547	769	13,448	
770	53,7312	770	19,3552	770	18,4885	770	13,4524	770	13,46	
771	54,0139	771	19,3167	771	18,468	771	13,4527	771	13,4298	
772	53,8344	772	19,3538	772	18,4785	772	13,4638	772	13,4719	
773	55,0271	773	19,3437	773	18,4457	773	13,437	773	13,4141	
774	55,1424	774	19,3499	774	18,4576	774	13,4537	774	13,4441	
775	54,992	775	19,3254	775	18,4634	775	13,4529	775	13,4486	
776	54,4568	776	19,3495	776	18,489	776	13,4514	776	13,4375	
777	54,3224	777	19,3523	777	18,4675	777	13,4503	777	13,4394	
778	54,1593	778	19,312	778	18,4676	778	13,4571	778	13,4375	
779	54,1041	779	19,3238	779	18,4543	779	13,428	779	13,4008	
780	54,1061	780	19,3247	780	18,4808	780	13,4656	780	13,4293	
781	54,7667	781	19,3096	781	18,4742	781	13,4342	781	13,4165	
782	55,5156	782	19,3134	782	18,4486	782	13,4389	782	13,416	
783	55,6788	783	19,3123	783	18,4603	783	13,435	783	13,415	
784	55,0459	784	19,3145	784	18,472	784	13,4543	784	13,4309	
785	54,465	785	19,3384	785	18,4603	785	13,4469	785	13,402	
786	54,2606	786	19,2818	786	18,4659	786	13,432	786	13,4034	
787	54,6901	787	19,2869	787	18,4648	787	13,4204	787	13,4123	
788	54,8565	788	19,2874	788	18,4615	788	13,3981	788	13,4081	
789	55,2299	789	19,3238	789	18,4666	789	13,4398	789	13,4007	
