27,846	25,723	19,049	20,152	13,551	0,000	0,000	0,000	0,000
27,244	25,718	19,005	20,143	13,553	8,000	9,000	89,903	99,279
27,012	25,729	18,992	20,118	13,518	8,000	9,000	90,214	99,432
27,249	25,757	19,043	20,147	13,562	9,000	9,000	101,144	99,207
28,730	25,790	19,037	20,161	13,572	8,000	9,000	90,431	99,270
27,622	25,791	19,060	20,174	13,559	7,000	10,000	78,871	110,746
26,663	25,766	19,014	20,136	13,515	7,000	9,000	79,123	99,746
26,849	25,780	18,987	20,123	13,537	6,000	9,000	68,229	99,216
28,031	25,812	18,944	20,085	13,569	5,000	9,000	57,484	98,170
27,885	25,793	18,704	19,920	13,548	5,000	9,000	59,338	96,013
27,157	25,801	18,678	19,783	13,506	4,000	10,000	47,699	105,071
27,187	25,821	18,565	19,659	13,549	3,000	9,000	36,437	92,059
27,660	25,858	18,307	19,434	13,594	3,000	9,000	37,922	87,994
28,019	25,865	18,170	19,189	13,576	3,000	9,000	38,645	84,569
27,621	25,839	18,258	18,827	13,537	2,000	10,000	25,380	88,555
27,348	25,815	18,201	18,610	13,547	1,000	9,000	12,746	76,278
27,050	25,824	18,170	18,438	13,538	0,000	9,000	0,000	73,816
27,181	25,796	18,181	17,836	13,532	0,000	9,000	0,000	64,846
27,382	25,837	18,220	17,419	13,589	0,000	9,000	0,000	57,696
27,668	25,826	18,199	16,926	13,559	0,000	10,000	0,000	56,370
27,917	25,833	18,180	16,351	13,559	0,000	9,000	0,000	42,060
27,712	25,829	18,204	16,141	13,553	0,000	9,000	0,000	38,999
27,446	25,790	18,207	15,868	13,545	0,000	9,000	0,000	35,005
27,412	25,817	18,211	15,542	13,525	0,000	9,000	0,000	30,379
27,355	25,803	18,212	15,391	13,539	1,000	10,000	12,707	31,004
27,346	25,823	18,238	15,241	13,543	0,000	9,000	0,000	25,586
27,273	25,797	18,203	14,998	13,510	0,000	9,000	0,000	22,408
27,226	25,788	18,210	14,906	13,534	0,000	9,000	0,000	20,671
28,516	25,813	18,197	14,769	13,515	0,000	10,000	0,000	20,998
28,980	25,790	18,171	14,699	13,506	0,000	9,000	0,000	17,980
29,430	25,818	18,189	14,563	13,539	0,000	9,000	0,000	15,417
29,126	25,828	18,185	14,518	13,563	0,000	9,000	0,000	14,390
29,395	25,817	18,176	14,463	13,541	0,000	9,000	0,000	13,888
29,154	25,833	18,235	14,347	13,551	0,000	10,000	0,000	13,325
28,549	25,807	18,140	14,294	13,500	0,000	9,000	0,000	11,971
28,745	25,818	18,188	14,253	13,514	0,000	9,000	0,000	11,139
28,859	25,803	18,200	14,190	13,516	0,000	9,000	0,000	10,155
28,693	25,813	18,197	14,159	13,551	0,000	9,000	0,000	9,164
29,435	25,768	18,186	14,084	13,553	0,000	10,000	0,000	8,882
29,038	25,798	18,207	14,093	13,536	0,000	9,000	0,000	8,388
28,863	25,804	18,186	14,028	13,534	0,000	9,000	0,000	7,448
29,046	25,815	18,200	14,039	13,535	0,000	9,000	0,000	7,584
28,725	25,781	18,180	13,976	13,508	0,000	9,000	0,000	7,046
28,571	25,803	18,219	13,935	13,547	0,000	10,000	0,000	6,488
28,550	25,815	18,234	13,924	13,521	0,000	9,000	0,000	6,069
28,122	25,795	18,193	13,912	13,536	0,000	9,000	0,000	5,660
30,607	25,801	18,207	13,888	13,519	0,000	9,000	0,000	5,566
31,139	25,792	18,181	13,824	13,499	0,000	9,000	0,000	4,898
30,320	25,792	18,196	13,830	13,494	0,000	10,000	0,000	5,626
30,324	25,785	18,223	13,848	13,517	0,000	9,000	0,000	4,985
30,442	25,787	18,232	13,831	13,519	0,000	9,000	0,000	4,697
29,808	25,769	18,230	13,804	13,526	0,000	9,000	0,000	4,195
29,282	25,779	18,212	13,784	13,493	0,000	9,000	0,000	4,389
30,143	25,790	18,260	13,791	13,509	0,000	10,000	0,000	4,717
30,397	25,791	18,290	13,783	13,529	0,000	9,000	0,000	3,835
29,632	25,787	18,257	13,755	13,521	0,000	9,000	0,000	3,520
29,277	25,797	18,299	13,766	13,517	0,000	9,000	0,000	3,749
29,723	25,794	18,278	13,795	13,538	0,000	9,000	0,000	3,871
29,704	25,792	18,301	13,764	13,526	0,000	10,000	0,000	3,990
29,779	25,762	18,289	13,716	13,501	0,000	9,000	0,000	3,232
29,835	25,802	18,338	13,755	13,536	0,000	9,000	0,000	3,304
29,618	25,758	18,320	13,716	13,506	0,000	9,000	0,000	3,168
28,744	25,758	18,291	13,691	13,491	0,000	9,000	0,000	3,017
29,350	25,812	18,342	13,774	13,521	0,000	9,000	0,000	3,800
29,099	25,755	18,308	13,687	13,488	0,000	10,000	0,000	3,320
29,119	25,794	18,345	13,724	13,492	0,000	9,000	0,000	3,484
29,129	25,747	18,326	13,670	13,464	0,000	9,000	0,000	3,096
29,317	25,739	18,342	13,691	13,472	0,000	9,000	0,000	3,311
29,317	25,749	18,382	13,682	13,518	0,000	9,000	0,000	2,471
29,441	25,780	18,378	13,702	13,503	0,000	10,000	0,000	3,328
29,539	25,739	18,356	13,694	13,488	0,000	9,000	0,000	3,103
29,788	25,764	18,371	13,688	13,489	0,000	9,000	0,000	2,995
30,278	25,743	18,368	13,667	13,473	0,000	9,000	0,000	2,923
29,657	25,732	18,392	13,652	13,487	0,000	9,000	0,000	2,485
29,758	25,738	18,383	13,672	13,464	0,000	10,000	0,000	3,472
30,906	25,727	18,386	13,691	13,499	0,000	9,000	0,000	2,902
30,370	25,729	18,395	13,669	13,478	0,000	9,000	0,000	2,873
30,368	25,753	18,414	13,682	13,510	0,000	9,000	0,000	2,593
29,885	25,741	18,402	13,649	13,495	0,000	9,000	0,000	2,320
29,992	25,702	18,402	13,636	13,451	0,000	10,000	0,000	3,097
30,250	25,704	18,401	13,617	13,456	0,000	9,000	0,000	2,414
29,992	25,741	18,413	13,661	13,476	0,000	9,000	0,000	2,794
29,616	25,729	18,415	13,649	13,472	0,000	9,000	0,000	2,658
29,826	25,708	18,430	13,647	13,469	0,000	9,000	0,000	2,679
29,886	25,709	18,449	13,669	13,493	0,000	10,000	0,000	2,945
29,900	25,733	18,456	13,653	13,502	0,000	9,000	0,000	2,277
29,782	25,712	18,449	13,647	13,484	0,000	9,000	0,000	2,457
29,819	25,705	18,454	13,635	13,462	0,000	9,000	0,000	2,607
29,804	25,696	18,438	13,628	13,465	0,000	9,000	0,000	2,442
29,866	25,726	18,489	13,666	13,499	0,000	10,000	0,000	2,785
30,109	25,685	18,444	13,640	13,482	0,000	9,000	0,000	2,392
30,339	25,703	18,453	13,641	13,441	0,000	9,000	0,000	3,017
30,140	25,688	18,457	13,616	13,468	0,000	9,000	0,000	2,220
30,032	25,675	18,468	13,635	13,458	0,000	10,000	0,000	2,961
29,904	25,697	18,484	13,635	13,481	0,000	9,000	0,000	2,320
30,170	25,686	18,462	13,618	13,447	0,000	9,000	0,000	2,586
29,969	25,676	18,496	13,632	13,459	0,000	9,000	0,000	2,600
29,954	25,627	18,466	13,613	13,443	0,000	9,000	0,000	2,557
30,043	25,648	18,476	13,617	13,460	0,000	10,000	0,000	2,634
30,062	25,641	18,494	13,631	13,459	0,000	9,000	0,000	2,593
30,094	25,625	18,485	13,618	13,452	0,000	9,000	0,000	2,500
30,156	25,629	18,482	13,632	13,442	0,000	9,000	0,000	2,866
30,222	25,633	18,488	13,648	13,449	0,000	9,000	0,000	2,995
30,330	25,591	18,474	13,594	13,423	0,000	10,000	0,000	2,857
30,352	25,591	18,503	13,597	13,451	0,000	9,000	0,000	2,191
30,408	25,600	18,515	13,607	13,468	0,000	9,000	0,000	2,083
30,318	25,601	18,498	13,607	13,459	0,000	9,000	0,000	2,234
30,304	25,579	18,526	13,621	13,464	0,000	9,000	0,000	2,363
30,378	25,580	18,532	13,621	13,453	0,000	10,000	0,000	2,809
30,570	25,543	18,530	13,596	13,425	0,000	9,000	0,000	2,579
30,704	25,544	18,512	13,581	13,431	0,000	9,000	0,000	2,256
30,688	25,549	18,529	13,595	13,445	0,000	9,000	0,000	2,256
30,947	25,526	18,513	13,584	13,458	0,000	9,000	0,000	1,896
31,844	25,526	18,548	13,610	13,462	0,000	10,000	0,000	2,474
31,244	25,512	18,530	13,582	13,436	0,000	9,000	0,000	2,205
31,920	25,522	18,533	13,565	13,446	0,000	9,000	0,000	1,781
31,726	25,470	18,529	13,573	13,437	0,000	9,000	0,000	2,047
32,057	25,470	18,531	13,585	13,433	0,000	9,000	0,000	2,284
31,642	25,457	18,528	13,581	13,429	0,000	9,000	0,000	2,277
31,778	25,439	18,527	13,576	13,417	0,000	10,000	0,000	2,658
31,791	25,441	18,571	13,577	13,438	0,000	9,000	0,000	2,083
31,399	25,405	18,526	13,548	13,412	0,000	9,000	0,000	2,040
31,572	25,430	18,538	13,566	13,428	0,000	9,000	0,000	2,083
31,352	25,408	18,565	13,580	13,412	0,000	9,000	0,000	2,536
31,286	25,394	18,547	13,569	13,414	0,000	10,000	0,000	2,610
31,328	25,350	18,546	13,568	13,419	0,000	9,000	0,000	2,241
32,420	25,347	18,565	13,544	13,427	0,000	9,000	0,000	1,767
32,502	25,379	18,585	13,564	13,434	0,000	9,000	0,000	1,968
31,983	25,355	18,568	13,579	13,396	0,000	9,000	0,000	2,758
32,385	25,303	18,553	13,564	13,435	0,000	9,000	0,000	1,947
33,090	25,285	18,557	13,552	13,400	0,000	10,000	0,000	2,530
32,437	25,274	18,555	13,545	13,406	0,000	9,000	0,000	2,090
32,127	25,241	18,559	13,567	13,401	0,000	9,000	0,000	2,500
31,742	25,244	18,598	13,562	13,417	0,000	9,000	0,000	2,177
31,873	25,207	18,563	13,561	13,404	0,000	9,000	0,000	2,363
31,658	25,204	18,558	13,549	13,398	0,000	10,000	0,000	2,530
31,577	25,194	18,582	13,531	13,415	0,000	9,000	0,000	1,746
31,599	25,182	18,592	13,554	13,406	0,000	9,000	0,000	2,234
31,655	25,131	18,559	13,535	13,414	0,000	9,000	0,000	1,817
31,734	25,120	18,578	13,541	13,411	0,000	9,000	0,000	1,954
31,823	25,118	18,579	13,553	13,422	0,000	10,000	0,000	2,195
31,918	25,072	18,589	13,547	13,417	0,000	9,000	0,000	1,961
31,973	25,064	18,582	13,552	13,391	0,000	9,000	0,000	2,421
31,945	25,043	18,606	13,551	13,442	0,000	9,000	0,000	1,645
31,953	25,004	18,583	13,528	13,397	0,000	9,000	0,000	1,968
31,970	25,017	18,614	13,568	13,430	0,000	10,000	0,000	2,299
31,923	24,967	18,582	13,528	13,384	0,000	9,000	0,000	2,177
31,840	24,949	18,566	13,537	13,363	0,000	9,000	0,000	2,629
31,914	24,900	18,572	13,512	13,376	0,000	9,000	0,000	2,054
31,923	24,933	18,613	13,560	13,421	0,000	9,000	0,000	2,098
31,892	24,884	18,594	13,540	13,395	0,000	9,000	0,000	2,184
31,821	24,855	18,590	13,544	13,397	0,000	10,000	0,000	2,450
32,023	24,846	18,596	13,554	13,390	0,000	9,000	0,000	2,464
32,162	24,865	18,648	13,561	13,406	0,000	9,000	0,000	2,327
33,188	24,808	18,616	13,534	13,383	0,000	9,000	0,000	2,277
33,765	24,794	18,636	13,523	13,405	0,000	9,000	0,000	1,789
33,402	24,780	18,627	13,531	13,413	0,000	10,000	0,000	1,971
33,036	24,763	18,626	13,543	13,397	0,000	9,000	0,000	2,191
33,124	24,679	18,592	13,514	13,377	0,000	9,000	0,000	2,062
33,085	24,705	18,640	13,556	13,379	0,000	9,000	0,000	2,665
32,905	24,647	18,601	13,518	13,354	0,000	9,000	0,000	2,478
33,279	24,629	18,599	13,495	13,350	0,000	9,000	0,000	2,198
33,043	24,637	18,651	13,545	13,387	0,000	10,000	0,000	2,650
32,943	24,609	18,606	13,492	13,360	0,000	9,000	0,000	1,990
33,139	24,572	18,641	13,533	13,379	0,000	9,000	0,000	2,313
32,761	24,556	18,633	13,503	13,355	0,000	9,000	0,000	2,227
32,729	24,552	18,633	13,539	13,372	0,000	9,000	0,000	2,514
32,937	24,524	18,648	13,540	13,355	0,000	10,000	0,000	3,097
33,598	24,486	18,638	13,500	13,357	0,000	9,000	0,000	2,155
33,631	24,464	18,622	13,531	13,343	0,000	9,000	0,000	2,830
33,362	24,440	18,636	13,511	13,337	0,000	9,000	0,000	2,615
33,065	24,450	18,636	13,511	13,362	0,000	9,000	0,000	2,248
33,046	24,413	18,639	13,524	13,364	0,000	9,000	0,000	2,399
33,028	24,395	18,628	13,497	13,356	0,000	10,000	0,000	2,363
33,156	24,339	18,607	13,483	13,337	0,000	9,000	0,000	2,205
33,438	24,327	18,626	13,495	13,330	0,000	9,000	0,000	2,486
33,414	24,314	18,653	13,493	13,359	0,000	9,000	0,000	2,011
33,521	24,304	18,625	13,489	13,332	0,000	9,000	0,000	2,356
33,322	24,284	18,635	13,484	13,351	0,000	10,000	0,000	2,219
33,081	24,279	18,658	13,495	13,377	0,000	9,000	0,000	1,789
33,070	24,231	18,637	13,473	13,345	0,000	9,000	0,000	1,932
33,106	24,212	18,638	13,511	13,313	0,000	9,000	0,000	2,981
33,229	24,196	18,645	13,475	13,333	0,000	9,000	0,000	2,141
33,368	24,175	18,655	13,486	13,344	0,000	10,000	0,000	2,379
33,573	24,163	18,646	13,498	13,328	0,000	9,000	0,000	2,565
33,615	24,120	18,659	13,471	13,355	0,000	9,000	0,000	1,753
33,675	24,120	18,644	13,489	13,319	0,000	9,000	0,000	2,572
34,143	24,086	18,630	13,478	13,303	0,000	9,000	0,000	2,629
34,208	24,082	18,650	13,490	13,358	0,000	9,000	0,000	1,990
34,088	24,015	18,609	13,441	13,300	0,000	10,000	0,000	2,355
33,844	24,039	18,671	13,492	13,351	0,000	9,000	0,000	2,119
33,941	24,002	18,659	13,449	13,297	0,000	9,000	0,000	2,292
34,186	23,994	18,660	13,466	13,306	0,000	9,000	0,000	2,407
33,998	23,926	18,626	13,457	13,309	0,000	9,000	0,000	2,234
34,036	23,938	18,660	13,473	13,322	0,000	10,000	0,000	2,530
34,154	23,953	18,667	13,489	13,309	0,000	9,000	0,000	2,708
34,290	23,906	18,667	13,465	13,313	0,000	9,000	0,000	2,292
34,381	23,905	18,672	13,489	13,323	0,000	9,000	0,000	2,500
34,463	23,854	18,667	13,469	13,301	0,000	9,000	0,000	2,536
34,303	23,860	18,663	13,456	13,299	0,000	9,000	0,000	2,378
34,108	23,840	18,690	13,441	13,282	0,000	9,000	0,000	2,399
34,040	23,831	18,681	13,442	13,324	0,000	9,000	0,000	1,767
33,945	23,804	18,675	13,401	13,343	0,000	9,000	0,000	0,876
34,031	23,799	18,699	13,386	13,362	0,000	9,000	0,000	0,366
34,356	23,774	18,677	13,381	13,397	0,000	9,000	0,000	0,230
34,215	23,742	18,709	13,370	13,396	0,000	10,000	0,000	0,431
34,257	23,759	18,695	13,392	13,433	0,000	9,000	0,000	0,611
34,825	23,716	18,682	13,374	13,409	0,000	9,000	0,000	0,524
35,354	23,699	18,705	13,347	13,406	0,000	9,000	0,000	0,898
35,262	23,701	18,697	13,406	13,430	0,000	9,000	0,000	0,359
34,894	23,657	18,682	13,354	13,379	0,000	10,000	0,000	0,415
34,647	23,628	18,718	13,328	13,373	0,000	9,000	0,000	0,668
34,621	23,653	18,704	13,349	13,369	0,000	9,000	0,000	0,302
34,599	23,614	18,685	13,347	13,372	0,000	9,000	0,000	0,374
34,443	23,565	18,669	13,331	13,374	0,000	9,000	0,000	0,661
34,672	23,595	18,710	13,348	13,414	0,000	9,000	0,000	0,984
35,222	23,534	18,676	13,329	13,353	0,000	10,000	0,000	0,399
34,928	23,566	18,705	13,347	13,383	0,000	9,000	0,000	0,532
34,731	23,537	18,691	13,349	13,387	0,000	9,000	0,000	0,575
35,092	23,519	18,683	13,328	13,374	0,000	9,000	0,000	0,704
35,473	23,510	18,713	13,351	13,409	0,000	9,000	0,000	0,884
35,655	23,499	18,696	13,330	13,371	0,000	10,000	0,000	0,694
35,553	23,456	18,695	13,343	13,384	0,000	9,000	0,000	0,611
35,555	23,422	18,699	13,323	13,357	0,000	9,000	0,000	0,524
36,065	23,427	18,707	13,324	13,348	0,000	9,000	0,000	0,352
35,475	23,416	18,696	13,309	13,389	0,000	9,000	0,000	1,207
35,292	23,391	18,695	13,321	13,357	0,000	10,000	0,000	0,599
35,329	23,367	18,715	13,343	13,364	0,000	9,000	0,000	0,316
35,176	23,367	18,696	13,325	13,350	0,000	9,000	0,000	0,381
35,346	23,324	18,685	13,303	13,340	0,000	9,000	0,000	0,560
35,257	23,331	18,708	13,307	13,331	0,000	9,000	0,000	0,359
35,242	23,338	18,745	13,331	13,374	0,000	10,000	0,000	0,734
35,178	23,291	18,701	13,297	13,342	0,000	9,000	0,000	0,690
35,317	23,276	18,726	13,319	13,339	0,000	9,000	0,000	0,302
35,329	23,265	18,731	13,319	13,353	0,000	9,000	0,000	0,510
35,333	23,228	18,710	13,307	13,307	0,000	9,000	0,000	0,000
35,346	23,228	18,709	13,325	13,347	0,000	10,000	0,000	0,359
35,453	23,226	18,706	13,306	13,315	0,000	9,000	0,000	0,129
35,892	23,211	18,738	13,306	13,359	0,000	9,000	0,000	0,797
35,807	23,175	18,686	13,291	13,328	0,000	9,000	0,000	0,553
35,529	23,175	18,756	13,337	13,330	0,000	9,000	0,000	0,108
35,486	23,152	18,730	13,301	13,315	0,000	9,000	0,000	0,216
36,127	23,142	18,691	13,288	13,309	0,000	9,000	0,000	0,309
36,438	23,118	18,711	13,302	13,323	0,000	10,000	0,000	0,343
36,489	23,098	18,710	13,293	13,314	0,000	9,000	0,000	0,309
35,997	23,111	18,729	13,304	13,312	0,000	9,000	0,000	0,122
35,834	23,086	18,702	13,313	13,309	0,000	9,000	0,000	0,057
36,387	23,088	18,755	13,333	13,354	0,000	9,000	0,000	0,309
36,723	23,075	18,736	13,312	13,325	0,000	9,000	0,000	0,194
36,608	23,028	18,715	13,314	13,314	0,000	10,000	0,000	0,000
36,740	23,041	18,710	13,310	13,323	0,000	9,000	0,000	0,201
36,418	23,005	18,708	13,324	13,342	0,000	9,000	0,000	0,266
36,322	22,981	18,730	13,293	13,286	0,000	9,000	0,000	0,108
36,265	22,970	18,712	13,312	13,295	0,000	9,000	0,000	0,251
36,211	22,977	18,730	13,332	13,339	0,000	10,000	0,000	0,120
36,081	22,964	18,725	13,314	13,308	0,000	9,000	0,000	0,079
36,103	22,932	18,728	13,298	13,313	0,000	9,000	0,000	0,223
36,119	22,906	18,732	13,271	13,267	0,000	9,000	0,000	0,065
36,206	22,919	18,727	13,279	13,301	0,000	9,000	0,000	0,323
36,140	22,901	18,719	13,300	13,316	0,000	9,000	0,000	0,244
36,209	22,898	18,728	13,274	13,310	0,000	9,000	0,000	0,539
36,311	22,869	18,747	13,275	13,307	0,000	10,000	0,000	0,535
36,335	22,858	18,758	13,265	13,295	0,000	9,000	0,000	0,453
36,355	22,848	18,730	13,289	13,278	0,000	9,000	0,000	0,172
36,367	22,832	18,717	13,281	13,283	0,000	9,000	0,000	0,036
37,100	22,826	18,728	13,277	13,276	0,000	9,000	0,000	0,022
37,033	22,819	18,731	13,279	13,285	0,000	10,000	0,000	0,088
36,584	22,758	18,722	13,259	13,287	0,000	9,000	0,000	0,431
37,550	22,761	18,734	13,266	13,269	0,000	9,000	0,000	0,043
37,919	22,775	18,725	13,285	13,290	0,000	9,000	0,000	0,072
37,638	22,730	18,714	13,259	13,270	0,000	9,000	0,000	0,180
37,937	22,722	18,730	13,266	13,258	0,000	10,000	0,000	0,128
37,955	22,711	18,728	13,262	13,271	0,000	9,000	0,000	0,122
37,349	22,697	18,728	13,270	13,261	0,000	9,000	0,000	0,144
37,049	22,677	18,724	13,249	13,254	0,000	9,000	0,000	0,065
37,034	22,652	18,731	13,266	13,260	0,000	9,000	0,000	0,079
37,075	22,671	18,760	13,267	13,250	0,000	9,000	0,000	0,259
37,143	22,644	18,711	13,244	13,244	0,000	10,000	0,000	0,000
38,537	22,630	18,727	13,256	13,274	0,000	9,000	0,000	0,266
37,993	22,670	18,778	13,296	13,275	0,000	9,000	0,000	0,316
38,000	22,621	18,733	13,269	13,253	0,000	9,000	0,000	0,230
37,868	22,598	18,719	13,254	13,238	0,000	9,000	0,000	0,237
37,267	22,586	18,723	13,236	13,234	0,000	9,000	0,000	0,029
37,033	22,591	18,760	13,260	13,239	0,000	10,000	0,000	0,367
37,154	22,585	18,757	13,274	13,276	0,000	9,000	0,000	0,022
37,173	22,566	18,747	13,266	13,273	0,000	9,000	0,000	0,093
37,284	22,552	18,748	13,247	13,251	0,000	9,000	0,000	0,057
37,537	22,509	18,741	13,222	13,224	0,000	9,000	0,000	0,036
38,525	22,529	18,769	13,239	13,245	0,000	10,000	0,000	0,096
38,355	22,491	18,752	13,252	13,251	0,000	9,000	0,000	0,022
38,191	22,485	18,774	13,247	13,287	0,000	9,000	0,000	0,603
38,708	22,509	18,757	13,232	13,277	0,000	9,000	0,000	0,683
38,359	22,466	18,716	13,224	13,210	0,000	9,000	0,000	0,208
38,413	22,463	18,737	13,241	13,240	0,000	9,000	0,000	0,014
38,190	22,465	18,766	13,263	13,249	0,000	10,000	0,000	0,239
38,001	22,433	18,754	13,245	13,247	0,000	9,000	0,000	0,029
38,664	22,432	18,738	13,227	13,244	0,000	9,000	0,000	0,259
38,429	22,426	18,783	13,248	13,232	0,000	9,000	0,000	0,237
38,211	22,413	18,728	13,217	13,247	0,000	9,000	0,000	0,453
38,296	22,398	18,735	13,219	13,201	0,000	10,000	0,000	0,311
38,480	22,402	18,769	13,251	13,251	0,000	9,000	0,000	0,000
38,895	22,377	18,746	13,219	13,212	0,000	9,000	0,000	0,093
38,466	22,362	18,738	13,212	13,233	0,000	9,000	0,000	0,316
38,731	22,382	18,758	13,239	13,234	0,000	9,000	0,000	0,079
38,357	22,371	18,761	13,228	13,236	0,000	9,000	0,000	0,115
38,451	22,326	18,774	13,219	13,236	0,000	10,000	0,000	0,287
38,057	22,333	18,756	13,245	13,207	0,000	9,000	0,000	0,575
38,602	22,299	18,770	13,196	13,210	0,000	9,000	0,000	0,216
38,234	22,301	18,749	13,220	13,240	0,000	9,000	0,000	0,295
38,547	22,312	18,785	13,230	13,249	0,000	9,000	0,000	0,280
38,428	22,274	18,745	13,222	13,220	0,000	9,000	0,000	0,043
38,362	22,259	18,772	13,192	13,217	0,000	10,000	0,000	0,423
38,162	22,274	18,758	13,206	13,217	0,000	9,000	0,000	0,165
38,168	22,260	18,754	13,214	13,200	0,000	9,000	0,000	0,223
38,197	22,234	18,739	13,191	13,195	0,000	9,000	0,000	0,057
38,746	22,246	18,796	13,215	13,211	0,000	9,000	0,000	0,057
38,946	22,193	18,748	13,197	13,194	0,000	10,000	0,000	0,048
39,176	22,200	18,751	13,225	13,205	0,000	9,000	0,000	0,302
39,444	22,198	18,768	13,215	13,224	0,000	9,000	0,000	0,144
38,801	22,197	18,746	13,211	13,222	0,000	9,000	0,000	0,165
38,611	22,147	18,746	13,195	13,187	0,000	9,000	0,000	0,129
38,403	22,141	18,745	13,201	13,199	0,000	9,000	0,000	0,036
38,373	22,171	18,783	13,195	13,218	0,000	10,000	0,000	0,375
38,473	22,124	18,761	13,193	13,188	0,000	9,000	0,000	0,079
38,562	22,126	18,741	13,206	13,173	0,000	9,000	0,000	0,489
38,387	22,140	18,777	13,200	13,188	0,000	9,000	0,000	0,180
38,397	22,101	18,737	13,195	13,196	0,000	9,000	0,000	0,014
38,427	22,087	18,755	13,194	13,176	0,000	9,000	0,000	0,273
38,482	22,091	18,765	13,207	13,213	0,000	10,000	0,000	0,104
38,543	22,085	18,785	13,209	13,217	0,000	9,000	0,000	0,115
38,657	22,070	18,754	13,167	13,187	0,000	9,000	0,000	0,309
38,665	22,046	18,739	13,200	13,198	0,000	9,000	0,000	0,029
38,682	22,067	18,754	13,201	13,179	0,000	9,000	0,000	0,330
38,677	22,045	18,762	13,219	13,178	0,000	10,000	0,000	0,679
38,710	22,011	18,741	13,176	13,183	0,000	9,000	0,000	0,115
38,802	22,032	18,766	13,191	13,186	0,000	9,000	0,000	0,079
38,854	22,010	18,747	13,184	13,185	0,000	9,000	0,000	0,022
38,965	21,993	18,748	13,194	13,189	0,000	9,000	0,000	0,086
38,964	21,957	18,735	13,183	13,133	0,000	9,000	0,000	0,762
39,025	21,963	18,746	13,172	13,174	0,000	10,000	0,000	0,032
39,010	21,983	18,766	13,216	13,199	0,000	9,000	0,000	0,251
39,066	21,970	18,730	13,174	13,164	0,000	9,000	0,000	0,151
39,131	21,940	18,752	13,175	13,175	0,000	9,000	0,000	0,007
39,259	21,941	18,755	13,184	13,170	0,000	9,000	0,000	0,216
39,551	21,922	18,743	13,194	13,169	0,000	9,000	0,000	0,381
39,441	21,905	18,748	13,164	13,178	0,000	10,000	0,000	0,224
40,375	21,916	18,756	13,176	13,187	0,000	9,000	0,000	0,165
40,900	21,875	18,735	13,178	13,160	0,000	9,000	0,000	0,273
40,463	21,883	18,738	13,176	13,168	0,000	9,000	0,000	0,108
40,059	21,869	18,721	13,157	13,133	0,000	9,000	0,000	0,352
40,224	21,874	18,777	13,176	13,159	0,000	9,000	0,000	0,266
39,955	21,858	18,769	13,183	13,181	0,000	9,000	0,000	0,029
39,855	21,848	18,736	13,162	13,131	0,000	10,000	0,000	0,527
39,973	21,825	18,752	13,175	13,151	0,000	9,000	0,000	0,359
40,009	21,829	18,770	13,189	13,171	0,000	9,000	0,000	0,273
40,029	21,822	18,776	13,212	13,182	0,000	9,000	0,000	0,460
40,436	21,813	18,731	13,145	13,160	0,000	9,000	0,000	0,237
40,540	21,786	18,735	13,161	13,163	0,000	9,000	0,000	0,029
40,093	21,775	18,765	13,169	13,146	0,000	10,000	0,000	0,391
39,887	21,785	18,742	13,159	13,149	0,000	9,000	0,000	0,151
40,354	21,765	18,748	13,187	13,169	0,000	9,000	0,000	0,273
40,342	21,751	18,747	13,185	13,154	0,000	9,000	0,000	0,474
40,868	21,757	18,749	13,177	13,156	0,000	9,000	0,000	0,323
40,819	21,754	18,752	13,178	13,157	0,000	9,000	0,000	0,309
40,716	21,738	18,731	13,146	13,145	0,000	10,000	0,000	0,016
41,970	21,708	18,762	13,183	13,138	0,000	9,000	0,000	0,675
41,773	21,723	18,759	13,181	13,136	0,000	9,000	0,000	0,675
41,105	21,681	18,736	13,178	13,146	0,000	9,000	0,000	0,481
40,712	21,681	18,749	13,134	13,136	0,000	9,000	0,000	0,022
40,391	21,684	18,743	13,164	13,137	0,000	10,000	0,000	0,455
40,145	21,650	18,713	13,165	13,128	0,000	9,000	0,000	0,553
40,268	21,663	18,772	13,155	13,146	0,000	9,000	0,000	0,137
40,307	21,646	18,735	13,158	13,122	0,000	9,000	0,000	0,539
40,267	21,642	18,741	13,154	13,172	0,000	9,000	0,000	0,273
40,229	21,642	18,751	13,176	13,142	0,000	9,000	0,000	0,517
40,201	21,668	18,769	13,197	13,168	0,000	10,000	0,000	0,495
40,178	21,653	18,773	13,161	13,160	0,000	9,000	0,000	0,014
40,310	21,599	18,750	13,148	13,135	0,000	9,000	0,000	0,187
41,452	21,606	18,747	13,176	13,151	0,000	9,000	0,000	0,388
41,467	21,601	18,763	13,159	13,144	0,000	9,000	0,000	0,216
41,620	21,606	18,765	13,182	13,143	0,000	10,000	0,000	0,639
41,402	21,559	18,737	13,175	13,123	0,000	9,000	0,000	0,790
41,065	21,593	18,768	13,184	13,180	0,000	9,000	0,000	0,050
40,874	21,558	18,733	13,152	13,112	0,000	9,000	0,000	0,604
40,715	21,555	18,740	13,167	13,149	0,000	9,000	0,000	0,273
40,662	21,555	18,775	13,191	13,155	0,000	9,000	0,000	0,539
40,714	21,518	18,750	13,160	13,137	0,000	10,000	0,000	0,383
40,730	21,512	18,753	13,157	13,162	0,000	9,000	0,000	0,072
41,019	21,518	18,763	13,154	13,138	0,000	9,000	0,000	0,237
41,689	21,535	18,770	13,177	13,144	0,000	9,000	0,000	0,496
41,744	21,491	18,748	13,133	13,129	0,000	9,000	0,000	0,065
41,852	21,457	18,719	13,133	13,133	0,000	9,000	0,000	0,007
41,649	21,496	18,755	13,149	13,155	0,000	10,000	0,000	0,104
41,720	21,478	18,743	13,138	13,132	0,000	9,000	0,000	0,086
41,316	21,433	18,719	13,165	13,099	0,000	9,000	0,000	0,992
41,293	21,441	18,756	13,160	13,128	0,000	9,000	0,000	0,481
41,259	21,456	18,744	13,156	13,138	0,000	9,000	0,000	0,266
41,288	21,430	18,731	13,161	13,122	0,000	10,000	0,000	0,647
41,254	21,425	18,735	13,148	13,106	0,000	9,000	0,000	0,625
41,546	21,406	18,702	13,129	13,117	0,000	9,000	0,000	0,172
41,826	21,399	18,732	13,135	13,115	0,000	9,000	0,000	0,309
41,981	21,402	18,733	13,155	13,120	0,000	9,000	0,000	0,532
41,499	21,365	18,722	13,145	13,119	0,000	9,000	0,000	0,395
41,424	21,403	18,746	13,189	13,159	0,000	10,000	0,000	0,503
41,368	21,367	18,742	13,174	13,146	0,000	9,000	0,000	0,417
41,382	21,343	18,731	13,154	13,139	0,000	9,000	0,000	0,223
41,413	21,360	18,756	13,150	13,128	0,000	9,000	0,000	0,331
41,525	21,358	18,766	13,177	13,130	0,000	9,000	0,000	0,711
41,502	21,376	18,766	13,182	13,158	0,000	10,000	0,000	0,415
41,512	21,311	18,732	13,134	13,117	0,000	9,000	0,000	0,259
41,567	21,312	18,747	13,167	13,139	0,000	9,000	0,000	0,431
41,605	21,305	18,727	13,128	13,125	0,000	9,000	0,000	0,043
41,626	21,275	18,758	13,144	13,134	0,000	9,000	0,000	0,151
41,613	21,266	18,717	13,140	13,111	0,000	9,000	0,000	0,424
41,703	21,241	18,727	13,139	13,125	0,000	10,000	0,000	0,232
41,701	21,249	18,701	13,121	13,115	0,000	9,000	0,000	0,079
41,672	21,232	18,722	13,122	13,123	0,000	9,000	0,000	0,014
41,717	21,238	18,724	13,140	13,108	0,000	9,000	0,000	0,481
41,802	21,228	18,712	13,125	13,129	0,000	9,000	0,000	0,065
41,941	21,236	18,710	13,128	13,111	0,000	9,000	0,000	0,266
41,976	21,254	18,747	13,187	13,150	0,000	10,000	0,000	0,615
42,053	21,214	18,735	13,163	13,142	0,000	9,000	0,000	0,316
42,134	21,211	18,737	13,149	13,123	0,000	9,000	0,000	0,402
42,132	21,205	18,736	13,144	13,139	0,000	9,000	0,000	0,072
42,242	21,187	18,722	13,146	13,117	0,000	10,000	0,000	0,479
42,252	21,187	18,693	13,133	13,098	0,000	9,000	0,000	0,532
43,384	21,183	18,758	13,172	13,150	0,000	9,000	0,000	0,338
44,382	21,165	18,720	13,140	13,109	0,000	9,000	0,000	0,467
43,876	21,175	18,736	13,148	13,145	0,000	9,000	0,000	0,043
43,411	21,124	18,670	13,095	13,086	0,000	10,000	0,000	0,152
43,747	21,130	18,719	13,148	13,120	0,000	9,000	0,000	0,424
43,309	21,135	18,743	13,152	13,133	0,000	9,000	0,000	0,295
43,022	21,119	18,723	13,147	13,141	0,000	9,000	0,000	0,101
42,811	21,128	18,740	13,142	13,133	0,000	9,000	0,000	0,129
43,368	21,104	18,718	13,137	13,109	0,000	9,000	0,000	0,431
42,945	21,097	18,718	13,136	13,123	0,000	9,000	0,000	0,201
42,718	21,139	18,743	13,186	13,159	0,000	10,000	0,000	0,463
42,942	21,078	18,715	13,147	13,111	0,000	9,000	0,000	0,539
43,732	21,094	18,740	13,157	13,118	0,000	9,000	0,000	0,582
42,920	21,084	18,720	13,166	13,139	0,000	9,000	0,000	0,410
43,185	21,075	18,710	13,159	13,126	0,000	9,000	0,000	0,489
43,948	21,046	18,704	13,125	13,109	0,000	10,000	0,000	0,279
44,061	21,033	18,723	13,141	13,113	0,000	9,000	0,000	0,431
43,439	21,070	18,752	13,176	13,138	0,000	9,000	0,000	0,575
43,246	21,021	18,690	13,142	13,118	0,000	9,000	0,000	0,359
43,341	21,033	18,734	13,175	13,139	0,000	9,000	0,000	0,546
43,252	20,998	18,696	13,145	13,117	0,000	9,000	0,000	0,424
43,187	21,021	18,722	13,172	13,142	0,000	10,000	0,000	0,503
43,215	20,982	18,697	13,160	13,131	0,000	9,000	0,000	0,438
43,549	20,999	18,721	13,142	13,111	0,000	9,000	0,000	0,474
43,537	20,988	18,737	13,173	13,169	0,000	9,000	0,000	0,057
43,134	20,969	18,721	13,160	13,122	0,000	9,000	0,000	0,575
43,053	20,963	18,728	13,162	13,129	0,000	10,000	0,000	0,559
43,085	20,952	18,690	13,153	13,105	0,000	9,000	0,000	0,726
43,094	20,937	18,701	13,179	13,132	0,000	9,000	0,000	0,704
43,111	20,929	18,688	13,147	13,115	0,000	9,000	0,000	0,474
43,104	20,943	18,702	13,156	13,135	0,000	9,000	0,000	0,302
43,172	20,943	18,718	13,138	13,133	0,000	9,000	0,000	0,079
43,326	20,924	18,690	13,145	13,144	0,000	10,000	0,000	0,016
43,321	20,890	18,689	13,143	13,109	0,000	9,000	0,000	0,503
43,531	20,925	18,719	13,186	13,134	0,000	9,000	0,000	0,776
43,447	20,912	18,709	13,168	13,127	0,000	9,000	0,000	0,611
43,435	20,894	18,721	13,176	13,138	0,000	9,000	0,000	0,575
43,424	20,871	18,688	13,152	13,130	0,000	10,000	0,000	0,367
43,492	20,882	18,693	13,178	13,146	0,000	9,000	0,000	0,474
44,195	20,884	18,690	13,172	13,110	0,000	9,000	0,000	0,941
44,275	20,866	18,710	13,189	13,151	0,000	9,000	0,000	0,568
44,133	20,870	18,683	13,187	13,148	0,000	9,000	0,000	0,582
44,155	20,818	18,690	13,142	13,139	0,000	10,000	0,000	0,048
43,966	20,847	18,697	13,195	13,161	0,000	9,000	0,000	0,524
43,869	20,844	18,692	13,214	13,155	0,000	9,000	0,000	0,884
43,870	20,825	18,692	13,192	13,152	0,000	9,000	0,000	0,596
43,823	20,854	18,719	13,233	13,187	0,000	9,000	0,000	0,690
45,101	20,807	18,696	13,188	13,160	0,000	9,000	0,000	0,424
44,317	20,784	18,678	13,196	13,119	0,000	10,000	0,000	1,293
44,307	20,803	18,679	13,195	13,140	0,000	9,000	0,000	0,826
44,659	20,777	18,670	13,190	13,169	0,000	9,000	0,000	0,330
44,789	20,794	18,710	13,220	13,165	0,000	9,000	0,000	0,819
44,611	20,769	18,694	13,215	13,171	0,000	9,000	0,000	0,668
44,119	20,754	18,689	13,204	13,155	0,000	10,000	0,000	0,806
43,899	20,755	18,676	13,211	13,165	0,000	9,000	0,000	0,690
43,934	20,759	18,690	13,229	13,184	0,000	9,000	0,000	0,683
44,044	20,758	18,671	13,238	13,169	0,000	9,000	0,000	1,042
44,139	20,741	18,657	13,199	13,177	0,000	9,000	0,000	0,323
44,262	20,734	18,681	13,233	13,176	0,000	9,000	0,000	0,848
44,256	20,687	18,659	13,191	13,166	0,000	10,000	0,000	0,407
44,219	20,741	18,689	13,246	13,186	0,000	9,000	0,000	0,905
44,232	20,701	18,677	13,227	13,164	0,000	9,000	0,000	0,963
44,287	20,724	18,687	13,246	13,199	0,000	9,000	0,000	0,697
44,341	20,678	18,669	13,221	13,159	0,000	10,000	0,000	1,030
44,297	20,699	18,682	13,239	13,174	0,000	9,000	0,000	0,970
44,332	20,669	18,674	13,225	13,174	0,000	9,000	0,000	0,769
44,728	20,682	18,674	13,244	13,195	0,000	9,000	0,000	0,747
44,852	20,651	18,681	13,227	13,188	0,000	9,000	0,000	0,596
44,807	20,664	18,681	13,272	13,185	0,000	10,000	0,000	1,445
45,358	20,679	18,692	13,257	13,210	0,000	9,000	0,000	0,704
45,914	20,633	18,690	13,239	13,188	0,000	9,000	0,000	0,776
45,422	20,644	18,670	13,231	13,185	0,000	9,000	0,000	0,683
45,777	20,618	18,660	13,241	13,181	0,000	9,000	0,000	0,898
45,772	20,624	18,665	13,242	13,192	0,000	10,000	0,000	0,838
45,172	20,649	18,671	13,273	13,198	0,000	9,000	0,000	1,128
44,816	20,618	18,685	13,266	13,187	0,000	9,000	0,000	1,193
45,580	20,609	18,673	13,270	13,200	0,000	9,000	0,000	1,056
45,764	20,602	18,658	13,268	13,207	0,000	9,000	0,000	0,912
45,374	20,618	18,668	13,292	13,226	0,000	10,000	0,000	1,102
45,187	20,584	18,664	13,274	13,211	0,000	9,000	0,000	0,948
44,841	20,550	18,653	13,266	13,201	0,000	9,000	0,000	0,984
44,704	20,568	18,693	13,295	13,223	0,000	9,000	0,000	1,092
44,771	20,585	18,690	13,281	13,248	0,000	9,000	0,000	0,496
44,887	20,537	18,653	13,273	13,236	0,000	10,000	0,000	0,615
45,008	20,551	18,657	13,277	13,215	0,000	9,000	0,000	0,941
45,186	20,556	18,676	13,304	13,236	0,000	9,000	0,000	1,027
45,280	20,526	18,654	13,311	13,225	0,000	9,000	0,000	1,293
45,207	20,550	18,658	13,278	13,226	0,000	9,000	0,000	0,783
45,314	20,510	18,630	13,277	13,208	0,000	10,000	0,000	1,150
45,346	20,489	18,660	13,310	13,224	0,000	9,000	0,000	1,293
45,360	20,519	18,663	13,313	13,239	0,000	9,000	0,000	1,114
45,338	20,538	18,675	13,347	13,292	0,000	9,000	0,000	0,841
45,231	20,496	18,647	13,319	13,237	0,000	9,000	0,000	1,243
46,389	20,496	18,667	13,294	13,233	0,000	9,000	0,000	0,920
46,672	20,470	18,662	13,315	13,256	0,000	10,000	0,000	0,990
47,385	20,458	18,660	13,314	13,241	0,000	9,000	0,000	1,099
46,761	20,469	18,649	13,314	13,249	0,000	9,000	0,000	0,977
46,346	20,438	18,646	13,293	13,242	0,000	9,000	0,000	0,769
45,822	20,464	18,664	13,333	13,269	0,000	9,000	0,000	0,963
45,847	20,458	18,641	13,329	13,257	0,000	9,000	0,000	1,092
45,810	20,437	18,607	13,329	13,248	0,000	9,000	0,000	1,221
45,811	20,448	18,655	13,347	13,256	0,000	10,000	0,000	1,525
46,230	20,433	18,646	13,351	13,263	0,000	9,000	0,000	1,322
46,629	20,420	18,665	13,360	13,270	0,000	9,000	0,000	1,358
46,180	20,435	18,630	13,356	13,278	0,000	9,000	0,000	1,178
46,652	20,400	18,648	13,345	13,267	0,000	8,000	0,000	1,035
47,451	20,415	18,657	13,349	13,286	0,000	9,000	0,000	0,948
47,159	20,418	18,673	13,390	13,290	0,000	9,000	0,000	1,509
46,740	20,387	18,634	13,346	13,280	0,000	9,000	0,000	0,991
46,557	20,410	18,629	13,376	13,285	0,000	9,000	0,000	1,379
46,212	20,377	18,635	13,349	13,246	0,000	9,000	0,000	1,545
46,307	20,368	18,629	13,336	13,285	0,000	9,000	0,000	0,762
46,621	20,393	18,631	13,385	13,301	0,000	9,000	0,000	1,264
46,606	20,371	18,676	13,392	13,316	0,000	9,000	0,000	1,142
46,533	20,381	18,647	13,385	13,309	0,000	9,000	0,000	1,149
47,140	20,352	18,671	13,394	13,299	0,000	9,000	0,000	1,437
46,865	20,339	18,624	13,398	13,294	0,000	9,000	0,000	1,573
46,698	20,363	18,654	13,390	13,333	0,000	9,000	0,000	0,848
46,503	20,339	18,624	13,373	13,297	0,000	9,000	0,000	1,149
46,439	20,362	18,653	13,410	13,316	0,000	9,000	0,000	1,415
47,831	20,340	18,624	13,407	13,308	0,000	8,000	0,000	1,335
47,957	20,341	18,641	13,410	13,308	0,000	9,000	0,000	1,545
47,561	20,323	18,631	13,412	13,333	0,000	9,000	0,000	1,178
47,312	20,296	18,602	13,397	13,329	0,000	9,000	0,000	1,013
46,710	20,308	18,611	13,398	13,331	0,000	9,000	0,000	1,013
47,108	20,295	18,615	13,424	13,322	0,000	9,000	0,000	1,537
48,042	20,294	18,614	13,418	13,333	0,000	9,000	0,000	1,272
47,705	20,264	18,614	13,411	13,323	0,000	9,000	0,000	1,329
47,435	20,279	18,607	13,437	13,357	0,000	9,000	0,000	1,207
47,251	20,295	18,626	13,450	13,351	0,000	9,000	0,000	1,501
47,049	20,254	18,612	13,444	13,337	0,000	8,000	0,000	1,430
46,868	20,288	18,654	13,444	13,383	0,000	9,000	0,000	0,920
46,616	20,242	18,628	13,420	13,345	0,000	9,000	0,000	1,121
46,553	20,260	18,640	13,454	13,385	0,000	9,000	0,000	1,042
46,724	20,231	18,585	13,411	13,356	0,000	9,000	0,000	0,826
46,670	20,246	18,652	13,456	13,379	0,000	9,000	0,000	1,157
46,862	20,253	18,645	13,458	13,388	0,000	9,000	0,000	1,049
47,867	20,256	18,622	13,457	13,369	0,000	9,000	0,000	1,329
47,715	20,229	18,629	13,457	13,354	0,000	9,000	0,000	1,545
47,444	20,225	18,615	13,465	13,355	0,000	8,000	0,000	1,462
47,283	20,209	18,627	13,466	13,379	0,000	9,000	0,000	1,315
47,217	20,208	18,624	13,470	13,391	0,000	9,000	0,000	1,192
47,305	20,221	18,621	13,483	13,398	0,000	9,000	0,000	1,279
47,210	20,194	18,620	13,481	13,390	0,000	9,000	0,000	1,372
47,252	20,223	18,628	13,483	13,399	0,000	9,000	0,000	1,264
47,263	20,187	18,641	13,469	13,397	0,000	9,000	0,000	1,085
47,330	20,170	18,617	13,482	13,394	0,000	9,000	0,000	1,322
47,496	20,166	18,619	13,490	13,391	0,000	9,000	0,000	1,487
48,356	20,186	18,618	13,496	13,416	0,000	8,000	0,000	1,073
48,724	20,149	18,601	13,458	13,390	0,000	9,000	0,000	1,034
48,451	20,164	18,631	13,494	13,419	0,000	9,000	0,000	1,135
48,241	20,182	18,631	13,521	13,434	0,000	9,000	0,000	1,307
48,211	20,158	18,614	13,502	13,421	0,000	9,000	0,000	1,228
48,606	20,174	18,626	13,518	13,435	0,000	9,000	0,000	1,250
48,670	20,115	18,593	13,468	13,397	0,000	9,000	0,000	1,070
48,104	20,117	18,623	13,508	13,451	0,000	9,000	0,000	0,855
47,935	20,125	18,584	13,496	13,413	0,000	8,000	0,000	1,117
47,756	20,122	18,604	13,471	13,419	0,000	9,000	0,000	0,790
47,709	20,129	18,647	13,532	13,474	0,000	9,000	0,000	0,862
47,616	20,114	18,570	13,501	13,416	0,000	9,000	0,000	1,279
47,640	20,107	18,638	13,523	13,457	0,000	9,000	0,000	0,998
47,629	20,108	18,617	13,521	13,465	0,000	9,000	0,000	0,833
47,604	20,085	18,601	13,522	13,434	0,000	9,000	0,000	1,336
48,042	20,084	18,596	13,513	13,435	0,000	9,000	0,000	1,178
48,738	20,077	18,612	13,546	13,474	0,000	9,000	0,000	1,085
48,570	20,070	18,618	13,533	13,456	0,000	8,000	0,000	1,034
47,982	20,031	18,555	13,522	13,428	0,000	9,000	0,000	1,415
48,329	20,066	18,588	13,520	13,464	0,000	9,000	0,000	0,855
48,812	20,055	18,595	13,543	13,460	0,000	9,000	0,000	1,250
48,793	20,058	18,608	13,533	13,466	0,000	9,000	0,000	1,006
48,980	20,048	18,566	13,504	13,444	0,000	9,000	0,000	0,898
48,828	20,009	18,617	13,538	13,480	0,000	9,000	0,000	0,884
48,611	20,035	18,606	13,548	13,471	0,000	9,000	0,000	1,171
48,368	20,001	18,571	13,542	13,447	0,000	9,000	0,000	1,422
48,289	20,001	18,558	13,532	13,434	0,000	8,000	0,000	1,303
48,250	20,004	18,571	13,517	13,456	0,000	9,000	0,000	0,927
48,222	19,998	18,573	13,533	13,480	0,000	9,000	0,000	0,790
48,258	20,032	18,605	13,579	13,498	0,000	9,000	0,000	1,221
48,253	19,997	18,584	13,544	13,473	0,000	9,000	0,000	1,070
48,293	19,975	18,559	13,542	13,454	0,000	9,000	0,000	1,315
48,326	19,989	18,598	13,563	13,484	0,000	9,000	0,000	1,178
48,263	19,974	18,578	13,577	13,479	0,000	9,000	0,000	1,480
48,361	19,979	18,602	13,575	13,502	0,000	8,000	0,000	0,977
48,308	19,952	18,590	13,560	13,477	0,000	9,000	0,000	1,250
48,390	19,966	18,577	13,575	13,497	0,000	9,000	0,000	1,178
49,097	19,967	18,606	13,611	13,507	0,000	9,000	0,000	1,566
49,882	19,971	18,584	13,572	13,488	0,000	9,000	0,000	1,264
49,076	19,923	18,571	13,588	13,502	0,000	9,000	0,000	1,300
49,046	19,932	18,574	13,577	13,490	0,000	9,000	0,000	1,315
48,877	19,951	18,559	13,580	13,506	0,000	8,000	0,000	0,990
48,924	19,942	18,602	13,597	13,524	0,000	9,000	0,000	1,106
48,863	19,952	18,579	13,601	13,497	0,000	9,000	0,000	1,559
48,786	19,945	18,583	13,618	13,524	0,000	9,000	0,000	1,408
48,737	19,939	18,588	13,598	13,521	0,000	9,000	0,000	1,156
48,695	19,910	18,580	13,563	13,496	0,000	9,000	0,000	1,013
48,706	19,913	18,561	13,575	13,516	0,000	9,000	0,000	0,884
48,828	19,914	18,573	13,596	13,512	0,000	8,000	0,000	1,117
48,869	19,933	18,579	13,607	13,537	0,000	9,000	0,000	1,056
48,891	19,912	18,577	13,572	13,533	0,000	9,000	0,000	0,575
48,988	19,870	18,534	13,568	13,489	0,000	9,000	0,000	1,200
49,149	19,915	18,578	13,628	13,552	0,000	9,000	0,000	1,156
49,255	19,890	18,561	13,577	13,527	0,000	9,000	0,000	0,747
49,343	19,868	18,555	13,602	13,517	0,000	9,000	0,000	1,279
49,324	19,845	18,537	13,581	13,497	0,000	8,000	0,000	1,124
49,622	19,855	18,547	13,586	13,507	0,000	9,000	0,000	1,185
49,501	19,858	18,557	13,586	13,530	0,000	9,000	0,000	0,840
49,469	19,842	18,571	13,596	13,545	0,000	9,000	0,000	0,761
49,273	19,866	18,562	13,634	13,558	0,000	9,000	0,000	1,142
49,233	19,861	18,559	13,591	13,530	0,000	9,000	0,000	0,919
49,264	19,852	18,567	13,611	13,571	0,000	9,000	0,000	0,589
49,284	19,877	18,579	13,638	13,546	0,000	9,000	0,000	1,393
49,300	19,854	18,575	13,647	13,573	0,000	8,000	0,000	0,990
49,309	19,825	18,533	13,615	13,519	0,000	9,000	0,000	1,451
49,335	19,809	18,565	13,637	13,579	0,000	9,000	0,000	0,869
49,917	19,821	18,559	13,644	13,561	0,000	9,000	0,000	1,257
50,740	19,815	18,557	13,604	13,570	0,000	9,000	0,000	0,510
50,459	19,837	18,582	13,628	13,582	0,000	9,000	0,000	0,704
50,167	19,811	18,516	13,624	13,538	0,000	9,000	0,000	1,300
50,573	19,795	18,561	13,652	13,583	0,000	9,000	0,000	1,041
50,449	19,787	18,569	13,619	13,542	0,000	8,000	0,000	1,041
50,148	19,745	18,526	13,598	13,531	0,000	9,000	0,000	1,006
50,253	19,771	18,538	13,636	13,570	0,000	9,000	0,000	0,991
49,986	19,774	18,540	13,608	13,545	0,000	9,000	0,000	0,948
49,881	19,736	18,536	13,605	13,531	0,000	9,000	0,000	1,121
49,796	19,762	18,528	13,621	13,556	0,000	9,000	0,000	0,977
49,738	19,796	18,564	13,648	13,579	0,000	9,000	0,000	1,042
49,731	19,750	18,564	13,629	13,556	0,000	9,000	0,000	1,106
49,782	19,755	18,516	13,622	13,564	0,000	9,000	0,000	0,876
49,788	19,757	18,527	13,620	13,572	0,000	9,000	0,000	0,725
49,813	19,748	18,524	13,619	13,575	0,000	9,000	0,000	0,661
49,833	19,761	18,567	13,668	13,607	0,000	9,000	0,000	0,919
50,041	19,747	18,541	13,646	13,597	0,000	9,000	0,000	0,740
50,584	19,744	18,557	13,644	13,586	0,000	9,000	0,000	0,869
50,760	19,737	18,553	13,643	13,571	0,000	9,000	0,000	1,077
50,226	19,731	18,537	13,636	13,575	0,000	9,000	0,000	0,912
50,323	19,700	18,498	13,633	13,561	0,000	9,000	0,000	1,085
50,439	19,699	18,525	13,624	13,545	0,000	9,000	0,000	1,185
50,321	19,700	18,534	13,628	13,556	0,000	9,000	0,000	1,077
50,945	19,714	18,542	13,636	13,573	0,000	9,000	0,000	0,948
52,676	19,744	18,567	13,673	13,600	0,000	9,000	0,000	1,092
52,043	19,715	18,539	13,632	13,584	0,000	9,000	0,000	0,725
51,605	19,682	18,525	13,652	13,562	0,000	9,000	0,000	1,358
51,511	19,676	18,492	13,637	13,574	0,000	9,000	0,000	0,955
51,413	19,682	18,533	13,630	13,584	0,000	9,000	0,000	0,704
51,141	19,671	18,498	13,616	13,561	0,000	9,000	0,000	0,819
50,757	19,694	18,558	13,652	13,579	0,000	9,000	0,000	1,099
50,694	19,676	18,535	13,647	13,555	0,000	9,000	0,000	1,393
50,554	19,686	18,547	13,658	13,602	0,000	9,000	0,000	0,848
50,978	19,685	18,533	13,632	13,587	0,000	9,000	0,000	0,668
51,487	19,620	18,516	13,600	13,521	0,000	10,000	0,000	1,309
50,852	19,669	18,532	13,641	13,596	0,000	9,000	0,000	0,668
50,747	19,683	18,562	13,683	13,615	0,000	9,000	0,000	1,013
50,834	19,647	18,517	13,667	13,594	0,000	9,000	0,000	1,092
50,779	19,623	18,523	13,657	13,577	0,000	9,000	0,000	1,214
50,753	19,629	18,518	13,633	13,571	0,000	9,000	0,000	0,934
51,709	19,621	18,512	13,624	13,584	0,000	9,000	0,000	0,603
51,200	19,629	18,507	13,619	13,577	0,000	9,000	0,000	0,639
50,873	19,663	18,541	13,644	13,605	0,000	9,000	0,000	0,582
50,844	19,620	18,515	13,617	13,569	0,000	9,000	0,000	0,718
50,832	19,624	18,509	13,626	13,574	0,000	9,000	0,000	0,783
51,788	19,629	18,499	13,620	13,577	0,000	9,000	0,000	0,646
51,897	19,619	18,552	13,636	13,576	0,000	9,000	0,000	0,905
51,987	19,598	18,489	13,643	13,556	0,000	9,000	0,000	1,307
51,238	19,621	18,511	13,638	13,570	0,000	9,000	0,000	1,034
51,138	19,610	18,515	13,627	13,589	0,000	9,000	0,000	0,575
51,112	19,592	18,496	13,608	13,585	0,000	9,000	0,000	0,352
51,055	19,592	18,489	13,611	13,569	0,000	9,000	0,000	0,639
51,058	19,648	18,530	13,643	13,612	0,000	9,000	0,000	0,474
51,163	19,598	18,520	13,640	13,574	0,000	9,000	0,000	0,991
51,404	19,591	18,530	13,618	13,582	0,000	9,000	0,000	0,539
51,495	19,593	18,527	13,623	13,583	0,000	9,000	0,000	0,603
52,353	19,585	18,528	13,622	13,595	0,000	9,000	0,000	0,409
52,648	19,564	18,517	13,620	13,569	0,000	9,000	0,000	0,761
52,328	19,576	18,510	13,635	13,615	0,000	9,000	0,000	0,294
52,218	19,559	18,518	13,637	13,586	0,000	9,000	0,000	0,761
52,210	19,583	18,515	13,648	13,591	0,000	9,000	0,000	0,862
51,872	19,552	18,491	13,589	13,569	0,000	9,000	0,000	0,309
51,927	19,558	18,524	13,629	13,581	0,000	9,000	0,000	0,711
52,003	19,564	18,501	13,643	13,576	0,000	9,000	0,000	1,013
51,987	19,559	18,542	13,624	13,604	0,000	9,000	0,000	0,302
51,924	19,568	18,523	13,655	13,603	0,000	9,000	0,000	0,783
51,766	19,521	18,516	13,619	13,577	0,000	9,000	0,000	0,632
51,942	19,558	18,536	13,628	13,594	0,000	9,000	0,000	0,503
51,907	19,544	18,502	13,611	13,577	0,000	9,000	0,000	0,503
51,883	19,513	18,509	13,605	13,584	0,000	9,000	0,000	0,309
51,793	19,522	18,488	13,591	13,590	0,000	9,000	0,000	0,022
52,539	19,503	18,477	13,587	13,550	0,000	9,000	0,000	0,567
52,957	19,538	18,505	13,619	13,562	0,000	10,000	0,000	0,950
52,463	19,540	18,526	13,600	13,603	0,000	9,000	0,000	0,036
52,383	19,527	18,512	13,598	13,575	0,000	9,000	0,000	0,338
51,997	19,541	18,539	13,603	13,569	0,000	8,000	0,000	0,453
52,495	19,502	18,518	13,589	13,585	0,000	10,000	0,000	0,072
53,510	19,518	18,498	13,602	13,585	0,000	9,000	0,000	0,244
53,090	19,484	18,506	13,586	13,543	0,000	9,000	0,000	0,646
53,203	19,508	18,478	13,581	13,543	0,000	9,000	0,000	0,575
52,813	19,498	18,497	13,579	13,535	0,000	9,000	0,000	0,661
53,082	19,464	18,463	13,580	13,569	0,000	9,000	0,000	0,165
52,907	19,494	18,488	13,571	13,543	0,000	9,000	0,000	0,424
52,787	19,489	18,508	13,574	13,551	0,000	9,000	0,000	0,345
53,352	19,493	18,513	13,594	13,577	0,000	9,000	0,000	0,259
53,280	19,490	18,484	13,568	13,546	0,000	9,000	0,000	0,323
53,692	19,482	18,510	13,594	13,568	0,000	9,000	0,000	0,381
53,462	19,468	18,491	13,560	13,530	0,000	9,000	0,000	0,438
53,194	19,484	18,530	13,605	13,560	0,000	9,000	0,000	0,668
53,009	19,475	18,500	13,582	13,560	0,000	9,000	0,000	0,323
53,217	19,499	18,479	13,581	13,548	0,000	9,000	0,000	0,503
53,175	19,466	18,477	13,572	13,528	0,000	9,000	0,000	0,668
52,917	19,463	18,503	13,600	13,542	0,000	9,000	0,000	0,884
52,924	19,448	18,481	13,580	13,525	0,000	9,000	0,000	0,840
52,756	19,435	18,487	13,532	13,526	0,000	9,000	0,000	0,093
52,913	19,451	18,512	13,568	13,539	0,000	9,000	0,000	0,438
52,953	19,454	18,507	13,573	13,527	0,000	9,000	0,000	0,697
53,120	19,423	18,501	13,533	13,535	0,000	9,000	0,000	0,029
52,860	19,414	18,498	13,560	13,522	0,000	9,000	0,000	0,582
52,883	19,416	18,473	13,543	13,522	0,000	9,000	0,000	0,309
52,929	19,433	18,499	13,557	13,554	0,000	9,000	0,000	0,043
52,951	19,438	18,509	13,559	13,526	0,000	9,000	0,000	0,503
52,982	19,450	18,489	13,535	13,516	0,000	9,000	0,000	0,295
53,715	19,439	18,486	13,556	13,522	0,000	9,000	0,000	0,517
54,408	19,408	18,474	13,507	13,506	0,000	9,000	0,000	0,014
53,914	19,407	18,484	13,528	13,507	0,000	9,000	0,000	0,309
53,160	19,430	18,486	13,539	13,523	0,000	9,000	0,000	0,251
53,060	19,413	18,494	13,533	13,495	0,000	9,000	0,000	0,567
54,034	19,426	18,488	13,500	13,512	0,000	9,000	0,000	0,194
53,260	19,418	18,502	13,556	13,525	0,000	9,000	0,000	0,460
53,183	19,404	18,487	13,506	13,500	0,000	9,000	0,000	0,093
53,185	19,417	18,496	13,526	13,492	0,000	9,000	0,000	0,510
53,359	19,391	18,473	13,500	13,491	0,000	9,000	0,000	0,129
53,799	19,381	18,478	13,497	13,483	0,000	9,000	0,000	0,208
53,564	19,418	18,504	13,526	13,499	0,000	9,000	0,000	0,409
53,331	19,385	18,465	13,503	13,484	0,000	9,000	0,000	0,273
53,328	19,391	18,490	13,500	13,480	0,000	9,000	0,000	0,309
53,530	19,382	18,465	13,504	13,466	0,000	9,000	0,000	0,582
54,888	19,372	18,457	13,482	13,456	0,000	10,000	0,000	0,439
53,785	19,367	18,492	13,489	13,458	0,000	9,000	0,000	0,474
54,236	19,396	18,496	13,491	13,491	0,000	9,000	0,000	0,007
54,479	19,367	18,468	13,473	13,446	0,000	9,000	0,000	0,402
54,418	19,404	18,484	13,487	13,486	0,000	9,000	0,000	0,014
54,469	19,371	18,480	13,466	13,478	0,000	9,000	0,000	0,180
54,095	19,368	18,467	13,489	13,489	0,000	9,000	0,000	0,007
53,919	19,361	18,471	13,488	13,463	0,000	9,000	0,000	0,381
53,962	19,366	18,459	13,441	13,439	0,000	9,000	0,000	0,029
54,066	19,366	18,494	13,490	13,478	0,000	9,000	0,000	0,180
53,731	19,341	18,452	13,455	13,448	0,000	9,000	0,000	0,101
53,731	19,355	18,489	13,452	13,460	0,000	8,000	0,000	0,102
54,014	19,317	18,468	13,453	13,430	0,000	10,000	0,000	0,383
53,834	19,354	18,479	13,464	13,472	0,000	9,000	0,000	0,122
55,027	19,344	18,446	13,437	13,414	0,000	9,000	0,000	0,345
55,142	19,350	18,458	13,454	13,444	0,000	9,000	0,000	0,144
54,992	19,325	18,463	13,453	13,449	0,000	9,000	0,000	0,065
54,457	19,350	18,489	13,451	13,438	0,000	9,000	0,000	0,208
54,322	19,352	18,468	13,450	13,439	0,000	9,000	0,000	0,165
54,159	19,312	18,468	13,457	13,438	0,000	9,000	0,000	0,295
54,104	19,324	18,454	13,428	13,401	0,000	9,000	0,000	0,409
54,106	19,325	18,481	13,466	13,429	0,000	9,000	0,000	0,546
54,767	19,310	18,474	13,434	13,417	0,000	9,000	0,000	0,266
55,516	19,313	18,449	13,439	13,416	0,000	9,000	0,000	0,345
55,679	19,312	18,460	13,435	13,415	0,000	9,000	0,000	0,302
55,046	19,314	18,472	13,454	13,431	0,000	9,000	0,000	0,352
54,465	19,338	18,460	13,447	13,402	0,000	9,000	0,000	0,675
54,261	19,282	18,466	13,432	13,403	0,000	9,000	0,000	0,431
54,690	19,287	18,465	13,420	13,412	0,000	9,000	0,000	0,122
54,856	19,287	18,462	13,398	13,408	0,000	9,000	0,000	0,151
55,230	19,324	18,467	13,440	13,401	0,000	9,000	0,000	0,589
